979 363 2
789 975 2
685 236 2
685 883 1

50 261 2
379 47 0
144 275 0
581 342 1

40 2 30
638 939 0
736 270 16
154 59 41
952 744 30
673 782 15
732 184 27
439 564 24
953 60 1
630 993 45
124 33 49
205 24 38
257 760 11
417 867 17
749 540 49
964 625 35
793 416 1
669 370 11
173 352 7
18 476 40
218 33 14
708 643 27
469 668 41
642 85 10
559 186 3
610 503 28
845 296 44
560 491 20
117 861 49
708 431 34
674 140 27
401 961 46
395 603 33
255 162 20
360 772 23
90 970 21
885 967 41
753 527 34
974 997 46
809 731 19
887 485 33
985 232 36
168 839 1
890 200 25
989 527 14
215 607 41
