860 929 1
430 248 2
465 620 2
453 325 2

271 314 2
927 296 2
473 788 0
148 111 2

646 683 49
752 8 20
126 220 1
618 2 1
673 468 21
488 896 13
853 175 12
665 648 0
468 148 11
573 794 44
974 546 4
746 25 26
799 643 28
101 317 48
22 938 23
621 426 19
535 280 44
799 117 43
612 42 39
108 17 36
964 115 13
40 915 6
118 16 25
369 38 13
892 12 42
664 899 24
610 348 21
205 499 40
300 111 33
189 219 2
977 535 17
790 575 34
599 45 0
724 766 41
140 659 3
982 675 4
579 490 1
806 684 33
578 804 45
612 403 42
15 479 9
808 971 18
261 953 45
317 761 30
369 692 23
920 216 15
934 22 1
519 481 15
639 411 19
334 375 24
426 390 5
637 198 27
52 128 46
883 849 40
908 121 6
75 55 29
927 926 12
792 565 25
813 251 0
237 30 43
844 667 43
71 175 5
956 227 35
954 462 37
644 370 8
903 446 14
832 725 42
946 517 8
471 682 11
371 271 43
14 115 11
208 539 38
565 847 17
402 801 30
