424 982 2
332 791 0
451 584 1
324 795 1

684 829 1
555 126 2
796 148 2
146 441 0

311 574 22
615 857 12
575 282 46
346 614 38
517 65 24
613 742 20
28 333 25
682 481 25
878 627 17
808 291 43
981 906 0
395 833 32
144 180 49
684 697 16
808 310 8
728 369 36
830 749 22
57 432 3
433 310 33
602 470 24
297 199 16
532 343 46
381 27 45
999 835 8
8 916 27
794 746 27
618 803 9
572 236 21
505 190 43
81 887 47
879 69 43
625 801 9
833 809 25
89 574 27
200 498 15
621 3 6
217 84 45
264 0 30
214 879 1
507 959 3
179 584 5
38 769 16
166 531 24
39 621 1
68 821 49
494 12 41
189 628 41
422 842 21
723 349 32
179 880 18
436 270 37
502 788 20
229 828 41
530 248 15
681 286 12
836 780 26
428 322 4
19 744 48
842 819 49
