488 830 2
587 727 0
241 72 2
940 268 1
717 702 0

882 713 1
878 754 0
347 631 0
520 240 0
383 123 2

228 964 40
779 903 17
401 496 39
996 858 14
32 92 28
449 970 32
189 317 13
477 189 5
835 925 30
993 505 44
333 284 49
752 38 46
243 904 34
3 252 42
818 284 37
628 275 25
750 940 41
730 285 48
27 970 33
226 722 23
274 965 29
111 969 32
805 787 18
592 485 4
350 465 29
777 358 33
287 190 10
685 569 30
720 148 4
145 422 20
475 533 39
57 339 28
275 931 13
931 633 28
862 410 38
898 156 48
873 443 40
486 480 10
68 553 8
373 698 32
643 173 16
234 230 7
964 858 40
827 141 24
507 4 36
897 902 42
747 127 37
787 613 20
859 407 21
392 402 45
810 988 27
919 952 37
959 131 29
985 990 33
774 887 37
718 986 14
106 773 28
326 875 12
99 734 21
922 126 23
567 288 11
795 207 15
584 519 46
163 504 36
746 630 25
583 349 11
900 455 36
478 133 11
442 584 48
813 506 24
586 426 15
699 573 22
764 157 41
498 419 28
275 355 27
38 255 34
574 85 19
338 527 3
836 340 12
812 278 40
77 977 13
893 53 43
741 903 13
220 530 18
47 568 25
682 142 10
801 832 39
771 833 7
111 910 36
376 812 29
446 706 34
190 799 37
