34 301 2
116 108 1
739 150 0
278 838 2
253 754 1
762 896 0
247 639 2
368 379 0

320 857 0
548 225 2
907 259 2
470 375 1
410 466 2
685 97 2
967 702 1
825 817 0

617 64 47
593 432 26
848 653 8
51 560 17
556 382 44
521 793 13
636 830 10
589 797 14
648 622 31
229 271 35
413 119 38
173 523 48
193 431 33
152 940 6
179 529 27
606 388 4
637 970 28
772 383 49
561 908 22
261 101 5
572 545 1
278 360 32
133 891 14
384 210 40
991 847 10
869 971 45
218 532 5
443 146 9
98 842 2
794 179 0
808 494 4
659 878 14
813 738 34
110 309 19
316 752 15
975 202 9
27 612 24
976 626 20
638 420 1
190 580 45
994 591 23
360 195 45
573 8 33
179 435 46
394 762 1
155 789 13
980 117 41
850 755 11
603 946 43
498 292 37
623 653 32
618 226 40
704 336 11
98 515 48
597 261 10
298 417 1
963 397 19
318 202 22
314 52 15
