771 529 1
830 644 0
689 218 0
45 197 1
376 797 2

43 735 1
611 157 2
43 378 1
56 798 1
144 869 0

274 993 19
467 823 13
212 864 31
119 261 28
177 637 25
962 32 12
551 643 21
417 39 0
273 95 0
460 591 22
150 217 15
369 36 40
585 600 4
666 719 17
297 897 4
724 859 38
887 763 31
910 180 22
960 453 17
513 265 10
935 767 27
350 137 15
292 722 15
165 389 32
221 114 43
309 353 8
392 263 40
515 576 44
84 89 11
245 24 29
974 726 18
740 18 42
457 468 34
542 633 24
876 854 38
422 163 41
571 70 32
217 507 21
128 752 47
159 78 25
921 628 13
256 522 46
980 399 0
170 173 15
713 903 23
519 474 43
254 691 0
925 683 35
202 363 7
498 636 37
261 244 10
658 576 11
260 746 34
699 331 14
794 937 7
397 14 31
103 291 15
240 494 30
548 992 16
835 253 13
645 263 39
558 524 36
292 902 49
282 953 30
98 99 17
605 496 34
637 952 25
134 740 13
552 928 19
215 925 32
145 128 10
294 762 15
544 818 13
680 455 17
677 997 2
943 549 30
462 117 6
244 924 42
