192 572 2
523 286 1
925 688 0
164 94 1
434 309 1
34 518 0
157 730 0
468 239 2

441 819 2
824 551 1
200 743 0
548 618 0
471 896 2
822 60 0
3 494 0
462 880 2

959 389 24
952 858 13
158 651 32
419 475 33
285 27 26
503 398 43
619 572 3
181 927 49
53 741 30
33 163 30
915 935 7
700 220 37
877 647 14
419 473 39
522 6 17
471 411 8
653 558 11
654 562 30
87 829 15
994 530 37
633 759 36
54 76 19
134 201 39
745 426 19
362 432 31
494 519 13
209 866 43
626 216 41
239 623 19
210 198 18
593 332 21
387 934 1
600 495 19
695 343 19
197 829 20
186 807 39
729 46 12
348 256 10
219 850 45
290 384 23
140 388 15
774 128 1
947 424 41
466 973 22
388 160 29
641 942 33
602 161 35
247 451 22
322 943 12
837 717 40
638 645 21
286 592 47
277 410 20
801 798 32
780 326 24
157 967 16
142 921 29
330 520 32
254 194 26
566 31 45
359 21 42
232 307 36
529 936 46
799 737 47
934 869 25
958 26 44
276 521 18
107 203 38
389 457 35
967 375 16
615 734 40
907 966 47
496 495 34
494 647 23
291 581 43
118 891 21
