119 989 1
471 353 2
949 699 1
990 871 0
595 292 0
845 655 2
17 367 1
832 65 2

106 167 1
783 942 2
989 414 0
584 885 0
786 186 2
109 528 2
144 123 0
617 321 1

756 690 6
882 522 21
623 980 38
348 763 33
380 689 32
510 936 49
648 432 24
430 49 47
219 805 37
375 40 9
597 663 40
337 364 5
20 234 10
117 614 49
451 210 28
972 73 14
373 73 46
249 503 46
447 722 3
334 97 45
96 46 9
838 384 23
343 756 9
305 874 25
434 1 11
848 374 34
47 976 39
295 423 13
700 109 12
607 43 45
80 739 1
516 705 5
765 340 31
499 739 9
440 34 32
103 734 41
216 232 49
375 839 44
270 919 35
273 762 34
151 279 39
706 383 28
262 149 20
545 0 9
804 441 45
838 544 30
982 760 14
331 487 4
427 109 25
263 383 38
847 534 17
488 592 0
916 854 49
389 752 2
