598 728 1
238 240 1
39 443 1
483 865 1

943 564 1
892 214 0
176 27 0
482 205 2

64 28 49
587 204 37
796 802 15
588 392 7
315 431 1
18 267 18
331 210 34
462 102 49
870 631 26
66 113 33
537 177 13
936 117 19
173 913 23
491 501 15
400 169 49
401 187 18
971 871 28
106 333 32
183 621 29
469 510 8
782 798 25
652 323 38
675 166 42
443 567 13
994 320 0
812 292 21
192 750 6
674 205 11
140 740 34
719 209 44
179 992 44
405 996 18
895 23 34
239 818 1
752 812 22
453 976 16
376 168 16
985 195 23
796 335 13
933 406 23
227 585 17
24 990 13
792 238 38
726 477 7
580 230 21
754 35 48
220 763 16
788 748 11
561 897 48
426 182 4
149 761 40
568 785 32
422 304 0
679 236 32
100 990 17
850 562 30
