614 336 2
402 693 2
278 76 0
525 612 0
821 532 0
929 206 1
399 540 1
688 32 0

65 155 0
902 890 2
952 856 1
295 258 0
396 537 0
548 414 1
796 587 0
128 868 2

957 267 34
63 308 17
350 725 24
702 932 22
168 579 31
679 975 20
618 876 34
170 672 22
607 800 40
703 875 43
777 448 23
93 502 5
48 53 11
455 194 11
129 801 12
481 187 49
599 890 26
795 667 26
970 760 28
77 377 1
763 426 4
776 146 28
666 601 25
941 754 29
765 235 18
690 334 25
297 733 15
550 848 41
856 976 39
835 642 43
360 870 25
38 811 29
120 929 17
388 43 6
899 86 40
76 504 48
681 703 31
13 747 0
206 459 22
215 969 14
832 710 10
340 609 48
830 685 4
911 732 13
694 506 25
776 264 31
211 480 2
928 664 12
238 187 9
292 868 12
500 779 45
116 474 3
291 928 25
299 560 22
882 123 4
435 51 19
49 91 24
273 329 13
846 474 13
243 942 37
147 234 17
274 152 49
832 451 11
655 686 34
309 473 36
980 522 29
656 147 9
520 681 33
251 528 9
114 771 2
803 270 38
821 729 45
782 736 31
219 398 4
355 378 29
547 555 10
430 158 38
492 273 11
828 374 10
725 509 47
957 728 45
13 435 23
944 721 10
23 269 17
783 51 26
834 391 29
868 829 32
799 657 7
460 735 16
857 44 46
4 57 31
529 354 2
90 377 21
557 160 23
183 583 18
786 769 12
818 990 41
9 601 36
