995 961 2
157 902 0
305 634 0
621 95 1
478 51 2
521 512 1

736 54 1
227 377 0
201 351 0
829 207 2
941 554 1
126 63 1

624 368 0
674 341 48
459 172 1
95 693 13
376 781 17
74 8 47
271 561 0
793 742 7
944 683 13
408 809 26
774 434 46
127 460 39
575 919 11
426 367 5
790 743 36
559 817 47
706 440 8
556 585 3
928 937 48
306 64 34
404 191 44
844 766 15
455 544 32
760 686 27
199 246 46
646 952 36
6 861 24
109 826 3
896 107 43
930 818 48
476 662 16
941 469 10
126 230 47
405 429 45
502 427 49
390 433 10
864 543 37
220 791 46
513 987 9
870 269 29
770 745 43
436 686 13
998 164 45
247 570 26
742 424 3
542 166 36
41 603 22
987 468 11
699 338 30
228 108 25
489 894 28
84 142 0
460 884 24
615 778 43
851 333 26
335 726 31
609 714 49
871 765 39
753 345 49
29 469 45
