582 682 1
504 16 1
849 58 0
808 215 1

140 188 1
106 787 0
798 618 2
959 968 1

38 525 21
500 316 3
481 898 37
946 754 4
628 956 14
248 256 20
194 363 9
849 513 28
260 472 48
973 510 23
894 363 39
987 142 44
243 123 2
557 604 16
439 205 23
861 399 38
70 248 1
898 860 23
46 834 35
72 80 48
413 180 45
653 519 37
0 762 12
302 671 17
721 110 22
396 971 21
434 42 22
985 292 32
360 691 16
597 763 49
643 182 0
582 534 14
645 836 35
312 557 48
536 953 21
807 739 15
679 76 8
764 788 1
682 386 16
681 584 44
212 227 26
614 809 12
778 454 49
966 118 8
264 654 14
885 814 3
901 845 32
561 609 20
264 292 6
730 325 42
724 538 19
253 504 31
315 283 35
566 249 6
727 865 12
46 355 24
680 916 35
751 180 29
559 262 5
952 339 45
704 611 34
292 530 33
998 257 0
710 450 3
589 496 8
313 177 27
998 280 9
680 191 22
335 143 13
880 419 7
281 123 20
966 767 0
251 765 7
402 828 7
655 769 6
615 434 35
492 784 15
902 464 6
926 799 2
289 31 21
948 665 46
