582 179 0
643 118 0
341 4 1
500 813 2
537 204 0
756 532 0
579 920 1

119 933 0
33 838 1
912 14 0
455 597 1
896 592 0
828 933 0
983 786 2

733 323 20
729 432 5
131 11 25
387 482 10
99 867 0
767 132 14
463 939 11
339 835 3
685 15 37
387 351 25
903 84 48
581 297 44
458 36 28
268 487 48
268 606 30
634 422 19
246 761 7
801 798 24
290 185 25
565 441 9
516 417 25
898 350 24
644 808 12
873 428 49
253 682 29
124 280 42
183 82 40
258 372 28
35 290 19
572 704 38
248 349 48
960 222 26
511 895 24
668 500 8
248 976 39
940 160 21
431 770 45
811 805 35
632 702 41
870 274 46
558 834 19
86 345 16
662 14 18
920 262 44
432 337 24
778 148 32
765 132 34
207 2 11
705 164 35
552 74 20
289 174 29
457 95 43
258 691 37
684 821 36
851 145 23
412 850 39
847 402 14
117 375 26
85 16 1
66 473 48
310 427 6
460 685 49
947 369 20
935 638 9
56 489 4
170 452 9
236 922 37
463 7 3
216 73 27
416 735 6
672 495 12
903 190 41
958 721 46
215 244 49
874 832 21
261 647 30
665 863 3
894 279 39
902 154 36
9 172 16
62 76 6
955 386 30
102 601 26
53 475 8
926 89 6
806 106 21
111 352 3
152 254 7
389 849 35
824 858 9
690 920 37
