344 160 1
710 894 0
92 83 0
238 64 2

350 933 1
824 218 0
340 476 1
637 541 1

287 640 20
842 150 22
905 495 34
999 205 28
337 297 13
634 887 29
397 590 15
624 766 33
835 106 10
599 744 3
174 383 45
744 225 45
966 483 40
700 834 46
680 171 45
95 805 35
575 554 25
675 366 0
487 965 46
840 140 29
185 236 5
671 255 24
219 288 46
417 735 3
502 310 8
529 2 39
322 30 5
222 517 23
218 358 15
950 895 1
907 576 6
347 600 14
621 171 4
419 588 39
533 323 6
574 646 36
981 220 4
354 791 14
571 741 11
673 648 38
681 347 40
297 968 11
201 740 2
193 115 44
847 0 20
503 574 16
190 907 38
746 262 31
12 833 22
173 858 22
263 892 19
519 743 32
917 135 49
837 638 25
755 180 32
246 926 44
527 290 30
550 464 40
924 79 32
294 385 22
118 577 5
367 846 40
616 684 28
