525 272 2
751 288 2
318 927 1
946 660 2
174 202 0
970 763 0

353 911 2
695 11 0
796 112 1
105 84 1
695 962 2
615 65 2

293 735 17
455 681 29
598 178 47
406 531 10
317 578 21
970 375 36
160 832 22
287 528 36
39 495 3
79 788 38
46 595 22
26 798 29
560 396 7
121 472 19
693 442 46
81 954 29
553 594 7
692 633 2
895 712 42
158 488 37
337 400 35
47 609 40
640 731 12
459 776 6
737 762 7
996 454 40
750 702 4
644 888 14
772 735 5
12 586 26
821 944 33
293 29 4
635 131 6
689 127 44
205 612 42
210 384 29
968 191 14
335 541 38
785 906 24
11 727 20
446 663 3
999 591 17
651 837 6
995 400 42
75 368 34
289 703 27
629 488 33
556 851 12
426 297 25
682 292 31
966 292 22
86 349 4
980 1 42
839 996 42
81 423 12
867 64 15
547 694 5
132 602 6
445 28 5
420 62 47
704 381 39
226 467 39
733 447 42
725 638 40
469 72 14
748 838 24
613 768 7
768 540 19
307 823 17
396 556 17
838 633 7
980 102 31
194 683 23
825 783 13
149 538 36
76 151 6
456 486 43
207 793 16
776 541 24
145 379 9
505 360 11
936 906 46
11 731 29
925 233 19
513 661 20
870 396 41
119 852 30
612 411 23
281 540 15
857 685 46
