825 666 1
171 440 0
173 29 0
126 986 2
445 424 1

53 254 0
899 472 2
181 287 1
869 750 0
311 793 1

107 618 7
930 141 48
692 314 27
822 793 13
932 590 39
477 643 43
490 894 18
93 427 7
243 608 4
132 715 24
39 998 16
739 42 32
116 864 25
831 148 15
323 625 10
68 467 6
286 561 34
495 104 31
454 347 41
558 831 6
633 870 6
201 962 48
83 430 15
759 614 13
376 937 39
989 5 6
495 644 19
429 491 23
12 298 22
203 856 3
462 841 26
718 42 38
17 478 20
532 589 34
195 965 21
836 954 29
945 802 25
614 583 16
740 596 14
564 799 23
746 332 11
586 349 39
856 233 28
741 780 43
