461 730 2
128 216 0
222 230 0
578 613 0
901 537 2
383 706 0
944 793 1
146 820 1
386 294 2

59 64 1
831 878 2
879 6 0
936 580 2
750 159 1
607 412 2
992 795 1
876 739 2
160 238 2

245 624 13
723 218 7
535 95 20
534 87 17
888 964 7
387 476 45
671 533 7
701 256 27
608 326 27
874 311 14
721 440 0
200 861 35
118 102 1
374 900 4
245 923 37
504 976 45
261 811 37
575 884 27
276 867 17
613 985 19
267 464 11
397 838 13
953 436 36
42 292 13
739 626 0
763 888 13
450 463 48
735 469 30
403 83 18
524 702 34
487 451 23
350 404 11
489 798 3
604 537 30
656 301 18
519 103 33
619 33 27
682 768 46
965 523 31
585 48 33
669 535 34
944 238 40
655 727 38
659 683 28
641 691 29
511 210 34
371 864 38
368 181 11
285 436 45
221 380 35
52 399 47
761 903 0
546 747 30
363 471 47
653 839 28
115 342 45
21 201 15
656 763 3
370 815 4
559 9 47
210 555 47
42 271 18
739 924 9
970 39 1
615 16 31
400 389 32
565 46 45
775 240 10
472 799 22
71 361 27
418 404 0
236 495 25
