390 70 2
333 812 1
55 102 2
482 694 2
611 208 1
660 40 0
771 575 0
647 921 1

13 213 0
7 37 2
746 780 1
157 113 2
273 169 2
424 3 1
321 615 2
98 627 2

536 399 29
593 398 1
823 411 16
766 419 3
985 517 35
432 299 20
294 749 40
456 847 18
10 736 19
140 681 17
191 856 28
159 623 49
164 960 18
950 939 44
201 372 45
621 416 21
396 710 22
139 518 19
157 528 7
278 668 38
445 211 45
375 370 20
77 887 30
540 38 44
787 11 10
758 407 22
830 898 40
102 407 18
502 130 0
47 858 23
919 935 10
399 582 47
227 20 7
201 203 6
403 620 33
303 19 41
926 290 28
788 690 11
487 213 33
224 881 45
324 460 18
832 14 23
590 707 30
755 69 0
606 472 23
940 128 44
483 406 35
962 195 27
23 682 40
558 907 23
174 415 0
547 357 7
929 113 29
254 363 31
99 847 38
411 536 17
129 802 10
565 328 27
15 875 35
524 156 0
103 938 23
507 192 39
390 643 36
165 640 35
685 146 31
463 275 34
825 840 12
90 731 46
42 835 36
417 694 29
193 282 42
828 319 40
262 783 15
710 563 14
337 465 29
795 261 17
739 442 36
830 704 21
195 202 30
753 912 45
517 767 49
365 218 46
48 555 13
295 519 3
929 314 14
846 53 6
