361 985 0
589 922 1
478 680 2
237 40 1
946 989 2
109 927 0

429 736 1
658 584 2
747 801 0
592 2 1
192 716 1
449 305 0

151 135 46
662 372 36
606 670 27
294 131 4
978 561 42
18 219 26
210 911 32
314 455 0
756 904 7
472 55 42
868 70 16
656 676 37
281 319 1
658 38 17
187 249 30
671 23 40
928 495 47
320 715 17
224 156 18
494 997 21
974 631 40
25 289 31
394 828 30
675 900 47
410 923 21
402 852 18
450 524 36
919 313 9
417 889 16
237 384 15
358 358 46
981 129 16
61 156 18
761 567 41
702 123 20
340 43 33
350 812 23
868 49 7
530 909 2
669 891 33
285 304 40
505 65 9
649 901 30
644 956 6
164 296 49
350 646 13
425 514 14
884 250 23
605 801 25
638 439 30
828 944 47
289 593 1
720 590 7
626 106 3
927 456 2
392 233 16
906 117 18
531 818 0
65 775 2
491 414 41
573 594 35
473 956 23
182 934 29
188 213 38
840 605 21
358 863 39
127 394 9
27 459 35
729 302 1
870 875 45
308 300 29
691 125 37
664 308 21
743 496 34
631 688 41
105 46 4
696 525 0
105 553 10
642 282 12
593 505 40
491 813 42
272 504 17
10 168 27
681 263 25
918 895 13
111 352 12
816 48 37
266 505 40
528 500 25
93 93 32
625 209 1
194 219 21
72 252 36
797 522 33
563 634 35
375 450 33
712 68 41
955 597 41
832 42 36
