931 687 2
827 632 2
241 265 2
217 532 1
459 381 2
6 60 1
873 900 1

875 715 1
800 28 0
271 367 1
623 651 1
890 478 0
445 71 2
80 288 1

372 99 25
960 106 37
654 331 39
321 559 4
545 711 33
138 982 2
758 957 5
418 848 34
709 645 5
970 78 44
764 450 43
939 410 1
526 416 35
718 738 44
272 635 5
207 773 39
167 949 44
303 11 40
159 981 18
655 745 20
250 684 30
952 563 46
689 633 36
633 905 21
640 465 44
575 198 27
370 502 40
162 661 22
32 668 17
352 918 4
82 870 19
580 911 2
817 544 9
40 536 24
37 165 5
565 93 4
394 815 6
235 977 19
57 9 37
580 795 28
99 375 39
661 585 22
887 622 40
793 539 35
249 933 0
855 168 29
474 577 38
761 554 1
318 134 48
746 586 25
438 189 20
674 202 7
