181 132 1
938 20 0
744 576 0
506 545 1
136 378 1
214 489 0

204 597 1
205 178 1
224 560 1
747 652 0
243 833 2
346 771 1

949 868 11
269 726 7
804 863 37
332 429 26
368 633 24
345 838 4
436 62 15
548 161 17
328 404 3
241 102 26
526 403 44
387 673 23
146 477 36
284 161 17
838 226 40
593 14 4
579 243 22
732 836 26
857 453 5
80 600 32
518 236 45
385 850 26
237 689 4
927 634 19
383 894 33
1 825 28
375 558 14
851 271 28
83 128 32
988 209 34
722 727 22
969 113 22
452 630 47
821 365 43
456 366 19
401 945 0
830 380 30
64 721 39
24 765 34
296 862 36
962 314 18
909 487 34
455 296 2
826 631 44
755 32 41
307 214 21
987 630 42
198 904 5
632 553 17
120 867 34
75 583 19
277 409 0
814 823 1
436 163 32
620 942 21
875 926 24
345 46 41
129 285 19
752 360 5
672 990 14
574 211 33
509 378 8
11 814 21
495 296 15
859 917 9
480 144 35
6 489 34
47 970 21
569 723 34
26 747 24
892 321 37
275 183 15
834 546 31
373 900 47
484 381 41
170 739 33
254 139 3
975 708 26
409 86 25
833 978 47
538 440 28
70 699 21
250 424 23
347 909 6
940 431 46
23 685 35
77 12 45
205 774 31
81 959 11
630 132 17
344 93 9
15 343 33
595 982 23
343 6 10
878 435 25
