743 973 0
924 683 2
674 477 0
328 450 2
266 274 0

391 608 0
376 181 2
366 909 0
495 810 2
437 980 0

567 723 41
163 647 25
46 353 4
694 619 29
671 362 39
147 91 20
84 457 32
792 304 42
909 742 22
477 661 45
18 176 45
595 428 20
154 520 47
285 191 10
24 338 3
296 774 12
478 566 16
822 827 10
794 304 22
842 675 0
889 622 28
961 272 2
387 778 25
785 63 16
897 87 5
100 383 29
112 214 48
428 36 25
191 183 32
615 377 7
98 615 31
473 400 44
40 297 33
297 749 17
328 861 33
704 832 2
786 447 29
895 15 47
626 259 25
982 357 42
763 183 44
960 223 43
243 520 42
262 200 5
495 127 48
117 183 33
569 969 32
751 216 47
550 842 8
577 176 18
965 252 26
8 847 48
152 462 48
509 309 27
860 426 10
43 348 29
727 1 42
335 579 18
653 798 10
506 116 14
582 124 14
530 629 26
679 138 35
306 998 14
117 393 12
248 123 13
596 850 14
490 537 45
208 191 44
571 49 12
185 632 36
351 514 15
627 193 6
565 852 6
993 921 23
508 869 25
24 359 12
120 920 5
