602 659 2
410 641 2
890 492 1
193 841 2
593 528 2
679 375 2
560 219 1

681 401 0
721 397 1
951 444 1
694 46 0
745 808 0
1 698 2
635 891 1

803 836 33
867 428 30
138 109 31
906 831 31
960 782 25
827 477 23
354 574 31
874 927 29
238 562 22
796 717 10
881 592 25
342 811 5
23 949 15
456 207 46
287 167 30
914 995 7
68 928 11
21 314 43
109 890 49
366 265 1
381 722 8
227 361 26
208 276 23
17 863 24
401 284 2
65 883 23
291 257 37
474 701 28
526 68 43
527 449 17
735 677 29
463 237 7
186 254 20
963 8 6
890 716 47
780 654 37
865 129 39
139 182 8
806 269 37
187 733 24
844 919 31
717 234 41
873 902 16
913 792 34
452 790 19
43 335 26
810 985 30
300 172 13
26 369 34
359 86 19
700 959 21
818 225 15
652 139 40
141 591 32
462 986 17
729 151 3
242 177 22
27 537 10
46 589 22
319 408 47
726 553 32
858 16 18
324 404 10
110 728 42
283 107 29
815 824 31
314 913 43
305 639 47
887 850 15
455 880 22
64 204 28
839 621 45
332 256 2
713 502 8
684 669 34
415 984 47
911 289 37
960 528 39
25 983 19
249 400 25
229 276 36
696 468 9
891 800 16
545 865 18
353 902 37
338 669 23
235 580 14
124 540 42
215 917 28
186 166 30
361 748 8
