478 51 2
641 225 0
603 139 0
362 977 0
37 114 2
140 836 2
421 218 0
760 80 1

711 575 2
839 362 0
77 192 0
967 833 2
537 788 1
438 150 2
858 540 0
97 32 0

527 454 12
496 566 42
906 278 20
417 469 32
562 898 26
406 866 9
179 755 0
981 404 42
689 853 25
234 732 31
996 228 47
191 134 27
961 903 49
445 465 47
982 754 21
137 179 21
258 455 6
141 451 34
239 994 21
318 307 26
867 104 42
332 560 22
105 544 20
443 567 22
975 319 31
512 910 25
183 228 35
109 448 39
853 115 17
247 905 23
519 329 9
970 125 26
770 472 24
701 336 34
564 980 13
51 958 36
775 477 16
236 447 43
912 442 39
117 565 11
76 597 18
91 513 1
566 395 8
365 670 27
768 781 10
218 210 10
538 301 23
191 208 44
30 44 38
932 962 35
792 219 7
266 509 37
399 854 18
111 393 21
681 967 26
721 251 40
156 44 9
180 439 10
917 284 28
146 273 12
804 25 19
24 488 12
627 859 17
105 932 19
545 89 15
557 554 40
320 4 16
148 150 42
612 306 19
931 682 7
995 580 33
996 559 44
963 664 26
534 561 17
501 118 24
642 478 11
790 650 20
984 263 28
203 546 11
911 894 43
796 890 2
892 205 16
38 593 0
666 936 44
295 140 43
