718 594 2
682 854 2
611 756 1
634 72 0

118 710 0
53 195 0
247 431 2
48 881 2

293 559 3
199 41 8
872 793 7
891 405 15
811 391 37
806 914 44
560 513 25
798 561 6
37 985 20
954 148 11
591 207 24
290 365 40
185 277 5
510 427 16
717 490 25
186 460 33
345 438 4
29 408 33
849 362 31
412 306 41
188 596 8
878 781 36
433 644 13
902 713 5
929 899 15
362 596 3
16 563 24
850 442 46
525 395 1
683 273 32
119 59 28
983 961 41
206 604 39
161 620 2
869 588 41
966 672 47
556 704 27
878 79 30
323 637 34
12 799 6
617 286 46
166 508 34
157 474 8
354 546 7
299 618 41
517 174 45
794 210 36
384 440 18
864 763 5
300 128 4
708 97 43
854 263 1
940 420 27
698 126 23
5 425 43
249 942 17
196 88 30
183 472 20
601 688 36
656 340 14
