999 700 1
884 232 0
303 442 2
430 374 0

659 371 1
794 370 2
522 259 2
673 439 2

660 285 24
175 573 1
322 113 28
236 895 4
873 554 26
480 700 48
756 222 8
566 896 47
938 908 35
764 94 9
167 270 34
919 891 42
254 565 7
32 154 5
889 27 11
765 859 12
363 615 34
573 533 32
223 823 43
158 940 37
19 107 7
698 633 16
55 17 20
660 906 49
524 671 8
736 387 23
170 960 8
205 183 32
148 693 24
185 712 31
845 166 10
395 864 45
133 284 21
134 808 44
642 544 31
117 66 44
126 623 29
310 123 23
434 661 35
17 506 3
627 253 19
222 117 41
187 602 27
58 737 35
304 379 31
938 849 49
532 327 23
661 989 46
836 423 7
724 792 15
399 994 38
940 533 40
469 943 27
454 248 9
687 186 8
986 70 37
261 83 26
308 920 1
367 996 43
933 773 15
104 172 12
392 464 45
282 285 41
262 739 41
621 778 27
181 765 49
68 26 34
595 406 2
38 691 28
606 795 2
168 539 17
615 821 4
6 435 44
997 56 24
526 589 41
477 657 20
512 601 6
818 548 14
121 939 5
549 545 0
501 65 39
270 680 13
325 687 48
471 36 7
395 563 46
789 40 4
209 904 7
667 723 6
532 196 47
