32 598 1
468 587 2
318 291 1
670 536 1
585 126 1

341 48 0
74 571 1
169 7 2
880 428 1
123 341 0

142 725 14
476 193 1
157 512 43
880 164 7
369 590 30
14 760 38
953 640 18
244 115 9
760 257 37
874 733 30
927 243 44
505 481 1
864 713 16
272 83 6
602 449 18
292 754 10
411 998 25
222 758 35
111 632 18
842 912 13
788 536 46
269 42 29
220 906 43
336 530 28
395 485 27
213 777 31
376 540 30
301 115 40
836 226 23
457 420 37
320 561 23
819 830 15
798 50 24
843 739 4
971 486 41
900 51 19
584 427 11
266 81 28
706 917 7
131 726 29
468 399 40
694 218 20
961 368 23
135 212 14
192 535 2
733 436 3
404 372 31
616 638 12
646 696 31
903 828 10
933 648 9
523 694 29
296 656 47
471 143 9
385 335 45
137 421 33
292 825 5
875 793 45
187 440 41
121 695 21
133 628 22
192 504 16
821 800 22
818 271 18
477 497 26
10 789 4
267 665 49
