318 287 2
661 526 1
152 735 1
207 950 0
99 397 0
763 185 0
225 345 2

530 894 1
380 914 2
178 548 0
1 218 2
519 879 2
562 32 2
550 591 0

125 43 29
250 806 14
320 31 9
852 294 20
633 824 21
310 825 39
275 696 19
767 258 3
698 160 46
227 285 39
971 559 31
132 890 45
188 94 41
511 727 15
382 38 42
471 665 41
792 784 1
497 482 12
794 710 49
485 216 37
335 539 46
217 24 38
453 723 12
70 457 2
864 929 20
355 73 4
809 571 37
71 717 47
970 554 15
109 890 7
456 107 31
396 471 45
431 276 21
546 346 28
50 562 9
220 270 33
175 79 6
964 150 25
463 472 29
768 786 47
316 570 23
587 116 21
315 518 36
325 739 6
760 266 37
841 45 11
470 575 43
342 713 35
968 833 24
418 149 44
143 88 12
567 404 30
161 841 37
848 607 19
37 800 14
698 622 40
294 964 5
403 55 42
449 550 30
611 117 34
644 22 15
415 535 6
805 735 15
424 772 17
441 823 42
33 469 8
338 748 43
737 561 43
655 976 30
413 781 16
648 999 13
