842 757 2
416 272 1
767 173 1
756 718 2
431 12 0
215 26 0
462 883 0
815 583 0
374 983 1

82 792 2
412 986 0
7 754 0
741 522 2
949 630 2
805 61 2
505 628 2
603 442 2
893 258 2

598 632 38
130 67 32
254 831 18
784 839 23
937 932 47
264 233 27
662 391 41
71 896 21
507 500 14
178 393 24
23 473 25
405 728 7
125 864 48
600 801 32
949 66 17
929 728 8
970 799 5
881 974 43
940 997 16
417 754 46
726 232 10
874 184 12
658 134 30
676 63 8
84 385 9
546 536 10
448 417 34
341 357 34
60 127 38
281 738 41
421 203 39
830 944 17
251 843 5
213 291 23
797 985 32
83 45 9
396 720 45
853 353 33
444 164 2
961 371 46
616 584 38
176 817 20
552 337 44
33 987 14
85 438 1
692 631 21
243 592 42
342 561 28
380 602 12
107 130 31
527 568 22
850 120 11
246 868 4
644 901 42
910 338 32
733 625 8
251 333 22
536 782 12
243 426 15
69 450 35
184 535 11
244 962 30
513 20 30
89 90 36
443 341 22
717 66 8
111 955 40
241 135 7
447 556 9
682 92 44
895 337 9
76 202 29
308 643 20
994 86 11
626 267 35
669 345 35
490 938 22
999 385 30
