933 60 0
0 806 2
203 564 0
329 566 2
194 746 2
577 904 2
932 848 2

706 993 1
438 870 1
474 680 2
272 965 1
285 965 1
971 521 1
230 850 0

874 45 46
515 906 0
873 964 43
64 402 15
10 229 45
109 501 10
621 138 27
173 339 1
973 214 48
519 249 24
321 116 32
831 64 30
728 525 33
590 147 22
770 438 31
470 612 23
21 937 39
595 482 7
127 806 47
624 772 3
875 956 17
355 684 44
688 275 41
512 45 30
94 515 44
719 889 33
910 210 42
350 806 25
907 933 33
806 909 5
759 784 13
128 491 48
23 180 25
64 692 22
896 138 39
692 209 28
426 119 41
320 470 47
697 729 32
880 536 42
188 295 28
451 776 20
751 799 2
326 215 44
650 112 35
490 156 46
