749 803 2
514 768 2
856 994 1
560 53 2
525 853 2
224 779 0
242 690 2

39 35 1
897 149 0
544 817 0
555 919 2
736 433 2
550 289 2
727 850 1

363 727 0
60 304 31
956 898 23
176 937 8
749 730 27
923 637 46
899 373 29
996 275 21
439 2 23
936 718 0
638 778 6
119 734 4
995 262 43
553 142 29
261 243 11
491 518 48
287 770 23
740 558 1
813 846 21
613 484 0
422 955 36
128 950 49
772 504 43
601 117 36
865 608 7
765 248 27
39 765 43
940 505 3
843 670 49
465 635 33
865 57 41
703 186 41
452 958 47
47 911 15
243 894 23
370 285 40
615 225 47
419 68 17
68 533 3
995 454 48
386 258 8
986 306 22
351 544 0
28 787 46
602 157 31
644 124 8
192 543 27
409 612 12
262 518 13
525 513 19
325 251 29
436 237 37
458 940 31
960 969 18
357 571 27
390 215 2
649 759 47
328 169 11
855 660 42
