404 813 0
26 925 2
705 889 1
283 637 1
384 392 2

648 465 0
637 194 2
90 156 2
545 644 1
124 655 0

832 59 45
50 85 23
411 143 12
235 778 1
220 163 43
859 811 9
548 800 5
780 891 13
797 788 7
322 912 13
55 744 24
952 147 12
775 558 7
839 145 35
540 365 48
986 577 11
897 125 12
967 702 43
224 25 5
489 432 2
814 736 49
576 864 9
833 55 4
220 948 22
419 934 49
780 831 24
294 185 31
699 152 35
892 376 12
350 866 46
552 32 33
253 960 49
864 145 4
620 365 2
742 136 36
793 917 17
969 563 4
50 263 6
186 155 35
50 505 3
732 14 45
981 230 42
285 851 7
76 387 13
446 356 26
0 759 41
707 297 47
142 347 4
795 46 16
832 778 32
477 759 13
971 397 14
478 287 7
474 363 46
739 809 5
