944 939 2
239 354 2
206 257 0
698 367 2
474 583 1
252 252 1

94 416 1
137 834 2
867 846 2
80 634 0
677 931 2
639 522 2

307 80 35
550 778 5
624 209 43
292 303 9
905 792 45
606 659 42
96 91 28
781 769 9
406 760 31
384 419 12
279 70 47
169 695 8
312 339 13
969 202 16
561 651 10
492 432 31
1 838 43
385 575 12
497 899 31
91 178 4
938 347 49
698 12 40
761 236 37
968 205 39
835 119 42
471 349 40
785 198 41
716 290 19
823 279 31
564 40 19
901 361 26
792 196 45
335 45 8
827 796 24
920 581 23
911 649 15
433 72 45
302 895 24
535 811 17
4 64 28
30 857 26
528 544 23
636 206 46
61 33 44
513 217 26
