306 871 1
832 52 1
595 347 0
748 361 0

655 160 2
350 843 1
236 949 1
822 872 1

443 743 26
467 653 42
353 311 13
979 144 17
683 91 16
709 549 32
376 785 34
294 608 8
561 51 4
537 871 7
381 576 19
96 555 15
215 239 8
681 241 0
509 516 47
848 578 46
383 954 32
219 248 42
279 810 45
83 699 18
541 433 44
662 529 0
279 745 41
987 426 32
888 287 0
635 488 28
718 442 31
760 721 43
557 805 45
226 698 28
470 712 7
13 330 31
645 570 20
498 558 8
576 842 31
609 560 23
891 672 47
686 229 4
533 455 4
461 926 16
158 911 12
131 409 20
923 947 24
895 877 25
899 410 31
305 224 9
71 847 11
532 24 27
324 535 41
38 666 2
72 828 38
98 877 28
444 124 5
371 376 18
754 681 44
415 105 41
977 637 17
804 313 2
247 703 18
100 13 26
290 437 6
428 535 33
314 703 36
282 809 17
178 225 22
569 554 12
337 710 27
991 958 31
960 58 44
186 348 32
592 777 17
228 534 49
476 483 13
645 661 38
920 583 44
832 272 5
409 263 13
690 223 21
985 761 19
69 706 48
336 286 32
287 626 33
293 454 18
757 99 29
392 203 36
