472 5 2
351 376 0
297 917 2
988 27 1
289 922 1
157 864 2
711 341 0

967 408 0
472 86 1
815 427 0
791 252 0
500 955 2
951 252 1
919 592 2

359 39 16
881 102 9
671 70 20
523 542 6
620 710 34
118 501 38
204 953 47
704 224 41
232 711 22
52 303 16
884 850 32
90 822 42
76 940 44
666 913 48
211 469 3
360 525 28
101 109 41
724 495 13
89 900 16
205 664 42
95 548 44
670 67 6
666 733 21
664 297 42
320 657 18
848 759 27
439 835 25
804 924 25
120 482 41
114 577 39
959 105 31
977 776 48
500 779 38
70 979 49
749 770 34
351 46 43
442 160 20
433 471 26
415 449 4
173 466 19
372 568 41
759 492 15
70 196 11
863 638 24
233 424 45
61 839 46
17 6 31
416 308 28
625 40 24
318 565 43
637 290 11
79 49 5
860 982 44
434 567 18
831 629 9
678 646 15
261 414 23
266 710 31
961 347 23
224 778 22
979 577 41
635 437 25
929 871 45
647 54 24
556 732 22
823 346 37
399 735 31
15 353 41
548 314 40
724 538 21
596 870 48
940 505 35
617 434 8
961 164 43
600 563 30
631 930 34
