784 480 2
570 682 2
218 314 2
909 912 0
615 285 1
813 964 1

442 99 2
943 147 2
280 41 2
421 586 2
481 722 2
250 292 1

149 511 34
696 772 46
886 387 34
295 553 48
183 995 49
340 570 39
309 344 27
865 177 0
253 779 42
323 929 5
708 977 27
356 215 15
642 862 20
892 46 15
242 594 7
442 934 27
684 595 21
511 812 1
61 65 30
256 741 11
961 801 38
656 800 18
279 765 41
953 628 4
804 690 21
434 946 12
698 259 13
394 706 23
712 484 19
780 379 8
38 961 6
585 422 26
7 208 22
169 906 34
485 845 32
958 239 41
583 951 25
560 525 38
301 563 1
159 144 17
646 730 39
822 89 0
297 610 6
31 95 1
815 53 40
306 636 43
282 889 28
989 801 3
377 103 16
79 614 13
398 260 43
140 83 34
90 732 44
946 763 40
0 578 43
292 885 32
888 519 21
566 860 22
770 237 27
151 67 4
