794 319 2
924 778 0
1 509 2
594 743 2
187 618 2
713 983 2

26 91 0
338 759 2
796 621 2
767 463 0
256 257 1
643 533 1

965 534 11
109 668 26
532 381 9
246 759 2
540 97 11
479 245 35
670 12 0
572 621 9
358 373 7
314 834 27
592 367 10
853 965 19
205 505 18
317 984 13
754 6 28
163 372 17
557 517 48
133 875 22
543 541 6
972 485 25
704 544 47
75 861 31
318 621 17
271 136 41
488 693 9
287 178 36
811 73 30
169 46 15
247 181 4
937 885 48
368 3 30
258 321 1
727 593 39
569 433 34
280 72 14
50 405 36
16 4 19
672 293 6
872 130 19
933 499 22
665 109 43
666 837 38
507 758 24
393 390 46
457 960 32
947 11 39
835 27 43
904 699 36
211 923 17
830 208 18
452 873 29
747 539 18
988 398 26
662 791 18
742 548 40
481 383 19
576 640 20
613 203 43
132 33 1
502 837 24
981 936 15
650 276 13
428 938 6
726 793 6
737 851 34
307 816 37
501 802 9
75 784 47
755 214 14
113 163 13
71 241 7
578 459 34
172 548 37
406 855 6
843 7 6
665 860 9
676 287 45
623 179 31
199 934 47
714 399 11
927 471 2
286 401 14
272 573 12
462 979 18
468 174 27
774 191 38
235 867 25
480 842 5
863 42 41
