320 815 2
331 863 1
747 156 2
578 767 2
120 679 2
13 310 2
368 414 2
189 431 2

850 663 2
550 47 0
980 719 1
551 403 2
985 502 1
151 80 0
219 552 1
777 918 2

321 286 35
588 475 17
588 677 30
123 227 29
848 207 1
388 111 6
791 448 8
351 952 41
29 523 43
739 300 11
758 621 47
896 210 25
113 150 2
345 274 32
976 122 41
679 511 4
785 302 3
746 5 5
787 35 28
380 774 30
244 884 1
41 132 13
18 245 14
321 942 38
203 271 12
644 950 23
901 88 28
254 834 33
911 621 18
91 353 44
571 597 31
24 991 13
688 9 11
942 237 26
856 882 27
930 135 15
658 389 1
391 652 22
512 743 27
758 666 25
366 584 10
521 878 47
300 735 31
677 665 16
494 675 7
746 689 18
673 930 11
519 153 26
328 327 39
410 356 6
978 850 31
936 347 0
545 116 32
250 862 21
620 536 4
681 127 39
825 998 45
455 808 49
797 570 5
837 836 4
319 336 34
743 308 22
97 342 2
238 167 0
855 175 40
856 324 10
213 128 10
772 317 49
326 254 35
348 925 21
357 117 23
961 356 40
212 241 10
294 449 38
184 305 12
996 871 42
708 995 9
257 322 15
