657 409 1
387 871 1
857 833 0
484 544 1
411 58 0
86 336 2

807 122 0
625 876 2
644 599 1
866 907 1
314 916 2
454 656 1

726 513 19
133 997 15
233 760 25
131 846 11
922 5 35
97 982 11
296 978 13
95 844 22
748 510 40
163 317 46
920 176 10
288 761 22
713 892 20
62 263 12
526 912 41
941 7 37
263 756 48
205 271 17
915 344 38
728 632 49
652 698 43
775 525 9
365 465 36
158 406 44
796 21 2
944 227 23
113 31 47
973 298 41
713 378 24
862 31 24
255 806 49
166 61 40
340 426 6
427 585 14
521 733 38
75 29 15
900 142 48
616 42 8
540 649 16
341 815 27
82 507 5
604 807 25
294 234 4
211 134 46
159 283 13
110 674 43
447 831 36
613 172 3
