858 78 2
797 435 1
673 295 0
276 50 2
47 882 0
96 650 2
612 730 0

222 445 1
536 535 0
173 284 1
733 143 1
568 292 0
60 965 0
967 241 0

553 641 14
377 701 45
203 164 30
933 337 14
552 422 7
602 342 49
86 402 16
218 369 10
400 274 3
464 541 42
328 234 24
923 790 38
53 723 27
467 628 49
25 230 41
226 316 45
745 886 15
505 286 39
610 103 33
452 634 5
348 963 40
872 238 32
912 291 5
289 758 33
440 135 15
933 714 34
446 316 9
337 926 12
770 378 48
178 79 13
820 303 1
252 568 42
407 857 1
543 650 38
260 583 2
294 412 11
215 210 29
774 548 5
788 670 36
436 848 17
400 668 22
601 920 40
446 680 0
49 223 2
240 130 0
503 345 10
435 471 8
292 611 31
528 47 29
547 799 48
112 199 0
666 35 11
704 627 41
154 483 38
727 562 22
958 443 19
389 990 19
137 212 22
158 677 21
858 593 21
