850 407 0
509 240 0
306 675 2
466 793 0

225 997 1
426 90 2
344 843 1
861 785 2

931 109 35
460 320 9
569 170 16
863 679 8
550 337 35
703 155 30
712 380 27
809 159 17
929 503 13
164 364 0
911 296 9
846 108 29
7 677 49
575 540 31
383 442 20
219 146 26
199 210 6
529 19 17
596 949 21
211 113 37
611 377 33
120 223 43
301 583 20
653 158 12
684 542 5
756 113 1
632 664 11
241 193 32
360 142 31
631 353 47
619 965 24
254 437 49
998 739 32
770 392 41
83 428 35
190 184 48
443 169 14
820 106 5
69 725 22
343 331 12
544 329 1
977 452 45
920 887 25
969 778 44
129 166 19
783 338 25
115 102 33
877 647 15
730 976 17
914 8 5
996 329 33
193 811 49
512 594 40
937 737 47
791 853 0
624 82 47
810 140 21
