155 837 1
653 472 2
279 895 1
728 712 0
459 707 2

841 807 2
509 28 1
84 82 2
583 84 1
439 899 0

293 55 39
8 60 13
757 339 9
984 68 21
208 720 38
155 229 18
979 314 3
384 249 39
129 688 39
781 333 46
270 342 6
935 99 45
144 435 15
66 430 44
47 990 16
187 146 46
708 125 10
702 342 0
641 123 33
987 745 25
393 680 27
491 177 12
8 243 45
405 642 35
521 181 31
867 241 8
879 904 21
141 607 13
91 248 38
726 588 35
352 333 18
781 824 45
645 185 40
940 942 34
226 463 17
9 683 9
391 407 20
497 577 9
885 281 42
953 62 19
550 707 6
742 648 48
576 226 13
943 235 46
552 857 13
418 601 20
538 808 23
611 657 0
920 542 33
915 495 45
734 397 4
442 139 4
853 11 18
2 915 25
