15 697 0
331 16 0
730 383 0
233 465 1
47 849 2
572 193 1

245 664 2
533 663 2
762 427 1
947 781 1
221 148 1
861 480 0

853 562 26
354 795 44
648 842 43
168 766 38
561 363 5
84 897 18
161 659 47
370 959 30
748 180 29
174 393 11
969 246 23
796 953 20
792 601 14
285 122 30
324 683 44
731 119 41
449 280 2
707 277 37
318 247 35
843 395 38
163 187 42
677 824 16
310 500 49
306 231 20
199 32 0
615 259 6
10 966 34
447 637 33
483 480 28
823 644 17
765 673 43
533 983 44
632 289 27
405 592 40
610 559 49
567 569 18
153 369 5
986 204 35
566 27 31
685 145 7
628 678 40
424 663 32
452 217 22
902 585 27
872 657 16
477 995 20
914 913 49
996 598 44
103 578 25
545 3 38
629 807 5
554 319 30
422 573 15
847 701 28
565 530 23
487 445 36
788 793 36
883 248 16
8 145 19
148 775 26
153 681 47
133 103 23
50 953 2
119 152 4
549 69 34
622 556 29
960 345 24
248 580 22
115 940 18
336 88 45
365 241 28
712 727 31
337 777 37
