278 1 0
536 525 2
172 719 1
173 533 0
380 508 0
712 65 0
6 871 2

596 159 1
24 994 2
387 173 2
883 452 0
808 340 2
232 513 2
341 686 0

395 418 29
141 130 44
698 489 18
925 85 27
340 848 47
124 83 49
261 244 40
982 917 12
462 59 44
358 109 33
126 34 21
54 913 32
328 253 33
775 729 18
27 342 12
619 971 41
724 334 11
867 668 28
781 482 39
826 193 0
359 319 34
115 405 4
748 181 35
816 560 28
481 179 1
622 255 37
513 256 40
505 82 33
605 441 4
92 124 32
843 239 37
285 155 30
713 636 9
464 610 16
253 895 41
359 761 47
651 266 31
784 223 24
940 667 48
822 511 39
110 711 28
282 996 34
574 878 33
741 132 28
734 843 39
631 494 7
962 630 33
86 570 0
687 745 11
526 207 24
705 489 23
65 79 15
998 172 47
179 906 40
120 889 36
680 203 18
463 289 39
913 328 36
227 207 43
603 912 34
976 655 39
411 720 18
429 71 42
226 602 48
219 74 37
57 754 40
526 217 31
917 131 12
53 710 19
748 313 33
932 290 40
621 53 12
741 482 33
33 61 37
583 632 12
22 689 16
664 215 36
948 484 19
731 637 44
814 570 36
904 543 42
66 637 26
652 22 37
191 606 19
805 628 11
822 645 28
760 593 13
829 153 2
960 884 40
661 728 17
401 920 25
772 725 5
833 899 0
462 11 43
927 840 48
281 152 34
