465 572 0
397 457 0
923 514 1
678 699 1
575 915 1
84 555 2
867 440 2
524 408 2

558 84 1
749 650 0
737 115 2
577 512 1
577 787 0
756 817 1
887 744 2
464 829 0

11 572 49
803 130 34
998 232 36
379 969 1
685 899 16
77 233 21
1 937 46
152 818 43
743 181 17
94 336 48
530 334 30
616 66 1
170 751 0
588 200 29
441 277 12
464 35 36
232 36 23
828 540 44
473 635 27
391 612 0
971 580 16
224 750 20
25 338 22
654 132 1
868 948 36
554 180 24
676 834 49
3 877 31
19 268 45
370 591 25
138 816 28
658 193 18
82 199 0
784 419 1
872 973 31
997 855 44
