319 255 2
510 873 0
51 703 1
643 739 2
215 778 0
817 597 2
155 52 0
716 506 2
877 703 1

878 947 0
863 618 2
525 480 2
860 883 2
292 527 1
546 94 0
919 911 1
242 419 1
715 135 0

334 364 37
408 595 34
328 458 5
504 984 35
552 196 19
656 840 48
177 657 5
748 251 24
723 967 12
556 301 28
93 61 23
930 390 32
385 894 18
672 798 14
843 807 4
893 11 42
685 188 2
93 288 3
919 11 20
560 13 37
185 295 29
917 32 23
985 57 24
601 252 31
57 146 44
900 183 32
752 276 23
855 196 36
354 341 22
371 796 2
496 782 9
420 383 11
949 693 43
