740 688 2
500 301 0
652 530 1
526 200 0
749 568 0
625 509 1
558 684 0

40 521 0
759 311 1
240 275 2
681 367 1
680 220 1
16 872 0
466 750 0

236 499 7
331 124 18
64 35 3
395 75 24
34 74 13
951 108 32
908 140 2
166 157 25
602 623 25
591 211 27
500 543 3
919 959 38
22 354 14
646 751 48
934 786 25
849 89 35
132 349 25
361 469 9
487 413 21
816 913 14
269 832 25
758 206 30
249 341 10
534 825 9
312 811 26
246 173 46
508 12 11
629 828 24
645 449 9
620 207 17
302 233 22
384 306 14
955 907 7
616 794 32
977 106 43
854 704 18
687 838 10
248 811 19
16 113 3
988 849 11
804 805 20
