510 213 2
645 39 2
298 491 0
515 923 0
266 406 2
907 809 2
506 15 2
905 830 0

949 521 2
316 367 1
487 230 0
413 875 0
605 526 2
336 41 0
139 660 1
111 567 2

493 331 45
176 948 36
538 787 16
114 200 44
730 157 20
188 846 11
570 985 21
358 448 41
308 694 17
273 187 48
68 53 30
737 581 28
774 119 15
392 586 18
886 668 27
258 856 23
672 427 9
745 137 7
386 445 2
453 70 41
851 139 44
881 228 27
211 354 49
977 747 35
295 985 3
148 916 38
807 661 26
762 57 35
508 290 13
188 502 20
724 126 4
390 100 16
431 259 30
232 946 35
278 60 42
229 109 35
568 172 44
772 301 46
573 691 47
641 122 8
723 83 34
205 316 33
541 594 45
968 639 25
505 340 23
873 908 45
719 680 48
518 605 40
65 247 14
223 322 0
595 421 12
990 706 24
307 675 13
707 477 46
406 995 3
148 412 2
364 988 25
664 248 3
280 843 24
195 185 32
519 492 7
835 929 42
406 946 27
60 865 25
535 529 23
890 162 18
666 357 4
148 228 48
700 258 16
500 664 13
777 18 17
