90 98 0
901 242 0
217 91 1
635 438 2
356 282 2
666 417 0
363 826 2

866 751 2
268 869 2
997 495 0
587 938 1
377 191 2
731 409 2
964 396 1

401 104 11
289 770 28
313 134 6
297 352 7
957 620 28
916 969 23
19 556 13
571 285 7
718 17 16
957 333 14
985 86 19
296 375 41
376 40 25
282 337 28
291 294 0
169 563 20
895 582 26
910 505 12
117 576 31
85 533 14
450 870 1
271 167 26
862 895 17
940 530 6
420 343 16
440 590 48
231 970 31
814 55 16
381 480 6
760 343 3
827 635 33
935 5 7
338 425 2
204 587 44
610 818 16
943 632 24
162 362 31
507 504 9
