424 356 1
820 524 0
926 516 0
59 490 2
111 729 0
836 165 0

193 93 1
289 26 2
35 750 2
545 431 2
647 855 1
628 676 1

484 954 0
327 312 38
195 795 9
31 182 12
115 80 43
918 727 0
726 707 28
410 543 32
962 2 47
4 300 24
775 979 38
415 769 46
797 317 43
908 348 26
770 815 8
415 734 35
916 812 44
279 536 44
478 540 44
154 667 24
341 231 14
335 140 13
863 262 30
471 678 14
158 594 28
904 390 2
194 21 38
839 852 28
783 6 47
59 149 32
457 843 13
171 178 5
586 41 18
817 864 46
133 22 42
262 926 34
964 121 8
555 312 10
685 95 16
483 507 18
715 964 11
486 74 32
704 243 48
952 376 22
146 638 48
730 955 21
19 30 38
337 97 4
850 628 41
