417 410 0
187 270 2
651 146 2
457 150 0
457 197 0

159 911 1
562 880 2
31 149 1
672 709 0
707 227 2

108 996 36
997 184 6
914 835 3
841 644 5
997 453 2
102 613 15
983 527 45
736 558 47
667 582 8
599 642 37
775 102 33
714 451 19
570 717 6
925 559 0
431 908 4
485 11 19
451 346 46
648 83 6
995 102 40
755 701 32
742 829 36
726 543 37
245 465 5
304 391 16
458 659 37
227 110 36
875 111 21
81 106 23
222 214 26
356 956 5
593 34 0
280 280 18
37 936 9
353 590 33
930 401 44
517 628 7
155 504 18
876 937 26
633 461 31
234 93 13
813 836 42
148 766 43
142 636 21
599 791 27
519 668 17
546 719 28
335 929 9
919 515 3
