668 457 1
466 353 0
796 942 1
349 823 2
171 657 0

763 158 1
37 76 1
878 133 1
223 561 1
786 654 2

857 288 8
596 638 31
708 809 39
918 925 49
472 962 25
289 840 8
840 63 21
967 202 27
68 999 1
627 868 41
243 725 32
183 734 31
574 4 6
123 476 21
101 117 11
211 958 27
883 925 31
912 993 30
264 973 0
107 568 25
239 370 1
9 906 35
149 308 15
320 409 33
684 620 43
463 503 20
444 768 13
776 32 38
976 139 7
253 379 29
205 740 37
242 33 20
932 535 28
449 855 37
84 891 7
677 354 13
547 150 31
303 902 4
60 508 35
892 713 26
629 955 11
199 239 46
77 689 4
624 803 4
387 702 4
270 817 33
185 121 37
377 425 10
903 55 16
166 254 7
613 684 48
619 400 24
120 763 31
227 385 49
695 539 31
555 794 36
723 960 42
131 925 28
