711 455 2
683 702 0
239 310 1
297 493 2
366 787 2

785 67 1
519 516 2
632 471 0
525 954 2
922 785 1

454 496 17
853 180 19
915 419 32
4 786 14
136 571 33
239 427 21
29 304 27
194 227 12
756 681 10
773 886 40
844 153 11
453 276 17
468 412 40
253 89 33
976 710 14
703 256 43
567 12 26
279 137 15
820 333 20
863 365 21
732 185 36
173 439 25
56 642 6
366 618 16
332 673 22
526 592 36
104 871 25
569 43 8
135 742 38
6 474 23
642 647 14
720 55 6
126 773 26
594 106 1
318 984 45
406 88 17
631 10 12
12 37 31
552 395 8
925 390 7
90 110 13
248 588 38
377 534 44
530 852 30
276 610 19
245 593 31
257 134 33
149 498 20
865 370 7
153 99 41
900 630 45
630 258 7
801 855 0
982 464 35
65 613 33
537 748 36
405 990 14
14 340 34
734 557 6
41 711 6
235 611 36
632 241 46
640 43 1
240 377 15
975 443 31
561 332 29
197 737 21
513 752 12
55 879 32
149 451 39
945 91 34
948 683 11
64 11 6
849 986 30
713 585 18
135 992 0
267 956 18
715 105 19
404 403 12
