904 722 2
685 126 0
740 34 2
16 85 0
515 633 1
803 646 1

660 517 1
826 477 0
783 311 0
318 719 2
860 623 2
565 309 1

719 401 38
632 769 24
303 284 9
219 439 8
351 99 27
694 277 5
299 412 18
77 730 38
831 942 13
955 508 22
910 227 26
898 859 45
324 514 32
736 733 23
478 430 17
547 508 49
687 339 42
450 647 0
875 909 27
701 807 38
232 220 40
256 14 26
483 566 40
352 465 48
952 152 39
494 954 38
544 829 47
173 882 5
13 531 41
367 763 11
807 371 27
43 938 34
185 290 49
483 242 3
825 736 8
711 805 22
768 170 5
309 538 20
422 697 42
467 129 34
952 314 25
253 150 19
707 975 8
467 788 40
56 851 48
235 280 8
58 702 6
252 955 41
548 423 20
783 727 37
660 980 37
987 858 2
180 267 6
178 147 25
698 735 8
757 793 12
513 397 18
706 945 43
453 872 44
567 211 2
821 391 19
927 569 17
5 620 4
363 377 49
775 242 46
143 948 41
638 977 22
109 837 41
829 764 13
48 769 33
101 260 4
949 403 2
390 394 30
264 902 25
879 965 22
717 622 37
767 732 24
209 913 41
572 961 10
907 315 45
619 768 5
573 717 10
475 459 4
707 724 7
935 955 24
246 440 31
423 649 44
364 573 7
74 480 24
269 451 44
