756 502 1
804 534 0
995 927 0
274 470 1

449 474 1
13 412 1
285 512 2
583 203 0

728 872 21
678 169 5
509 277 7
619 81 42
488 428 19
20 702 42
945 517 30
708 154 42
224 89 47
159 169 22
783 848 41
688 357 19
448 328 2
390 817 33
611 837 37
655 533 43
173 830 12
103 539 16
898 115 8
247 626 27
469 409 27
861 450 37
882 898 15
336 640 34
571 603 24
509 259 7
302 784 37
317 240 28
485 138 45
743 385 22
171 207 33
150 420 35
487 302 33
153 990 25
987 562 29
363 423 40
920 77 24
660 394 14
290 880 4
36 975 40
893 649 19
829 136 21
14 289 13
840 629 27
621 344 0
661 265 30
837 277 24
254 567 6
808 955 32
100 715 30
599 961 31
518 142 18
91 156 9
655 348 40
484 321 35
385 334 2
715 172 29
791 778 48
100 586 4
384 39 21
166 638 32
598 509 24
166 600 33
727 607 33
918 92 5
453 829 41
605 896 13
386 39 43
734 139 30
390 523 19
762 690 9
446 288 18
921 806 21
939 451 24
296 256 5
988 213 1
203 951 43
197 686 32
129 428 8
