552 652 2
880 608 2
483 90 0
715 227 1
857 189 0
426 953 0
960 975 1

71 210 2
854 242 2
215 768 2
685 672 1
803 552 2
436 387 0
677 455 1

588 312 29
161 738 32
347 698 9
736 122 20
21 328 12
416 543 32
275 228 5
785 384 9
256 820 47
817 849 2
957 437 14
639 951 4
273 298 3
883 386 27
55 408 5
469 176 1
652 803 29
507 589 13
266 197 35
765 366 34
367 323 24
633 314 25
638 588 25
870 526 21
727 995 48
128 647 1
110 506 42
123 125 41
661 890 7
47 610 33
998 881 35
423 574 8
158 524 32
906 4 31
810 114 40
654 590 15
455 298 15
538 522 9
288 520 42
273 944 17
82 531 15
768 689 41
802 948 46
836 110 12
376 116 2
948 620 6
114 510 30
875 798 0
86 506 27
804 626 19
45 429 19
291 265 29
4 641 45
658 34 12
824 448 42
254 675 43
204 545 17
451 631 23
580 787 49
751 833 30
870 476 47
451 832 40
149 491 24
11 759 9
493 583 7
837 837 33
332 393 28
899 844 11
972 777 49
24 880 34
