234 187 1
241 319 1
881 482 0
423 78 1
705 116 0
708 776 0
262 649 0
960 429 2
564 966 2

912 230 0
743 464 2
284 58 2
627 939 1
681 714 1
591 771 2
55 832 0
727 94 1
620 55 1

143 979 25
846 263 35
78 924 41
769 275 44
482 623 48
445 632 19
725 259 4
236 755 33
564 601 49
949 822 42
369 266 38
531 35 14
878 336 18
319 170 43
167 967 25
338 693 37
744 281 42
778 845 43
779 147 18
191 494 36
580 377 23
614 278 34
470 232 28
814 10 25
528 812 49
900 355 45
187 935 23
212 531 32
926 146 11
810 106 10
661 339 48
558 162 30
88 976 42
463 736 33
338 616 47
337 517 2
183 56 38
758 620 19
292 546 17
105 708 23
814 632 27
496 720 5
18 211 29
370 746 35
182 500 4
499 606 15
390 488 19
19 336 41
976 524 26
670 897 0
333 267 13
864 989 9
100 0 17
660 182 17
581 660 47
118 402 37
639 421 23
232 750 49
9 772 48
872 970 5
183 422 7
369 848 26
294 900 39
434 892 13
909 124 15
509 496 45
25 368 17
882 903 39
91 605 23
482 327 23
610 322 5
399 968 8
591 402 2
556 312 28
271 573 14
322 341 34
11 432 42
486 266 19
162 229 43
