73 966 0
8 24 1
934 465 1
89 829 1
458 73 2
32 299 0

577 99 0
444 147 2
4 306 0
656 586 0
683 11 0
72 19 0

372 953 9
30 395 38
234 853 11
304 237 13
791 814 12
276 610 11
535 966 19
400 622 7
552 657 19
669 82 38
163 806 42
123 727 31
636 870 45
832 435 47
540 339 7
259 8 39
997 523 47
41 645 34
480 907 6
772 383 35
700 972 5
332 868 28
282 408 17
889 19 28
930 16 1
777 410 49
813 890 6
272 15 39
809 20 11
865 73 33
772 782 20
66 467 38
794 749 48
862 638 19
290 920 36
593 697 48
542 863 38
751 135 5
990 944 26
953 162 49
536 286 33
859 352 0
49 147 1
648 361 41
617 3 11
955 596 11
55 491 24
51 232 5
429 538 19
880 426 6
114 285 8
166 335 5
320 335 18
111 304 21
823 612 20
584 667 11
208 713 3
319 117 37
726 546 25
296 427 2
152 893 39
712 411 24
420 731 9
488 843 16
560 18 28
932 954 45
443 514 11
548 185 28
885 911 26
113 559 5
767 63 0
706 776 12
981 196 45
942 36 40
