570 577 1
538 844 1
717 550 2
804 787 2
714 610 1
471 856 0

73 369 0
938 625 2
222 655 2
58 402 2
801 325 2
556 215 2

921 285 40
659 156 39
85 52 15
861 342 42
448 975 2
967 777 29
62 685 47
2 958 32
492 57 23
121 717 31
360 900 10
625 199 5
67 791 20
722 207 25
434 468 27
941 302 47
252 110 35
615 87 34
672 155 28
295 24 18
893 746 27
620 350 48
384 50 24
754 485 43
533 447 35
427 992 0
162 959 37
448 632 44
526 927 19
196 172 15
73 144 15
924 528 18
398 282 5
693 167 2
118 624 35
120 138 44
857 587 26
454 465 5
90 87 23
808 11 1
928 410 35
533 103 3
937 34 0
729 152 27
514 624 15
259 481 4
987 287 20
995 362 32
822 453 19
498 613 33
349 541 43
835 426 48
690 92 36
869 959 10
835 570 44
109 552 46
493 727 1
96 926 7
341 761 33
41 601 46
776 644 40
14 513 49
877 700 19
573 792 29
902 747 12
53 712 39
169 160 16
826 853 29
909 894 33
707 670 27
950 37 42
799 914 45
571 487 37
252 43 40
485 298 39
687 873 13
855 699 16
785 961 11
668 20 33
547 970 20
291 122 34
736 693 23
325 945 17
168 782 17
411 620 43
224 475 45
387 827 49
8 471 21
894 207 16
268 885 11
37 53 43
