772 29 0
612 184 2
228 564 0
324 4 2
5 386 1
811 205 2
922 605 1

677 507 0
112 210 0
196 615 1
952 740 0
851 352 0
173 580 0
472 256 0

351 261 25
239 424 30
46 699 35
155 488 5
572 36 20
775 988 10
360 191 14
128 364 45
461 836 3
578 778 41
210 177 40
192 731 8
147 304 44
70 431 34
732 791 26
747 272 40
694 733 29
897 236 18
714 814 47
308 376 24
600 824 0
621 17 32
481 516 38
378 586 21
262 671 13
338 770 35
131 464 20
760 713 8
227 88 1
703 40 27
404 661 44
188 495 13
628 873 1
499 135 22
514 826 42
801 957 8
174 69 24
134 349 4
412 632 34
739 388 48
436 576 43
800 408 3
975 274 29
567 76 36
328 602 7
802 736 7
56 997 36
102 409 18
836 501 7
936 937 35
179 938 44
647 738 2
251 713 26
680 633 4
419 961 8
578 115 47
