715 692 2
320 699 1
30 987 1
668 265 1
954 209 1

82 963 0
469 934 2
128 89 0
25 393 1
88 224 2

991 939 13
883 611 13
292 641 2
648 662 17
957 968 27
362 519 26
236 0 17
896 25 11
85 465 35
356 808 25
335 335 30
337 335 42
957 292 12
786 809 12
578 171 33
656 759 33
175 656 11
736 93 28
874 801 39
951 473 32
287 160 18
969 850 3
961 807 48
273 945 7
987 523 30
573 531 39
806 706 47
769 795 40
198 669 42
787 620 17
419 259 28
387 229 28
43 542 35
748 507 7
380 80 38
771 239 46
819 8 41
253 345 34
21 765 44
949 504 25
727 899 19
664 890 37
546 990 45
303 370 27
943 142 16
289 961 25
783 272 31
945 526 29
432 547 46
178 496 2
153 575 2
