915 705 1
848 384 1
590 762 2
288 198 2
53 536 2
166 369 2

158 551 0
383 408 2
603 587 1
456 44 1
148 311 1
104 512 2

154 102 9
88 742 7
478 796 46
401 314 17
966 825 19
990 208 29
178 163 19
895 971 15
349 119 27
821 170 36
380 1 34
476 402 48
646 368 23
367 711 33
496 241 46
565 136 18
31 838 39
160 50 17
449 862 49
192 683 19
678 415 20
312 892 25
613 890 45
386 257 6
72 105 47
568 23 36
680 566 26
547 15 38
496 207 23
967 238 39
963 163 23
910 902 32
217 974 37
116 894 12
152 635 18
378 315 34
655 214 49
145 710 9
319 677 47
