597 139 0
936 617 1
352 409 1
286 649 0
803 291 2
755 333 1

982 189 2
79 789 2
98 12 0
516 491 0
599 88 1
707 376 1

933 728 42
748 14 44
32 169 37
228 924 22
671 258 11
360 690 2
929 788 16
848 248 1
341 348 17
835 732 36
324 960 12
146 984 21
157 696 11
178 301 8
186 952 16
633 717 33
809 565 34
712 258 34
630 445 17
431 915 13
67 87 36
870 265 39
978 451 41
46 437 8
430 598 26
450 292 30
867 361 49
14 900 42
776 967 29
514 837 46
545 214 37
606 996 37
232 762 47
116 565 40
446 784 3
898 733 49
265 748 49
57 876 18
288 390 7
784 944 25
173 448 40
860 32 5
210 148 20
852 947 6
207 845 40
706 462 40
105 871 16
823 511 6
158 732 45
152 257 43
142 470 27
247 32 25
269 884 24
76 91 21
608 254 4
124 429 17
382 511 15
982 821 6
704 563 10
406 261 39
928 877 38
263 837 42
470 313 23
187 695 35
552 633 6
1 967 30
60 147 46
588 851 11
149 285 46
945 692 7
185 972 36
920 409 36
343 597 34
630 501 19
587 855 36
717 915 33
876 4 22
775 950 16
582 487 40
619 764 30
844 684 39
31 28 38
617 658 40
