590 752 0
240 835 2
602 686 2
739 862 1
636 769 1
864 480 1
804 424 2
818 521 2
941 227 0

603 547 2
450 490 2
750 730 1
873 332 0
118 423 1
863 411 2
597 276 1
524 80 0
172 250 1

959 543 47
133 146 47
412 948 37
795 51 19
13 924 3
270 395 29
388 258 40
628 207 18
700 83 48
566 214 44
516 699 43
13 111 41
352 258 44
421 624 19
526 246 16
55 986 24
996 614 33
916 666 16
917 863 23
168 781 40
962 297 39
255 662 3
849 14 13
493 787 37
414 314 33
304 717 36
789 986 5
357 903 20
923 33 1
364 289 13
269 138 30
433 631 17
958 776 5
330 433 24
316 574 10
321 284 13
893 817 36
895 92 20
898 808 11
211 78 1
63 787 30
196 745 9
403 75 44
942 417 4
108 311 23
344 558 15
966 456 24
877 19 4
278 263 17
663 326 6
445 874 2
356 630 29
52 310 23
323 604 43
229 712 4
953 409 14
768 375 20
744 605 39
798 235 2
67 898 30
124 696 5
278 52 35
185 780 3
928 361 16
334 666 27
298 435 4
718 531 9
157 682 47
212 749 45
199 503 46
436 715 5
983 900 37
487 828 48
55 162 15
384 812 2
88 530 35
750 39 17
647 603 17
886 184 15
943 519 15
780 358 43
978 765 7
195 149 19
199 590 1
952 691 46
271 485 46
216 713 29
683 656 1
698 436 9
893 767 25
250 962 26
771 162 16
616 201 1
14 473 39
960 641 14
