56 37 0
96 649 2
430 984 0
442 500 1
342 344 0

327 727 0
380 828 2
731 164 2
287 975 1
879 784 0

754 840 1
629 937 1
831 719 35
527 855 32
592 534 9
179 914 39
727 646 4
487 285 31
335 165 15
99 271 5
901 252 44
704 84 13
139 121 26
427 649 31
60 241 17
771 772 32
663 499 30
750 26 32
565 125 5
572 378 8
869 434 44
884 574 15
61 353 16
444 765 9
362 889 31
546 552 33
376 271 22
843 21 48
828 938 25
83 862 6
591 731 40
887 616 16
953 29 20
31 187 26
814 733 28
97 461 49
719 657 22
719 485 10
845 568 23
701 512 4
560 704 1
482 76 27
169 107 16
746 273 2
226 371 13
978 90 20
750 810 5
813 7 26
386 60 38
42 403 37
968 445 20
447 615 27
466 713 2
218 291 23
783 269 14
6 372 26
989 923 45
777 965 48
317 632 14
561 953 11
881 400 26
660 866 41
712 436 35
136 220 6
2 226 28
30 939 15
65 281 38
512 410 4
10 727 38
176 288 41
788 521 44
366 181 12
10 894 49
945 382 21
