707 606 1
630 71 2
804 694 2
23 630 1
230 983 0
313 343 0
637 367 1
570 814 2
890 127 2

796 586 2
599 646 0
916 628 1
49 432 1
357 455 0
945 37 2
27 350 2
181 340 0
589 262 0

261 153 33
915 301 21
104 252 19
252 168 47
88 927 37
983 224 25
861 604 25
83 785 17
132 988 35
367 903 36
8 964 8
456 787 30
688 875 7
375 858 33
452 71 37
647 532 49
677 664 37
212 32 40
400 573 2
840 933 16
801 389 3
140 157 40
173 609 12
811 489 19
585 137 1
734 814 17
368 972 8
85 125 49
940 808 29
23 948 36
963 473 45
327 636 35
846 222 24
249 308 38
317 532 19
416 148 1
793 516 23
751 953 0
450 894 8
579 917 8
865 232 31
113 560 18
850 758 42
724 8 0
764 325 32
184 93 32
735 886 49
610 440 48
770 19 17
878 237 2
29 552 22
