380 70 2
114 862 0
833 472 2
440 108 0

148 462 1
817 714 2
225 900 0
600 187 0

622 51 23
188 63 37
978 444 8
438 743 44
829 183 3
297 853 31
686 430 31
324 30 19
232 653 20
958 841 35
695 171 29
855 302 39
878 93 34
724 922 17
679 111 3
96 760 6
227 446 36
259 122 16
452 665 14
137 712 38
619 920 40
10 150 35
814 554 20
167 650 31
373 878 29
361 489 4
28 671 13
51 475 28
916 964 42
304 935 14
346 946 14
482 443 39
891 257 45
764 425 45
397 150 25
476 864 16
382 892 39
995 943 14
320 515 16
934 862 12
699 696 5
690 587 15
587 351 42
134 100 44
912 577 8
178 311 0
468 307 46
584 932 7
665 252 25
682 539 37
996 590 33
402 632 22
769 219 26
561 353 26
855 617 5
14 796 17
416 616 26
114 200 10
24 866 15
449 900 4
736 896 44
71 650 28
993 419 49
971 980 4
698 188 22
705 202 18
672 970 36
650 85 36
561 109 4
76 558 4
482 646 3
106 62 23
305 386 5
209 436 43
731 141 47
401 166 18
687 816 5
174 377 16
230 805 26
187 287 24
40 765 43
543 223 7
74 90 29
869 821 21
867 223 37
187 262 3
944 788 33
810 19 38
938 206 28
712 598 43
