641 281 1
340 172 0
481 352 0
682 158 2
61 46 2
544 847 2
238 959 2
581 362 0

968 898 2
843 805 1
938 798 2
714 490 0
245 972 1
675 6 2
542 420 1
940 964 0

551 202 15
677 784 27
971 104 27
165 948 32
607 886 32
683 952 23
578 198 45
178 225 3
288 767 23
444 59 37
800 611 42
468 288 28
497 259 32
425 777 30
157 736 19
40 419 23
765 350 23
462 880 48
165 168 18
376 765 38
18 585 28
796 82 40
861 17 3
930 409 23
579 636 5
80 801 23
348 90 39
675 819 4
53 878 48
109 161 9
409 748 19
114 828 23
528 204 34
835 522 24
726 418 10
534 910 9
384 19 20
644 603 39
77 364 40
387 402 3
872 237 25
898 315 43
910 368 48
198 638 30
971 282 36
912 712 0
602 563 33
473 285 4
872 24 6
475 248 45
600 146 11
495 56 29
896 347 33
207 546 23
889 869 8
175 133 20
178 88 33
11 561 20
717 785 44
474 260 45
819 212 41
480 707 0
861 955 47
496 162 45
770 404 14
678 579 48
833 472 49
5 190 34
201 664 46
646 483 10
590 177 25
937 26 39
649 826 25
249 476 34
937 661 7
538 18 47
924 219 11
922 218 46
132 808 12
402 750 42
979 39 20
718 574 18
862 576 44
473 115 33
130 653 1
329 578 22
192 500 40
539 985 48
97 366 40
667 436 16
385 650 42
653 413 35
38 895 38
441 225 18
64 417 21
