338 354 0
590 650 0
865 404 2
470 906 1
494 444 1
521 405 1
86 733 0

51 958 0
773 237 2
28 567 0
549 257 2
376 847 1
918 65 1
127 535 0

176 29 0
608 550 7
331 988 42
678 391 0
742 164 39
601 545 6
981 822 13
26 93 28
124 220 14
832 749 45
984 357 48
541 40 38
535 70 30
135 165 46
677 766 41
785 56 36
151 37 8
365 416 1
643 892 24
809 724 23
357 708 32
455 601 23
245 136 45
75 623 10
422 300 29
665 86 35
3 237 25
164 954 41
114 468 17
47 275 20
372 521 6
767 948 31
680 722 34
446 391 9
923 555 16
816 973 16
601 864 27
110 331 48
679 730 23
849 102 46
141 901 17
75 612 7
95 411 1
972 503 33
966 598 11
391 448 13
585 448 40
554 523 4
264 970 15
707 542 13
257 62 32
490 28 33
166 109 40
804 46 41
344 601 14
849 217 37
718 307 19
793 623 25
977 465 5
760 918 27
343 84 38
234 889 37
925 585 40
380 551 39
648 621 48
620 501 15
133 646 40
61 623 6
368 736 24
