593 359 1
587 276 0
891 907 1
493 948 1
20 542 2
536 838 2
100 232 0
969 736 1
558 672 0

474 448 0
262 393 2
466 981 1
353 224 0
147 717 2
452 90 0
456 626 0
77 726 1
69 48 1

148 958 13
55 432 13
995 46 7
294 513 40
759 365 33
246 817 23
628 625 2
848 55 30
652 124 28
193 624 37
759 679 21
772 674 18
531 320 33
271 893 49
587 5 17
973 251 36
448 879 12
550 79 17
731 732 43
959 277 17
498 388 49
822 513 23
840 44 46
723 668 41
824 607 46
643 580 0
211 14 45
356 326 24
773 824 13
222 646 26
698 838 22
887 738 0
934 381 32
584 13 15
778 470 13
823 826 39
850 952 16
913 526 14
841 576 5
165 422 18
158 310 8
110 596 40
994 532 5
809 128 37
372 303 16
262 153 18
680 66 46
744 259 25
778 397 5
770 391 37
776 651 37
393 812 15
480 185 20
746 799 24
316 479 42
413 575 4
52 996 8
642 124 12
229 517 24
296 997 9
666 744 8
542 60 39
39 615 42
722 853 41
340 552 16
355 604 12
875 827 5
561 142 47
472 684 9
861 521 37
178 912 2
113 974 9
382 329 16
294 795 14
683 22 42
588 472 17
843 386 11
902 71 19
139 602 32
343 376 18
401 490 43
10 224 24
928 518 21
93 553 44
85 494 18
904 337 4
866 180 14
864 82 36
