929 179 0
873 228 1
173 533 0
772 669 1

860 953 0
194 257 1
127 518 0
901 113 0

673 955 32
908 761 47
637 42 26
456 267 6
310 793 39
444 565 11
5 777 14
304 451 41
881 704 5
52 378 12
834 286 25
933 275 17
211 732 35
70 394 28
109 838 45
522 844 24
512 406 49
6 639 4
261 691 34
175 878 22
851 811 48
920 23 32
257 93 26
387 554 14
434 77 10
259 318 12
55 182 20
7 188 9
311 449 3
697 977 31
369 180 42
317 452 17
349 710 10
127 449 17
392 884 46
204 143 14
766 550 46
438 557 35
398 220 36
753 917 15
634 287 45
326 956 0
394 658 10
906 785 11
973 529 45
821 734 38
635 852 39
984 291 48
521 41 19
507 794 38
823 780 27
670 106 34
970 852 44
332 111 31
144 436 13
30 245 1
771 581 44
69 102 35
940 610 31
729 785 11
156 807 20
638 814 37
935 502 34
434 532 31
132 76 15
519 17 27
701 98 14
14 606 22
786 851 4
763 489 18
850 11 29
726 946 31
212 732 15
944 518 20
257 2 46
24 521 15
