786 288 0
841 501 2
277 261 1
657 676 1
966 527 0
368 415 1
739 354 0

424 663 2
125 814 1
496 936 2
29 722 1
145 915 2
22 193 0
654 202 2

475 168 21
688 888 38
248 979 43
897 756 8
393 233 22
424 730 9
536 111 33
541 630 46
407 285 48
950 760 19
371 801 9
560 49 41
455 299 47
13 44 30
738 821 12
47 357 23
782 998 32
433 539 12
629 947 49
380 249 12
651 972 13
301 339 13
900 353 10
943 842 40
969 624 38
251 410 30
515 39 27
65 771 28
727 422 0
542 585 35
406 238 24
482 872 22
215 167 14
657 488 41
98 739 1
78 255 42
357 672 14
885 751 38
385 293 25
770 699 16
847 621 7
276 455 31
149 22 48
215 680 37
906 778 28
852 565 7
116 450 8
506 187 3
482 310 3
400 157 26
457 433 34
738 934 6
538 150 38
827 56 18
856 416 26
491 268 41
151 736 43
561 594 33
265 428 43
20 828 2
932 375 22
729 741 32
26 793 18
463 857 1
91 494 10
393 243 45
481 527 21
855 18 37
731 100 28
663 550 30
716 576 23
684 96 19
93 560 26
787 695 42
333 528 20
606 383 40
73 482 40
303 198 19
645 327 27
174 423 36
