438 941 2
115 502 0
117 285 1
382 66 2
757 871 1
776 394 2
704 836 2
716 867 1

430 724 2
215 558 0
740 996 1
807 464 1
311 581 1
448 963 1
533 73 0
179 849 1

41 906 36
900 974 3
518 756 30
814 971 40
597 711 38
321 870 2
899 181 35
763 630 1
694 515 24
847 694 23
747 735 31
836 988 5
823 320 35
413 269 48
704 590 21
458 490 2
794 605 34
445 299 1
94 598 33
278 434 23
83 578 29
997 401 2
234 167 21
534 871 14
705 329 6
410 475 11
744 272 11
298 793 12
529 166 49
853 601 27
34 950 28
536 536 45
308 71 16
22 128 48
578 538 23
91 635 46
904 933 39
216 479 29
831 360 47
880 213 1
507 600 1
887 136 40
83 796 11
501 170 41
249 100 30
825 192 17
673 96 0
314 665 31
243 376 7
244 235 7
196 122 45
36 205 42
299 59 12
42 660 15
972 485 7
241 158 3
124 669 16
518 912 42
125 157 29
684 705 2
223 744 18
238 786 29
660 352 27
415 796 0
836 920 21
104 790 35
749 267 44
628 951 49
630 683 44
160 144 29
908 509 44
535 277 40
