11 634 2
191 498 0
611 288 1
558 507 2

378 329 2
478 917 2
268 815 0
711 200 2

934 665 23
490 598 18
902 790 17
182 753 7
716 663 14
687 41 45
380 520 13
163 140 30
675 851 30
867 785 46
126 377 31
445 631 23
614 813 26
71 881 39
387 920 31
32 300 1
947 815 41
677 842 44
608 709 32
556 151 19
739 278 48
520 723 29
444 337 44
472 760 27
812 147 49
193 179 1
446 127 18
839 156 10
435 764 19
817 320 20
86 411 0
436 284 25
417 80 14
590 364 23
241 909 5
192 355 32
310 546 38
270 982 5
939 799 27
112 238 39
914 674 23
792 92 5
333 598 22
806 839 33
811 384 39
295 694 37
936 317 19
341 608 19
770 720 9
259 987 33
384 779 27
589 785 33
699 470 33
173 629 24
556 440 8
295 88 5
933 24 22
904 717 32
675 487 3
684 99 42
368 835 21
495 425 8
630 476 29
363 649 10
640 205 0
655 138 16
679 42 33
312 718 23
17 402 24
709 122 9
532 970 36
140 600 12
631 956 19
484 256 22
424 264 10
93 295 4
478 607 24
351 624 29
187 217 23
123 710 24
888 633 42
949 617 0
568 101 8
392 877 22
359 801 27
785 504 4
614 532 39
918 719 9
