134 174 1
590 321 0
873 855 1
837 846 0
912 594 0
891 845 0
445 509 0

215 781 0
575 885 1
197 284 1
910 418 2
640 361 0
856 586 1
327 776 2

390 688 42
111 579 40
542 376 1
212 592 32
579 519 18
891 69 4
358 972 36
501 180 22
203 507 48
399 249 38
585 255 48
787 468 42
121 47 11
341 290 32
846 180 14
121 538 38
757 391 18
331 594 27
720 239 39
690 824 45
740 963 13
382 85 12
478 624 35
744 97 25
982 206 17
677 572 7
555 644 48
147 686 22
642 426 38
957 808 23
671 704 1
28 534 28
641 260 34
108 12 22
169 41 46
928 948 40
926 95 27
101 737 5
239 46 14
814 718 20
145 664 34
207 413 8
731 934 1
827 215 49
919 141 45
698 594 34
904 185 33
918 999 3
340 167 1
296 312 15
530 237 20
24 444 35
234 175 20
485 2 35
36 922 28
331 972 25
68 876 10
851 146 12
704 486 29
7 782 43
543 688 25
