657 909 0
492 746 0
897 36 2
691 546 2

154 591 1
462 114 0
270 215 1
242 276 2

632 318 24
651 139 18
683 796 28
560 640 26
202 538 12
971 549 18
32 765 12
948 749 32
474 400 23
542 435 22
872 348 12
948 902 2
412 969 33
423 467 20
728 438 21
796 265 42
432 297 9
278 423 11
352 965 49
574 190 47
788 490 49
541 903 18
226 678 35
647 406 26
968 555 43
813 339 40
774 35 39
133 313 12
597 17 29
496 943 19
743 732 10
892 625 15
362 851 45
300 850 1
676 171 8
21 984 47
311 758 32
902 244 48
564 841 15
895 337 9
65 432 43
77 676 18
992 38 19
289 338 22
640 366 43
251 387 27
833 952 33
131 868 26
57 181 47
400 610 23
720 954 12
540 243 2
562 235 19
107 486 8
284 687 9
923 520 13
807 3 34
883 801 48
846 611 41
72 332 45
984 224 40
938 138 25
968 881 1
79 804 23
142 963 26
426 199 27
826 200 38
407 398 0
950 470 32
447 806 6
187 745 44
515 4 39
329 324 20
830 403 26
203 546 42
579 324 41
756 503 43
497 262 41
497 213 12
829 12 20
