516 452 0
419 285 0
510 882 1
526 908 0
854 45 0
950 944 2

49 938 1
470 293 2
886 302 0
688 592 0
275 108 0
763 879 0

588 389 23
815 268 34
31 122 31
81 72 28
348 474 16
344 944 11
16 182 14
140 870 6
242 497 17
148 612 46
340 552 38
765 367 6
99 750 28
183 184 3
211 884 27
529 228 23
140 597 5
406 737 27
880 480 40
78 820 42
522 37 14
501 220 0
256 783 34
133 312 15
306 805 12
13 211 1
942 476 33
720 708 14
110 787 36
404 453 22
66 328 12
183 829 34
483 85 18
785 228 39
147 593 3
950 535 29
734 255 38
998 717 27
434 121 32
809 540 10
573 723 41
557 558 26
462 363 26
51 862 19
204 813 6
186 547 13
876 897 32
353 683 4
987 492 46
598 417 21
389 975 29
618 4 8
416 466 23
443 870 36
414 426 49
273 612 48
386 840 45
569 545 28
225 533 23
773 131 40
44 520 17
109 702 12
447 116 41
246 741 5
944 128 46
644 399 5
537 795 28
756 20 18
980 358 25
23 819 27
287 266 46
978 512 37
986 808 15
482 51 16
875 572 42
450 569 41
507 106 36
437 214 9
506 195 17
481 570 36
511 209 4
657 540 18
896 526 28
912 360 29
680 235 3
723 37 22
164 545 28
