977 380 0
426 46 0
621 67 2
870 841 2
92 73 1
210 814 2
167 532 2
399 152 0

399 417 2
308 701 1
322 678 2
18 104 2
68 726 0
400 948 0
71 40 1
477 250 0

266 168 38
17 568 7
587 902 38
392 273 45
596 341 23
866 93 21
330 164 12
867 641 14
571 878 34
807 496 4
547 513 22
704 28 3
914 615 7
154 360 30
499 956 21
294 153 29
58 372 23
72 943 1
208 102 49
513 649 12
737 705 42
542 971 10
250 126 20
230 977 28
904 900 0
319 546 5
250 604 30
823 28 23
626 589 28
925 102 27
90 191 35
962 566 14
790 470 14
793 789 12
300 392 18
4 194 37
634 471 41
561 561 33
898 196 17
207 638 3
993 953 19
757 95 40
773 240 31
335 541 25
205 721 43
591 711 10
533 625 24
18 523 20
237 82 10
561 185 11
153 959 3
887 646 44
12 852 18
705 956 47
944 547 9
7 432 36
631 450 11
803 687 44
613 479 22
729 41 7
292 546 16
