656 874 0
279 841 2
218 562 2
224 13 1

334 320 2
423 861 0
956 637 2
706 543 0

555 320 45
461 950 27
532 958 1
80 238 44
60 808 9
310 33 24
51 367 44
532 142 7
709 450 44
936 508 38
879 64 10
24 525 10
303 409 18
711 212 2
579 147 13
183 793 24
171 672 40
793 703 26
714 159 18
872 609 19
839 321 33
191 306 49
262 238 46
827 625 5
843 808 0
719 332 24
476 661 27
702 375 36
770 247 48
92 439 19
625 630 27
126 245 17
423 72 42
280 267 3
931 986 37
32 121 15
809 824 42
746 946 40
644 38 31
444 142 8
912 917 31
356 198 0
961 481 37
250 438 32
55 470 6
872 632 32
65 378 28
857 374 19
88 941 35
949 737 27
760 649 45
441 671 26
930 922 16
65 977 39
105 914 1
835 123 25
604 211 18
389 513 5
514 564 17
909 357 38
137 288 10
155 705 39
644 26 39
765 483 5
616 318 29
193 923 42
63 312 5
319 981 28
928 847 44
895 108 4
885 245 44
