462 851 2
676 748 1
868 278 2
535 648 1
868 164 2
465 289 0
641 998 2
618 605 2

948 716 0
906 907 0
699 369 1
662 398 2
673 266 0
990 153 0
88 21 2
825 487 0

183 480 39
415 98 44
472 399 13
936 305 20
42 356 42
351 18 42
408 43 10
79 474 35
719 186 5
211 601 3
955 74 4
193 404 16
179 515 32
341 610 18
305 41 44
819 691 31
124 902 33
34 330 19
846 875 25
15 862 32
554 41 49
136 735 9
456 392 3
250 35 25
695 855 18
327 331 23
560 211 33
219 598 15
888 796 43
665 811 5
197 717 49
596 854 34
360 913 14
735 608 21
179 847 16
414 418 16
979 306 12
124 971 26
141 138 27
828 732 25
