740 430 2
13 357 0
71 835 1
763 842 2
11 935 2
167 864 2
990 16 2
236 507 0

451 30 0
799 315 2
81 55 0
830 421 2
781 492 0
849 608 2
683 619 0
265 786 1

54 776 28
154 365 36
772 967 36
814 48 43
286 878 14
837 213 17
696 897 36
842 514 22
204 920 1
583 74 16
821 881 34
25 171 2
369 809 33
485 630 45
446 467 10
663 516 9
851 358 24
826 915 44
929 850 21
45 671 4
681 112 9
938 211 41
821 48 21
68 495 41
528 510 7
238 362 15
958 469 32
881 866 5
685 547 20
846 833 10
178 771 23
320 944 21
34 540 27
141 130 41
959 944 31
691 255 2
626 136 18
301 668 0
213 199 23
336 871 17
508 314 31
526 701 22
55 194 4
946 153 1
729 197 8
981 175 44
451 406 18
319 273 38
293 962 11
562 822 25
18 756 23
322 54 28
483 117 2
589 709 46
679 354 10
640 917 32
268 113 33
596 131 39
471 805 43
852 81 29
429 916 49
182 96 20
693 147 12
616 88 21
164 120 28
675 760 47
392 329 41
181 800 48
377 652 31
509 968 44
231 661 43
343 629 34
165 793 4
45 468 14
842 828 47
104 220 26
497 754 28
695 131 33
327 191 17
227 701 35
871 932 48
367 276 27
