641 693 1
231 274 1
875 386 2
731 351 0
524 473 0
809 977 2
969 489 0

718 879 1
409 873 0
867 751 1
591 393 1
238 976 2
832 204 1
873 287 1

58 811 48
862 620 27
649 942 17
7 12 48
624 773 21
849 640 23
965 232 18
775 470 46
211 654 0
33 528 37
559 938 1
909 800 23
237 801 15
54 808 29
454 432 3
376 281 43
401 247 27
171 22 0
917 586 4
220 619 34
457 530 22
210 440 24
584 29 25
251 435 36
931 889 18
384 265 2
829 18 49
359 459 11
865 679 31
252 488 13
576 699 3
701 283 32
64 817 7
935 553 24
87 383 43
963 953 43
675 818 24
6 70 13
219 647 12
225 700 47
259 678 31
377 743 49
736 678 2
712 117 37
707 955 31
892 918 34
887 593 5
562 951 27
725 523 26
939 100 26
436 359 7
819 88 2
668 824 32
912 596 4
644 488 24
165 367 46
793 306 46
770 742 6
129 561 44
231 582 21
363 357 10
964 269 8
520 265 47
994 298 25
414 185 17
138 702 34
736 496 40
83 618 34
789 747 47
935 330 29
258 45 38
470 9 10
