228 484 2
157 440 1
979 17 2
311 614 0
367 179 1
584 746 2
637 966 2
242 983 0
366 284 0

321 712 0
262 940 0
541 98 0
478 77 2
161 740 2
703 460 1
256 44 2
237 33 1
625 275 2

889 315 47
999 577 38
296 470 38
682 300 17
789 461 7
510 517 17
411 125 14
410 363 47
375 988 25
908 81 35
796 729 35
484 763 37
601 552 1
810 414 20
480 825 45
194 587 10
941 962 49
668 638 43
37 898 26
424 456 11
824 88 5
164 852 23
934 684 1
182 878 38
792 171 3
743 840 43
886 229 41
815 653 48
176 42 2
618 866 41
823 482 32
932 646 36
807 933 20
797 907 22
752 651 12
345 889 41
136 232 39
41 850 7
682 25 39
716 309 36
955 117 19
877 625 36
678 774 43
650 878 46
814 223 36
855 412 42
901 900 25
990 293 27
875 351 31
432 906 35
528 908 14
307 183 4
584 525 47
63 175 25
568 615 21
735 842 22
18 791 2
927 575 11
315 103 19
718 696 23
478 939 34
52 923 26
223 658 19
97 677 12
552 956 37
913 271 43
534 852 25
878 571 21
504 895 27
312 373 16
998 650 21
860 703 47
7 728 36
469 280 43
859 193 16
550 462 37
721 985 13
918 673 42
478 681 20
907 361 45
76 65 24
745 344 32
824 776 25
684 224 2
546 298 37
760 216 12
28 668 11
901 841 25
