472 814 1
907 399 0
68 763 1
577 9 2
954 991 0

463 859 2
962 393 0
667 574 2
120 872 1
187 997 0

890 469 11
460 728 13
758 796 26
929 726 35
7 680 29
218 496 38
424 458 31
475 477 5
490 949 29
15 488 26
762 378 48
676 190 26
65 230 1
502 237 33
931 455 29
219 232 39
900 59 16
507 549 17
338 565 5
815 679 35
465 355 26
491 696 27
666 761 7
919 264 45
853 547 2
634 767 36
226 19 46
294 527 47
312 865 12
817 32 44
405 497 1
831 341 48
867 279 27
414 132 25
417 118 44
355 344 13
353 639 42
901 951 10
365 120 42
861 525 42
713 708 33
613 618 42
626 486 21
904 900 5
81 317 24
25 25 18
183 279 12
687 858 10
264 536 37
907 163 23
180 419 24
