676 231 1
816 22 0
842 245 0
924 63 1
295 339 2
335 5 1

425 116 0
673 65 0
324 179 1
237 947 0
684 623 1
526 791 1

293 633 46
817 910 11
992 205 0
267 893 7
44 318 26
565 343 41
343 667 22
486 904 19
532 940 44
160 819 36
811 464 21
59 281 31
370 626 37
372 893 32
731 289 2
207 854 45
100 549 14
173 36 20
544 920 12
539 80 31
325 891 45
96 302 29
778 672 7
17 396 0
501 480 39
303 687 45
800 140 45
964 313 33
384 857 3
96 748 35
327 522 31
308 652 6
767 522 34
904 625 14
449 941 29
734 677 36
939 125 35
224 105 10
105 785 32
289 93 36
145 9 7
101 128 29
186 37 6
662 941 33
926 742 24
855 476 3
993 415 29
