527 307 2
931 416 0
942 578 1
996 666 0
802 959 0
881 354 0
810 101 1
655 406 2

119 692 1
82 539 0
843 66 2
770 350 0
439 292 0
823 641 2
122 443 1
475 324 2

956 486 38
691 493 44
55 612 36
29 47 27
328 890 44
934 13 46
529 102 24
744 885 37
482 928 30
626 335 45
542 45 34
336 980 47
184 937 2
972 847 30
754 728 32
978 187 11
231 931 47
47 206 30
291 748 25
426 436 7
877 592 43
304 230 8
81 80 49
194 480 7
24 771 5
252 549 41
459 475 13
651 514 6
75 357 35
686 164 45
580 468 25
888 902 8
197 473 11
203 77 11
996 536 38
762 844 42
120 848 6
176 923 16
614 961 32
311 893 1
239 782 5
599 74 3
402 826 5
915 175 44
903 937 38
596 57 38
154 585 13
422 551 24
855 863 20
263 53 28
218 844 49
647 246 28
504 162 3
489 13 49
641 942 38
667 797 1
587 257 7
641 872 10
521 738 2
99 242 14
852 493 32
