571 503 2
54 666 1
12 879 1
464 783 1
651 497 2
531 910 1
802 51 0
667 933 2
110 201 0

506 20 0
821 943 1
576 998 0
443 10 1
454 827 2
660 830 0
214 713 0
285 515 1
911 182 2

858 293 3
277 151 25
50 324 18
326 900 18
620 696 31
794 150 8
909 377 3
626 14 18
394 925 2
447 135 45
350 413 48
196 142 25
764 762 21
97 273 14
750 899 30
270 645 6
973 92 41
320 443 6
819 420 20
993 968 12
68 733 26
839 780 35
464 938 48
252 35 21
768 138 22
299 408 17
755 381 12
698 702 5
227 866 46
189 935 31
265 126 13
602 943 3
303 195 39
276 963 29
149 614 37
18 369 21
980 420 25
737 475 48
413 243 1
996 860 30
365 118 20
54 394 33
233 895 0
172 914 19
493 246 41
868 984 18
468 251 22
935 16 15
688 364 28
568 75 43
391 440 13
113 494 7
447 79 5
747 604 21
562 318 1
830 786 4
153 73 22
70 762 36
848 330 12
723 85 34
694 206 34
911 768 4
465 950 40
