899 85 0
624 597 0
262 787 2
382 814 0
376 382 2
515 31 2

54 327 0
530 989 1
418 330 0
336 641 0
682 540 0
804 516 2

722 779 25
981 161 41
435 889 25
947 756 7
441 162 34
501 462 5
789 832 39
729 636 6
267 710 37
944 43 0
13 777 47
270 219 9
206 527 3
132 28 15
739 666 15
988 455 47
778 185 36
823 888 22
14 901 0
961 523 21
422 730 0
575 214 29
190 305 45
307 294 3
904 424 38
842 860 44
183 260 34
705 274 37
228 361 43
331 936 9
110 478 14
907 785 8
302 884 44
897 375 31
944 910 41
718 677 4
431 257 15
874 588 3
235 50 31
510 822 10
172 966 33
114 847 2
188 996 37
703 222 25
507 809 26
140 710 36
