588 308 1
565 615 0
819 159 2
565 599 1
74 997 1
311 143 2

279 806 0
422 394 2
375 330 1
296 834 1
224 775 0
555 340 0

308 511 33
214 76 32
90 150 30
16 813 23
25 444 32
750 866 26
790 593 8
933 242 45
229 466 20
186 373 12
109 681 23
544 896 49
227 338 1
259 707 16
82 84 10
416 835 28
144 625 21
203 558 13
448 140 31
820 678 5
532 787 36
107 684 34
758 911 25
559 522 32
877 956 18
287 373 3
915 517 29
488 72 39
585 692 7
929 683 31
865 441 44
492 352 18
474 229 24
893 868 47
498 783 15
729 624 39
519 928 12
800 513 4
408 458 31
507 739 16
290 604 8
904 923 44
428 168 12
678 667 48
284 267 0
996 68 15
401 476 23
734 335 12
750 625 19
560 961 18
75 865 41
819 645 10
783 323 29
883 120 27
255 405 45
907 753 15
425 506 41
48 240 28
763 343 3
434 255 16
202 682 33
893 501 28
105 637 4
336 520 26
964 128 31
211 35 35
526 460 41
669 861 34
147 976 29
602 410 34
18 612 17
651 857 20
281 963 9
14 615 10
134 352 8
