297 549 2
411 420 2
159 102 1
896 858 2

467 964 1
85 845 1
912 210 2
969 145 1

443 587 36
31 571 8
587 868 9
99 631 29
947 791 34
412 687 42
97 506 6
49 592 1
220 504 13
184 826 10
479 621 47
715 653 21
833 43 21
114 990 14
498 755 1
740 852 9
298 253 3
701 473 10
314 9 36
776 489 7
474 204 12
936 713 0
409 179 43
673 678 0
976 770 4
786 421 8
539 122 33
149 789 43
937 565 32
347 391 38
409 838 18
768 127 33
171 536 13
564 562 43
416 538 15
120 324 36
78 216 11
862 717 0
7 655 17
289 2 11
127 763 49
198 532 26
981 703 15
944 619 27
289 387 17
405 507 44
941 938 10
104 159 34
174 800 36
635 927 2
286 477 36
65 459 41
380 755 10
609 45 47
820 743 44
832 696 48
