276 330 2
81 837 1
948 182 2
596 915 2
753 339 2
930 352 2
426 582 0

931 688 1
719 893 0
789 319 0
65 947 0
513 380 0
496 329 1
870 925 0

53 31 49
971 961 3
608 671 25
176 742 20
46 531 39
289 949 38
862 462 19
217 181 25
77 234 8
628 205 19
531 709 9
16 669 32
894 846 24
664 244 8
106 534 7
615 669 32
65 239 13
199 944 5
271 827 15
82 195 36
564 89 34
140 106 29
248 212 15
305 706 11
177 674 33
359 739 24
75 532 40
673 84 36
180 355 13
397 437 8
368 493 6
49 742 18
616 399 26
213 640 42
437 715 24
329 740 8
517 920 15
180 318 4
690 322 3
96 724 47
93 485 17
535 274 32
920 472 44
686 652 12
240 43 16
500 85 41
253 182 15
100 248 7
698 991 28
225 437 15
392 324 40
626 186 47
600 107 20
847 145 24
59 737 17
578 237 5
419 842 37
336 942 37
593 993 29
123 218 18
491 963 42
133 941 29
730 542 38
800 741 35
875 800 22
344 730 12
899 501 4
988 837 47
326 783 42
7 258 12
125 749 25
548 965 13
636 765 4
573 992 4
808 588 38
562 577 28
