679 600 1
949 194 0
284 567 2
123 919 1
624 644 2
124 690 1
303 173 0

518 476 0
716 31 0
759 839 1
856 870 2
726 171 0
827 808 2
73 931 0

288 384 22
740 687 45
862 557 21
351 273 4
113 385 43
13 241 16
866 319 39
913 146 47
880 571 31
765 640 39
647 280 23
220 20 10
965 882 19
539 586 42
939 64 20
957 931 39
146 196 37
496 76 8
966 841 30
891 413 3
503 731 35
466 117 24
646 408 39
66 365 20
158 864 16
395 360 45
204 137 41
356 455 34
437 346 48
577 873 3
851 339 22
527 337 31
916 404 48
588 562 12
105 309 22
402 865 9
893 222 14
208 478 36
363 681 28
636 209 15
669 477 19
67 66 33
330 523 43
952 277 8
