749 510 2
449 132 0
222 508 1
172 649 0
64 418 2
25 792 2
109 478 1
995 13 2
359 761 2

533 349 1
770 98 0
204 899 1
885 121 1
764 293 1
546 709 1
650 735 1
810 196 0
436 192 0

488 551 8
527 206 7
773 762 7
928 662 35
235 665 20
334 475 19
616 263 13
910 751 16
318 246 2
427 773 10
635 547 23
94 699 23
674 91 37
900 20 49
429 558 5
192 820 8
664 918 30
325 905 29
100 351 31
875 26 22
62 278 44
263 818 2
130 29 46
823 458 6
428 3 26
444 878 38
876 555 43
856 655 45
887 530 23
361 944 3
856 559 22
706 217 11
12 645 16
108 930 10
996 807 15
638 902 4
161 263 0
667 119 11
639 429 5
992 135 22
322 990 6
54 98 36
664 446 45
353 578 12
759 739 28
109 758 49
722 749 29
377 93 16
249 249 16
119 571 8
475 625 8
911 822 43
371 527 21
86 286 13
865 469 23
96 847 16
463 448 15
681 567 38
889 394 15
547 860 6
398 494 7
372 932 45
85 348 44
908 214 16
833 310 15
606 399 27
421 298 39
230 301 10
212 52 7
370 424 39
517 861 38
480 955 16
395 455 42
423 954 0
312 184 4
973 396 6
271 988 41
782 627 24
276 737 49
980 554 33
331 866 19
335 191 18
391 23 38
223 295 26
916 58 28
