730 469 0
577 436 0
107 980 1
210 354 2
149 302 0
308 442 2
206 745 0

379 829 1
289 208 1
388 618 2
39 348 1
100 925 0
172 384 0
180 595 1

407 96 17
570 756 11
724 314 7
82 693 38
405 983 46
504 723 17
424 762 15
814 863 43
345 387 27
855 919 24
720 678 20
500 165 21
949 669 47
16 93 9
783 260 24
828 605 13
258 812 32
282 885 11
755 124 12
983 677 39
526 289 47
115 142 14
38 91 33
447 594 39
423 423 46
787 681 10
421 315 45
382 70 22
536 932 41
885 475 37
516 274 31
407 698 4
903 837 37
916 258 3
461 993 25
483 289 33
535 177 18
228 65 17
63 117 7
989 2 35
78 519 9
409 278 7
516 182 44
758 911 48
636 747 39
919 282 17
839 510 32
916 914 3
501 992 24
713 753 3
270 269 37
17 925 37
22 35 0
11 943 31
180 134 41
414 293 16
765 210 32
471 63 26
695 776 32
939 416 28
778 790 14
529 162 37
378 525 32
510 706 17
503 120 10
422 238 22
606 709 36
783 756 14
65 659 13
968 598 31
797 729 23
13 610 37
252 988 13
104 706 41
714 128 31
887 734 40
475 869 47
839 286 6
955 255 6
486 404 35
347 21 38
412 456 38
183 912 46
908 866 11
99 341 30
398 532 19
356 487 24
264 326 30
902 838 49
149 537 20
737 950 29
528 133 41
24 912 20
1 821 36
64 272 29
996 670 12
689 642 27
919 544 15
