478 966 2
843 597 0
917 807 2
906 890 1
954 387 1
461 326 1
925 947 1
957 934 2
760 266 1

27 934 1
316 412 2
719 608 2
740 877 1
553 783 0
658 738 1
361 199 0
251 124 0
324 81 2

229 842 18
706 701 4
319 606 37
175 264 27
418 977 26
208 553 34
11 134 28
434 624 43
553 876 3
280 582 4
236 901 12
623 429 27
101 847 4
129 539 35
282 748 40
868 111 27
648 542 11
244 881 13
448 513 47
46 178 29
502 659 19
540 941 19
130 161 30
207 809 22
570 163 1
125 207 48
923 264 49
974 831 26
485 83 14
157 665 30
130 588 43
783 498 1
317 975 10
219 224 7
445 30 38
850 868 22
