429 823 0
972 128 0
546 322 0
933 430 2
923 603 0
710 829 0
774 958 1

962 12 2
201 216 2
622 593 2
108 374 2
505 699 1
791 597 0
761 530 1

795 806 21
821 516 2
559 643 10
485 605 22
598 806 41
431 428 36
439 888 10
622 746 9
286 537 9
272 650 39
40 445 45
411 619 14
964 530 7
474 15 12
349 965 18
440 396 49
476 187 39
238 809 35
700 96 22
759 720 25
348 761 20
96 524 41
360 488 21
619 315 38
131 664 3
801 104 1
252 932 38
592 170 0
29 870 48
277 330 31
699 426 6
93 138 46
16 757 11
955 240 27
210 393 33
862 998 15
700 590 36
52 971 8
500 623 40
21 252 20
302 304 48
108 749 36
107 765 45
68 720 37
46 931 32
479 145 30
85 250 44
843 102 19
357 426 28
205 886 27
543 993 44
110 643 45
892 840 42
265 925 44
609 121 47
852 766 48
432 323 35
761 219 30
856 209 46
671 239 10
121 701 4
716 593 46
860 210 24
255 819 47
752 100 5
372 304 21
771 737 47
408 498 16
390 354 25
255 918 13
652 779 23
326 34 43
28 510 49
702 281 36
699 41 37
915 784 43
692 923 23
709 974 23
778 230 42
441 882 21
315 560 5
360 385 43
505 765 3
306 467 37
845 518 28
882 785 14
