607 972 1
662 789 1
393 359 0
428 759 2
790 29 2
762 175 2
186 355 1
445 204 2

787 159 1
978 92 2
827 51 2
144 713 1
922 106 2
203 886 2
535 29 2
446 791 2

844 329 14
157 774 21
832 913 30
912 892 24
27 567 39
107 45 34
411 580 13
95 378 6
955 222 36
521 731 12
644 564 28
574 828 22
948 811 45
374 838 12
865 402 4
462 861 49
298 624 31
172 27 34
622 545 29
352 119 7
974 420 21
19 146 11
984 11 15
289 124 1
72 639 23
881 811 0
265 321 3
733 296 48
412 648 19
272 975 39
295 994 35
249 409 0
702 481 41
876 715 3
879 830 21
701 454 48
942 749 44
330 905 25
728 29 45
304 630 5
255 637 38
431 871 5
377 803 41
96 156 27
342 813 10
349 169 43
837 569 4
745 824 43
