604 518 1
838 800 1
963 965 1
214 530 1
58 150 0
761 728 1
330 648 2
882 494 2
124 874 0

593 298 0
671 902 2
556 92 0
114 55 1
866 621 2
115 31 2
468 145 1
517 475 1
585 357 0

965 778 14
664 802 19
881 358 11
250 824 19
462 626 17
299 81 1
889 253 34
353 570 12
467 234 14
188 467 25
650 717 1
519 653 44
361 101 2
902 120 27
396 419 8
599 660 11
283 365 32
714 373 36
41 23 5
387 256 10
91 491 26
950 494 17
209 94 28
72 729 43
868 128 22
79 515 28
392 958 19
268 731 15
616 682 10
735 891 4
515 315 33
661 822 13
695 660 42
423 880 23
45 312 38
923 704 47
760 292 12
722 27 5
426 895 21
35 243 2
478 18 32
401 63 44
191 338 0
421 742 18
935 464 48
341 242 43
62 806 49
605 982 48
481 601 24
226 144 14
378 437 47
855 210 41
623 145 8
771 486 2
814 548 8
765 153 43
264 650 13
995 759 10
860 137 47
59 344 9
0 968 5
621 671 47
466 935 48
392 114 30
760 461 41
921 321 31
870 380 25
30 733 43
687 843 35
478 306 41
522 928 14
720 394 0
443 854 46
476 76 28
847 145 7
284 976 13
275 498 43
290 218 40
