782 826 2
902 326 0
526 330 1
727 618 2
628 282 1
853 302 1
516 414 1
887 331 2
628 134 0

969 30 0
766 164 1
512 66 0
299 944 2
585 671 2
822 651 1
497 505 1
725 373 0
110 613 0

603 562 16
263 681 31
398 193 49
210 844 44
705 430 17
565 453 26
784 289 14
918 913 22
934 528 3
467 926 49
67 489 43
611 194 25
749 929 35
177 545 13
979 681 4
105 883 29
28 817 7
983 285 36
132 704 25
478 667 19
253 197 33
985 947 12
170 476 9
885 455 40
242 553 5
332 506 1
207 984 18
628 590 15
413 927 14
128 449 41
32 576 1
289 484 12
430 323 0
740 270 24
338 162 15
171 556 34
629 775 20
731 97 35
393 527 8
445 267 28
520 954 33
18 300 37
312 809 31
548 790 7
968 601 13
