515 300 0
924 231 2
872 856 0
774 195 2
488 338 2
792 925 0

306 778 2
273 828 1
52 745 0
382 575 0
21 442 0
752 367 2

473 591 7
381 366 2
370 206 40
180 351 18
201 657 48
107 282 27
939 335 22
397 69 49
813 90 42
529 194 11
181 667 2
688 48 20
391 771 27
453 504 37
902 611 20
179 551 7
855 114 18
247 995 14
358 176 32
412 865 32
833 608 5
812 391 8
129 99 24
708 183 27
86 38 43
906 637 39
921 347 15
955 760 32
389 945 40
595 757 34
103 547 31
116 28 30
971 488 47
92 833 25
733 106 23
550 61 35
233 451 30
875 46 37
261 501 36
492 969 14
174 413 44
838 384 35
686 535 14
924 979 47
151 712 4
726 614 17
61 199 18
693 75 16
730 688 20
18 533 39
983 707 5
79 546 41
16 584 26
880 508 7
930 659 21
324 493 12
662 594 34
904 929 43
559 360 41
950 377 25
877 609 35
486 891 47
744 281 34
879 957 29
45 362 1
829 266 30
24 825 42
766 127 21
91 356 31
629 843 22
826 651 2
847 626 42
286 465 3
387 646 19
769 671 46
511 789 24
983 880 30
416 509 23
740 687 24
394 800 19
329 648 46
221 427 18
165 65 34
118 452 32
86 436 44
610 419 27
491 187 38
