941 39 1
115 857 2
297 887 1
586 34 1
860 301 1
689 672 1
642 287 1

950 993 0
872 122 2
974 397 0
625 690 1
670 805 1
503 103 1
629 41 1

29 901 32
586 943 6
694 937 44
964 111 12
790 85 11
698 733 9
706 588 12
601 217 5
882 598 9
464 184 2
423 230 41
669 381 30
908 345 41
270 487 26
734 36 39
536 734 24
495 792 15
910 393 32
365 275 33
74 92 17
19 536 31
199 444 28
842 67 16
571 801 2
10 689 38
887 536 31
352 798 26
386 516 4
19 942 48
189 21 15
589 392 1
370 944 45
848 786 14
166 357 17
520 720 8
609 959 45
842 663 43
820 49 11
74 421 4
772 610 25
689 199 19
790 921 13
688 121 2
280 769 40
327 963 3
173 784 5
534 210 26
838 983 38
515 672 39
585 815 10
950 503 33
