567 18 0
964 949 1
500 825 2
471 822 1

823 731 2
335 862 1
50 575 1
796 437 0

918 352 13
353 577 31
888 496 0
922 461 1
602 313 27
416 785 1
473 960 33
136 295 47
715 697 22
594 846 11
875 764 14
739 470 43
670 358 40
972 632 3
224 235 16
653 3 3
904 828 13
239 965 11
437 32 10
561 626 6
123 854 23
389 945 43
232 967 3
572 940 36
77 516 23
544 521 28
147 777 6
63 17 23
274 806 6
534 367 32
993 842 36
216 231 33
261 816 1
16 740 43
404 818 9
379 362 32
164 924 28
639 198 34
795 85 4
930 430 48
918 998 30
852 259 48
753 627 38
946 32 6
7 411 20
941 769 32
300 285 6
29 924 7
915 72 44
169 354 24
618 272 22
650 476 33
498 581 10
438 879 42
845 238 6
965 179 27
558 213 38
15 128 12
261 650 16
937 620 41
259 622 19
544 120 1
49 755 19
757 73 0
234 372 32
348 930 45
386 297 26
201 910 28
162 106 20
432 2 42
283 107 2
365 508 8
686 265 31
187 499 5
871 199 38
769 585 37
795 138 48
823 508 45
823 670 4
93 454 6
839 103 25
247 141 42
80 328 43
