878 609 0
321 967 2
711 81 2
958 546 0
874 60 2

337 272 1
330 905 1
845 834 1
420 249 1
285 21 1

549 251 22
799 572 42
265 284 25
619 594 22
649 468 32
69 157 7
736 487 12
759 684 48
596 104 49
503 742 20
466 643 24
39 442 46
256 678 29
480 680 49
413 101 7
322 837 46
136 949 31
785 545 35
34 48 29
657 515 23
531 906 17
329 189 27
764 797 7
793 278 37
994 43 41
353 717 28
200 853 27
731 638 24
448 34 40
173 565 48
919 362 36
177 155 16
466 502 11
438 55 32
967 786 22
42 505 47
517 305 33
859 478 0
107 170 47
834 267 17
51 85 19
14 943 26
343 733 32
49 94 27
599 611 32
534 470 12
35 929 33
782 177 25
860 415 29
331 429 24
658 124 7
392 353 10
912 755 6
290 354 20
837 275 22
997 301 11
741 513 28
570 197 8
695 855 34
166 863 43
523 505 49
195 830 39
409 891 24
11 888 27
