433 255 2
879 486 1
812 242 0
850 543 1
127 329 0

259 344 0
81 399 0
512 244 1
860 783 0
541 786 1

191 219 18
115 451 6
606 615 0
456 945 23
611 637 21
878 149 17
483 903 37
548 446 8
674 519 29
371 858 44
996 68 0
317 31 39
38 909 39
708 406 0
48 789 49
858 657 13
472 684 32
53 111 36
100 482 44
796 478 14
48 147 45
937 186 7
976 894 13
729 55 4
32 455 44
149 137 37
331 190 0
268 642 34
414 438 12
629 838 10
226 776 48
733 104 44
646 833 1
97 704 19
50 853 7
40 536 47
492 156 40
427 571 30
191 552 19
103 778 47
201 864 3
648 663 9
854 112 13
726 515 18
383 907 6
582 399 13
424 826 36
705 18 40
176 121 20
775 675 34
830 924 47
71 573 12
45 505 42
22 823 0
435 599 27
771 656 47
363 184 20
733 959 47
968 142 22
65 213 45
529 96 24
754 141 30
198 907 22
197 281 45
948 716 45
596 287 47
44 255 41
416 672 5
713 202 3
19 507 3
842 56 34
839 4 2
690 57 47
128 654 35
877 698 42
769 466 15
226 179 19
779 968 29
473 988 38
779 182 45
365 373 1
668 810 35
513 500 44
561 628 48
248 505 48
190 626 16
157 852 45
326 631 14
508 457 4
196 588 36
941 953 11
43 973 21
730 487 23
474 400 1
873 648 9
673 838 37
292 996 40
