446 268 0
33 340 0
15 553 1
713 583 2
940 56 0
706 601 1
514 780 0
915 112 1
185 532 0

678 73 0
314 519 0
272 904 1
364 272 1
272 337 1
30 277 0
391 335 0
679 201 1
229 117 1

226 654 47
360 685 22
271 999 44
451 623 48
748 964 11
109 347 40
545 417 29
48 998 46
811 585 37
735 856 39
179 659 14
880 982 6
852 731 21
866 192 18
156 719 6
134 617 25
313 17 23
961 681 47
263 844 34
251 579 43
590 759 2
256 639 35
263 843 18
234 709 10
904 866 32
137 313 16
960 626 49
359 889 43
696 492 23
889 434 32
741 691 21
928 954 14
846 188 26
309 444 42
642 893 7
458 205 33
