553 219 1
420 175 2
278 986 1
143 245 1
951 810 0

759 788 2
940 661 2
22 948 1
369 195 0
15 464 1

862 18 7
514 790 34
175 421 20
617 916 18
157 867 28
944 978 18
290 918 31
409 940 29
437 661 26
320 676 43
906 538 13
415 404 5
100 579 26
770 548 42
390 57 9
820 1 37
391 643 7
622 405 47
154 842 8
880 162 36
423 420 26
688 835 30
744 287 10
220 410 10
613 800 18
224 621 21
814 12 15
121 140 14
581 373 26
718 148 48
175 581 23
537 153 33
447 766 35
767 343 6
89 157 20
406 830 7
776 951 49
692 533 22
418 251 21
305 522 41
278 59 44
13 859 13
549 626 6
57 67 15
930 473 45
789 601 47
788 293 30
