33 888 2
30 491 1
990 124 0
651 842 0
5 228 1
61 691 2
921 66 0

346 734 1
230 920 2
443 556 1
947 941 0
240 971 1
734 314 2
260 965 0

229 322 44
901 383 35
805 657 3
979 355 39
665 586 12
85 381 18
247 329 9
649 921 32
247 655 48
532 497 38
677 398 23
864 203 30
470 182 36
809 199 24
421 285 5
402 886 7
835 133 14
285 101 32
349 634 29
439 663 27
912 527 32
395 997 15
233 159 16
657 932 1
814 874 38
301 276 24
827 101 8
509 450 44
617 505 37
749 900 36
416 485 45
283 142 28
174 610 32
800 22 48
207 849 49
562 750 42
109 469 0
847 237 35
393 872 30
223 11 39
927 537 1
611 338 23
759 897 25
360 965 35
55 952 7
205 61 28
255 260 16
142 653 40
524 228 1
863 507 41
516 119 31
840 230 28
