895 409 1
530 147 1
86 387 2
140 446 2

603 280 1
966 209 1
920 887 0
663 420 2

934 30 10
551 956 8
230 734 14
798 172 3
472 313 49
489 916 31
586 882 41
382 818 2
472 104 32
632 7 40
41 994 44
210 576 30
175 375 3
878 199 16
380 688 34
161 626 18
504 600 24
734 982 44
88 807 48
472 791 8
813 184 2
692 922 6
495 800 5
963 532 46
699 694 22
669 550 25
793 637 7
88 725 16
838 198 8
596 363 44
349 424 39
30 116 11
86 963 14
693 926 46
341 977 42
264 646 43
348 880 7
365 718 5
525 315 20
869 16 45
609 46 13
622 484 27
436 529 5
135 871 33
822 626 21
402 974 1
60 691 20
267 216 37
838 86 3
833 47 1
648 669 35
75 458 14
781 593 37
816 472 24
145 295 0
267 49 27
692 729 37
79 919 25
482 104 24
635 752 45
87 961 48
124 777 23
1 922 18
151 541 19
980 514 31
501 206 12
238 638 31
765 472 35
339 108 37
934 28 17
340 467 28
338 944 7
513 945 32
983 448 23
503 429 39
836 930 46
898 520 36
231 285 8
316 624 16
505 910 47
523 250 14
853 941 10
961 454 5
