521 208 2
92 928 1
639 294 0
31 280 0
173 856 2
687 871 0

15 95 0
743 846 0
820 801 2
103 633 1
605 155 0
829 599 0

691 590 24
404 973 5
978 146 13
885 834 34
913 201 32
618 944 30
652 764 31
439 868 16
734 6 25
915 698 15
741 102 41
496 433 37
459 670 23
646 584 24
928 202 21
408 854 35
689 645 5
307 127 31
81 862 39
473 518 42
114 367 25
254 178 45
227 824 31
754 104 33
225 512 39
620 861 12
253 294 26
892 100 3
582 925 23
374 40 42
951 294 21
846 873 47
30 979 2
63 556 16
655 369 22
891 989 33
255 594 29
481 486 29
836 68 4
710 442 46
654 393 42
725 622 45
129 37 2
397 44 23
219 936 14
254 191 8
583 673 46
364 509 15
71 571 9
817 226 5
