21 593 2
414 80 2
426 843 1
17 43 2
808 489 0
441 651 0

132 620 0
969 632 2
570 515 2
647 250 1
454 624 0
232 38 0

896 816 24
563 186 19
655 994 8
116 787 12
337 920 32
247 889 14
603 811 31
68 810 32
923 265 6
723 849 46
604 746 14
680 661 0
151 317 47
112 433 34
724 122 4
956 370 45
172 973 7
904 393 17
238 668 34
844 391 34
192 347 32
356 379 43
59 531 12
756 995 46
240 719 20
997 27 40
642 551 15
99 807 8
719 45 28
955 889 22
41 433 19
873 790 1
881 605 29
829 845 48
900 194 27
692 837 28
458 288 36
968 359 31
147 315 23
69 356 6
690 582 48
43 949 47
927 182 4
806 12 2
756 912 46
614 414 24
302 383 33
35 882 0
10 303 9
419 345 41
617 389 42
17 316 24
21 475 36
575 583 0
557 635 21
