21 126 0
647 136 0
908 574 0
361 161 2
609 589 0
835 129 2
979 948 1
341 933 1
850 622 1

649 10 1
338 32 2
196 679 2
432 939 0
943 653 0
703 262 2
394 97 0
803 76 0
946 769 1

522 959 38
210 155 19
34 940 8
137 883 11
402 586 25
255 981 24
942 136 2
578 82 22
499 288 42
394 601 15
300 123 25
238 333 32
559 719 22
468 857 6
381 259 44
909 866 27
533 161 14
586 739 46
760 590 37
202 336 38
344 227 46
227 787 15
401 607 24
107 988 33
104 249 2
81 783 13
744 481 46
581 35 32
284 349 49
530 928 36
847 329 45
22 789 35
807 893 35
272 522 39
528 618 20
374 551 7
