984 523 0
29 291 0
383 612 0
857 142 1
267 899 0
731 103 2
820 442 0
655 738 2
796 717 1

394 129 1
101 465 0
134 495 0
586 878 1
611 87 1
613 706 0
845 790 2
288 610 0
642 617 2

927 766 16
109 160 47
649 261 12
416 396 7
122 334 37
793 945 26
957 910 33
21 755 25
188 396 35
149 38 3
848 965 19
513 76 43
227 845 41
437 967 25
524 112 23
636 443 41
11 983 37
303 332 43
401 392 43
292 829 13
869 706 25
530 97 42
687 464 43
332 488 43
52 746 8
553 147 1
211 661 40
989 757 49
188 287 48
270 110 35
157 847 22
770 650 11
603 214 24
845 555 31
645 926 33
906 87 6
679 357 16
916 420 10
641 929 9
465 49 11
437 819 14
200 774 28
157 817 28
330 462 7
214 720 44
520 399 1
288 315 23
850 309 5
260 774 4
421 211 23
585 411 0
315 387 20
600 545 37
629 227 1
