385 763 1
110 441 2
374 917 1
66 906 2
950 54 1
967 552 2
906 50 0

124 11 2
717 873 2
341 77 0
905 463 2
578 925 1
799 300 0
40 366 1

17 668 10
452 987 14
168 370 26
839 781 27
213 38 42
282 120 21
482 160 39
588 178 8
100 982 47
517 423 43
109 727 39
782 644 48
952 278 18
773 760 29
313 700 9
873 152 43
420 669 16
214 653 9
730 763 48
38 225 27
127 763 20
624 975 6
705 640 8
558 286 34
926 852 38
238 934 3
86 972 28
938 707 42
154 763 44
649 387 21
607 93 12
266 409 27
965 246 17
155 484 1
287 639 25
581 577 32
125 84 47
519 85 36
593 692 31
955 310 41
182 443 12
117 564 44
769 25 18
744 665 10
819 598 39
601 724 23
850 595 10
487 188 5
568 143 15
411 678 11
574 78 20
334 195 36
931 316 14
801 61 29
311 880 27
103 834 1
626 684 49
259 855 13
722 781 43
242 116 38
845 552 16
324 864 48
656 884 42
