583 48 1
465 728 0
860 234 0
236 372 2

421 898 2
107 677 2
968 529 1
957 505 2

609 718 13
945 435 25
886 370 26
107 188 4
712 48 41
425 57 13
658 517 43
42 485 22
499 794 30
926 404 48
665 587 6
843 694 44
749 759 44
890 864 30
756 290 40
519 300 7
312 695 44
987 194 38
167 120 44
159 572 29
755 321 38
399 212 4
679 968 46
369 839 49
928 152 44
972 139 38
163 306 10
757 723 24
53 178 3
287 337 27
256 843 13
513 523 33
59 244 22
610 525 26
504 849 15
944 364 21
505 122 47
481 527 25
835 166 15
63 343 5
578 856 28
