127 244 0
40 343 1
6 281 2
816 193 2
460 73 0
684 339 1
789 681 0
696 294 0
858 738 1

378 17 0
647 145 1
238 537 1
980 895 1
236 712 2
932 524 1
508 560 2
200 350 1
331 398 1

195 987 11
543 634 6
488 224 45
128 556 41
697 792 5
811 77 29
351 585 40
230 137 42
142 469 40
348 486 49
292 33 36
253 929 22
712 769 47
59 897 3
950 594 48
737 460 10
129 42 47
223 184 18
363 884 5
465 176 40
201 782 19
924 846 38
871 905 35
726 856 31
374 113 41
451 202 1
561 906 30
181 622 15
288 87 43
429 288 25
689 787 27
776 514 35
601 692 3
852 805 38
498 366 45
329 548 19
44 188 6
287 617 46
665 468 11
2 95 3
458 901 2
498 751 21
93 80 19
14 476 9
319 781 47
180 669 6
180 687 41
695 41 39
450 846 37
897 304 40
149 803 44
991 615 3
80 956 2
577 136 23
583 669 12
317 814 0
993 685 10
218 28 25
271 79 13
792 511 21
769 23 29
888 567 9
138 376 22
45 226 36
770 789 2
47 412 33
962 204 45
194 772 9
223 904 9
