418 242 1
206 540 1
737 707 1
237 931 1
831 962 1
633 328 1
584 74 0

393 799 2
509 766 2
986 428 2
818 846 2
864 405 2
988 142 2
778 380 0

721 563 46
469 196 27
539 133 1
517 878 0
595 387 18
526 374 46
735 544 45
186 408 0
881 748 44
932 878 24
266 600 37
915 69 36
892 608 19
943 477 49
145 73 37
113 599 11
862 334 5
457 872 15
809 754 14
303 38 44
530 305 44
319 220 16
305 464 26
126 552 27
863 17 28
326 879 15
333 688 37
100 849 43
616 153 32
11 35 39
357 354 11
356 266 38
635 129 7
78 492 27
868 593 29
763 209 32
697 220 19
936 578 23
99 703 35
726 205 24
112 913 40
50 548 22
358 414 31
897 844 24
476 712 17
905 476 26
839 173 47
808 462 27
132 913 32
467 640 40
943 752 3
686 155 4
558 513 18
589 762 12
113 590 27
582 496 5
909 687 28
808 496 42
637 980 6
169 799 46
259 95 0
615 781 5
519 691 20
189 632 34
351 746 25
930 328 21
985 589 8
566 397 6
916 556 40
565 430 16
772 949 9
845 138 41
679 842 39
104 124 20
377 110 9
338 676 9
146 636 43
935 553 1
262 334 49
