406 78 1
11 757 0
714 214 2
403 177 2
223 128 1
847 453 1
85 654 2

717 495 2
354 494 1
234 3 1
483 409 0
830 420 0
992 486 2
966 241 0

275 464 34
71 312 39
546 749 44
519 467 39
758 173 35
230 407 38
806 243 0
109 73 20
6 659 17
642 82 29
732 628 28
419 258 20
504 840 30
944 647 23
794 108 46
417 981 13
878 184 49
228 190 10
395 833 45
226 917 25
807 745 25
854 516 36
427 20 28
407 316 25
278 232 18
343 110 2
145 338 43
957 86 28
204 664 45
432 471 42
807 678 8
145 105 30
324 864 48
501 846 11
787 124 43
405 819 3
560 316 44
553 626 30
83 830 46
530 262 18
722 422 46
782 919 1
214 243 15
962 745 11
174 884 37
617 289 8
523 201 27
767 106 3
795 719 0
965 793 24
461 927 43
894 278 20
33 247 11
992 770 13
971 889 19
576 690 9
363 838 30
413 803 26
589 265 3
333 31 45
24 263 1
460 509 31
780 543 28
93 887 1
256 210 42
526 786 33
337 149 23
219 915 26
895 504 43
851 189 25
149 673 1
980 805 44
410 899 33
611 507 43
406 385 29
891 722 31
214 294 46
84 392 42
211 340 7
204 821 38
351 232 39
980 601 32
892 58 1
338 399 42
641 835 37
542 703 19
625 907 40
866 610 22
5 995 20
652 327 21
144 581 26
897 271 25
191 912 12
878 749 12
258 292 15
127 269 23
914 145 7
