247 760 0
662 444 2
929 652 1
150 259 1
763 278 2
178 534 1
157 84 2

892 999 1
122 182 1
629 823 1
767 70 2
220 733 0
279 14 1
116 516 2

56 279 47
407 809 33
633 966 20
932 210 19
166 333 1
507 314 26
320 653 31
727 932 47
457 457 45
55 217 4
890 850 23
810 135 33
182 160 32
458 869 15
940 268 5
51 512 16
996 919 33
176 972 20
414 47 3
482 204 42
203 144 11
560 234 18
967 286 32
183 634 4
968 89 16
603 265 40
733 623 30
180 660 30
443 573 17
113 892 5
296 427 39
102 395 31
70 350 46
10 76 23
357 226 34
940 959 8
922 497 15
108 29 28
