344 516 2
27 407 0
614 401 2
299 780 1
858 511 0
511 152 0

220 60 1
888 644 0
698 719 2
701 897 1
938 241 2
420 620 0

647 234 7
269 885 37
582 743 0
610 254 4
225 827 15
101 67 11
615 766 30
92 819 29
869 757 22
867 177 42
921 176 26
80 446 11
470 990 13
424 215 40
791 668 8
802 283 24
533 375 43
512 597 2
85 816 31
629 737 7
56 169 3
719 837 33
478 659 24
492 435 41
332 227 12
266 914 23
111 779 22
713 216 38
844 845 28
152 901 47
257 973 36
391 451 45
867 295 33
558 980 10
270 572 43
618 839 8
341 302 39
365 368 5
783 68 4
531 326 29
819 717 32
767 936 28
150 494 8
112 117 30
455 87 21
65 780 26
59 350 10
243 836 24
75 603 12
555 753 6
663 217 25
567 738 42
445 193 37
339 252 40
150 114 24
381 680 43
564 351 35
126 258 40
534 922 8
60 970 31
24 889 21
417 335 14
306 26 19
898 176 33
624 909 16
367 847 41
834 889 3
826 424 27
684 836 47
567 860 36
189 629 21
355 288 48
774 186 26
660 811 38
226 178 37
67 829 1
964 663 40
767 842 16
891 94 17
179 635 46
451 990 36
101 117 23
367 355 14
655 774 46
58 738 11
