310 726 0
367 987 0
299 211 1
84 690 2
727 763 0
456 20 2
780 941 1
373 199 2

168 123 2
270 779 1
44 89 0
17 808 1
672 459 1
10 544 2
372 271 0
128 79 2

495 212 44
558 585 46
2 375 0
103 772 41
449 814 10
179 824 4
951 197 27
486 677 9
882 838 12
3 295 11
746 578 1
297 379 17
308 911 41
862 214 40
392 701 17
1 743 42
174 281 27
580 516 15
444 569 8
684 925 5
200 969 17
167 629 28
959 843 42
669 588 38
563 762 20
540 695 38
707 139 7
67 175 34
75 223 8
977 591 8
557 902 1
495 222 27
86 137 42
958 677 37
655 804 4
890 879 29
500 892 2
431 869 45
639 779 47
33 626 25
613 64 13
955 22 42
992 368 29
520 376 36
576 618 17
855 118 9
910 549 31
907 540 10
260 968 19
287 581 36
452 536 8
295 880 29
314 329 23
282 536 43
493 798 44
926 706 34
138 513 20
481 773 38
837 513 9
597 160 41
78 386 44
583 701 25
58 335 13
651 828 12
531 245 31
852 727 4
492 530 16
175 316 39
869 395 28
963 330 31
90 389 16
753 392 46
215 538 3
735 421 1
