64 936 1
891 720 1
143 712 0
216 688 1
731 620 2

858 797 1
574 363 1
423 169 2
812 872 0
121 415 1

883 479 40
369 371 10
782 82 13
284 165 33
503 23 31
573 597 46
253 185 40
446 306 5
801 542 36
443 263 9
806 400 25
529 182 9
292 467 24
28 322 0
209 896 47
457 811 22
875 416 7
517 214 16
222 15 10
370 617 25
848 146 10
407 790 27
132 170 49
281 189 8
704 416 26
663 934 41
281 508 6
793 619 17
96 190 32
806 949 25
335 81 45
934 299 18
845 355 34
171 18 20
621 445 0
340 366 42
677 463 34
159 621 34
136 309 17
284 496 33
163 782 34
231 627 39
67 151 9
838 215 11
117 836 9
367 529 25
312 206 40
798 717 12
882 206 21
400 490 19
935 653 1
121 884 31
310 951 32
221 789 49
433 258 38
442 978 17
169 642 23
360 440 42
524 323 48
645 75 38
717 483 27
682 366 22
