426 704 2
506 85 2
337 302 0
803 399 2
970 593 2

682 794 1
736 97 2
403 258 0
689 24 0
547 118 2

22 544 45
711 739 36
13 895 36
713 865 29
467 899 25
802 636 24
666 81 10
332 628 28
417 118 27
250 829 18
88 843 13
974 908 29
805 727 28
430 529 16
857 527 8
541 194 39
602 878 19
780 548 22
855 318 41
332 568 20
900 8 15
364 983 25
45 788 2
625 571 34
802 969 9
843 571 37
512 704 38
537 911 6
300 495 34
468 211 17
895 608 8
698 586 29
649 582 26
98 937 6
986 826 17
157 627 21
274 522 31
884 572 17
713 306 47
970 956 29
51 165 46
257 504 22
438 71 36
997 228 15
120 854 37
852 739 10
521 452 18
619 775 26
650 324 43
107 727 11
853 984 17
777 710 15
856 500 36
742 849 14
607 322 19
347 526 8
307 47 12
277 18 37
204 21 13
412 333 24
779 462 36
547 319 38
33 413 38
100 373 10
21 720 36
681 379 35
793 656 4
33 212 25
887 526 40
513 658 2
202 205 21
390 590 35
780 690 8
16 890 17
997 871 46
