189 792 0
560 321 2
400 741 1
219 91 2

536 967 2
638 149 2
367 289 0
884 886 0

258 900 13
552 172 7
355 362 49
752 274 22
541 675 13
55 894 7
751 782 24
618 420 23
137 23 3
990 633 5
955 186 28
514 541 42
865 293 18
538 186 43
951 241 39
808 344 21
985 963 42
310 933 33
277 70 7
131 413 40
236 720 28
866 235 19
829 990 0
474 942 43
14 102 38
687 439 3
781 750 36
15 27 9
866 747 44
295 965 31
264 176 32
231 357 22
383 831 16
777 197 21
272 18 10
610 33 40
19 9 48
545 876 47
440 171 13
921 787 41
855 18 48
780 754 29
646 531 29
319 750 16
80 22 34
590 632 20
832 4 29
233 549 5
845 615 16
486 470 36
