56 578 0
728 742 1
202 622 1
420 815 2
966 697 1
123 933 1
778 585 2
884 909 2
726 918 2

758 719 0
953 127 2
194 855 1
327 410 1
873 182 0
416 500 1
974 975 0
405 753 1
469 989 2

549 716 41
49 474 10
626 779 39
383 653 9
607 526 41
999 294 43
88 269 19
462 674 24
774 143 14
996 45 32
487 94 8
50 720 37
91 853 13
988 237 17
647 196 45
534 283 9
555 98 33
329 224 29
445 220 24
629 60 18
287 462 38
609 893 29
257 734 24
847 268 10
58 823 8
591 504 32
972 302 5
46 931 17
566 571 31
806 0 36
582 154 26
461 411 10
888 258 30
598 668 3
142 584 11
116 549 16
299 355 16
36 255 8
18 838 12
894 651 25
504 539 35
86 489 3
139 599 15
612 841 31
107 310 30
591 997 43
850 16 33
614 262 37
575 205 20
29 345 19
94 98 11
95 62 5
726 170 15
259 695 26
147 287 24
642 489 42
328 103 4
17 245 23
245 173 29
315 202 26
748 95 36
705 173 8
972 432 4
317 606 37
274 536 12
800 873 12
776 973 7
462 679 30
23 651 15
927 500 48
45 714 5
130 511 24
552 937 35
623 527 37
273 829 41
773 651 19
200 209 13
232 255 29
888 737 40
764 478 27
528 382 14
813 99 29
423 74 7
713 482 9
654 107 39
447 881 42
816 433 2
461 905 46
4 21 26
331 549 9
629 138 34
838 851 19
598 857 26
187 304 7
779 473 42
