856 418 1
815 426 0
499 612 1
149 300 0
133 245 2
80 658 0
135 224 0

450 359 2
582 240 1
305 707 1
849 916 0
544 83 1
749 934 1
148 435 1

480 920 41
162 0 1
341 488 25
936 938 37
335 873 29
258 178 37
444 27 5
400 571 40
783 672 24
779 173 11
967 168 31
518 509 19
646 446 10
133 781 33
212 391 13
351 187 42
758 587 14
24 502 11
235 928 17
850 766 44
83 897 25
179 165 5
488 524 18
128 549 22
942 136 0
409 855 48
396 57 15
892 230 27
835 314 27
910 532 39
729 64 4
86 936 30
31 776 5
51 256 6
376 959 49
769 787 5
248 49 37
837 778 1
943 865 39
974 248 17
881 300 24
337 225 24
633 601 36
785 28 43
993 567 45
784 688 32
879 125 12
932 69 29
274 43 28
391 924 30
394 246 9
630 31 39
925 377 8
821 161 47
939 282 13
802 566 32
233 840 27
561 584 3
893 701 16
451 95 14
962 77 48
501 3 25
959 176 38
246 323 25
141 710 32
171 517 20
653 282 47
253 783 2
878 743 28
17 553 13
910 799 38
86 958 17
828 99 28
281 492 21
853 281 42
872 287 24
969 540 10
421 419 3
49 788 8
765 698 8
803 784 16
671 964 18
155 712 30
578 565 11
322 437 0
349 759 41
64 582 0
522 347 0
780 150 37
349 173 1
17 774 32
654 281 44
