226 327 2
986 396 0
453 270 2
345 945 0
277 786 1
866 605 0
661 937 0

556 155 2
123 427 2
466 178 0
601 404 2
253 742 0
304 195 0
120 540 1

345 817 42
904 35 0
906 696 37
24 253 44
964 195 49
975 148 5
17 402 47
455 706 44
874 876 6
19 780 41
769 686 38
808 63 41
354 695 19
327 659 14
478 986 13
33 3 15
682 810 23
526 327 4
614 553 30
520 572 10
462 693 47
100 853 12
962 534 18
129 12 4
809 79 17
584 957 46
539 572 2
721 92 24
693 701 31
452 16 15
870 145 30
626 589 27
33 750 9
602 686 18
851 225 40
