129 100 2
190 512 0
887 243 0
20 888 0

904 889 2
491 891 2
974 176 2
186 855 0

301 155 0
430 420 40
223 610 5
531 774 27
980 617 18
597 591 47
836 130 4
920 431 11
322 277 2
963 59 25
55 283 35
660 850 35
861 393 7
597 276 33
795 206 44
544 42 24
500 314 7
612 637 36
366 952 46
541 7 31
679 20 31
314 881 26
155 757 10
108 905 16
652 801 11
326 302 25
135 266 12
222 984 14
368 526 24
149 205 46
508 395 11
420 11 26
239 15 29
100 341 33
275 828 49
88 50 36
204 418 12
328 919 19
176 51 40
905 559 36
468 83 17
547 183 10
281 458 38
632 898 39
968 103 9
182 783 29
953 312 30
244 569 42
282 738 13
223 928 7
527 396 42
154 577 34
994 561 34
195 416 23
776 370 37
408 966 6
600 248 45
675 702 20
218 196 16
295 702 45
479 48 8
266 934 40
180 257 27
517 665 43
424 618 43
69 186 18
316 783 18
582 79 20
129 910 18
238 176 4
228 684 35
987 864 42
764 382 10
859 806 28
554 227 16
72 221 29
292 538 15
412 472 44
882 602 6
753 192 35
557 772 19
843 760 33
737 876 17
297 88 25
475 642 4
