30 55 0
214 687 0
893 968 2
203 346 2
497 317 0

179 730 2
723 153 2
316 881 1
567 770 0
103 811 2

663 841 30
881 55 17
646 504 32
739 2 49
298 533 31
630 256 35
990 924 18
374 491 41
117 595 2
192 610 45
322 492 3
491 387 4
277 33 10
563 423 48
95 405 4
780 747 31
50 122 22
91 591 19
295 783 30
693 457 22
146 949 9
252 578 44
179 904 44
677 999 2
783 131 49
814 181 23
337 273 15
806 920 0
886 613 10
810 111 9
466 930 30
287 109 34
884 786 35
987 736 49
211 425 24
26 583 45
328 470 10
88 632 22
789 572 19
769 211 28
592 333 38
310 321 26
209 532 1
734 910 34
531 590 6
941 31 41
815 180 45
53 321 19
572 442 30
553 447 28
671 39 11
711 701 34
487 911 18
688 997 30
825 528 21
783 821 2
374 637 34
719 42 6
340 966 0
821 519 48
