852 834 0
862 28 2
516 695 2
257 366 0
781 504 0
811 203 0

980 245 1
136 12 0
628 282 0
851 352 2
740 204 1
69 419 2

7 287 46
289 678 19
54 841 25
637 822 22
775 958 35
237 939 17
999 790 21
37 530 26
558 952 47
811 959 34
760 122 29
246 818 1
621 807 25
946 935 35
931 172 24
550 523 16
522 560 49
231 42 34
363 469 47
172 68 17
352 987 10
488 270 34
562 821 7
131 695 17
230 745 38
633 94 23
995 677 17
430 565 7
848 92 48
425 445 38
937 933 8
621 847 29
828 978 26
947 560 23
538 193 17
30 723 37
119 154 4
