763 314 0
936 886 1
23 264 0
633 619 2
80 299 1
743 844 0

407 549 0
245 36 0
539 905 1
555 162 1
851 925 0
243 861 0

683 884 1
282 301 23
90 44 19
766 452 18
989 697 4
904 588 11
617 144 23
700 995 0
988 967 19
860 601 21
383 691 15
103 457 19
380 703 7
941 672 3
17 372 48
17 823 41
681 250 34
0 462 35
973 197 26
991 300 35
460 376 34
979 108 39
438 401 11
41 418 34
991 436 9
532 19 21
699 700 21
833 52 33
920 26 30
346 17 33
968 160 19
58 598 20
819 991 41
305 983 29
614 867 48
537 567 0
358 752 2
993 673 30
826 371 49
311 305 31
172 274 41
493 684 42
356 513 18
285 127 38
585 665 7
585 375 9
990 721 34
201 382 37
786 442 29
222 151 44
992 788 23
630 374 38
183 722 36
241 942 44
605 495 26
242 541 3
268 680 45
149 902 48
543 246 37
416 229 11
307 768 22
573 969 24
912 505 46
798 746 40
894 703 37
20 946 28
725 566 8
872 715 12
171 258 11
843 258 32
917 170 37
155 214 39
923 311 3
433 184 20
846 707 28
449 36 40
809 231 48
491 149 21
30 566 41
316 722 8
657 518 44
296 441 8
149 875 42
69 73 1
599 930 16
155 731 4
45 892 35
546 736 36
217 766 3
560 434 27
118 443 45
615 739 39
423 888 14
818 260 21
186 768 2
590 813 44
