33 573 0
829 270 1
61 956 1
196 691 1

978 762 1
656 606 0
211 593 2
876 223 0

753 392 25
235 90 39
318 475 14
544 304 34
914 717 43
448 244 48
395 253 6
48 464 49
993 692 25
190 445 17
667 680 9
659 350 34
223 247 40
58 161 8
387 355 20
335 751 23
242 799 40
93 144 32
168 334 28
636 353 10
545 12 11
282 236 10
784 199 28
808 586 35
429 273 36
654 867 37
344 961 33
727 129 19
555 117 23
415 15 35
978 297 23
788 323 19
111 108 20
341 916 8
927 697 34
615 352 1
455 696 14
790 423 46
460 330 13
483 98 28
870 428 27
846 569 1
115 32 9
288 374 27
46 653 25
430 620 27
34 427 25
598 218 1
644 678 33
808 513 31
338 735 10
669 49 13
928 337 37
455 735 42
32 166 15
961 200 42
587 150 10
340 795 40
423 955 5
605 645 41
567 811 22
98 832 21
661 760 10
951 568 46
245 952 12
160 914 14
503 853 16
415 193 11
358 616 18
813 573 14
4 140 27
129 590 10
950 252 22
813 555 42
59 800 45
823 961 11
139 816 14
867 941 25
787 107 49
1 111 41
379 240 34
941 543 36
615 356 43
