790 157 2
337 181 2
42 114 1
748 221 2
459 775 1
402 718 0
30 484 2
773 439 1
639 203 1

640 20 1
927 810 2
777 500 0
242 894 0
484 995 1
772 806 0
286 208 0
841 239 1
600 364 1

259 996 2
436 275 12
286 646 9
268 130 4
152 540 20
552 734 11
436 334 26
463 247 32
693 859 30
295 647 7
59 418 13
324 57 11
835 325 43
341 499 47
301 651 40
173 203 26
285 991 10
113 806 9
297 499 18
477 146 16
636 558 36
199 234 43
760 69 18
155 410 18
452 63 21
994 236 27
232 986 27
442 283 28
862 112 27
930 100 35
769 299 19
312 411 38
533 566 0
253 371 13
624 717 49
903 340 25
174 572 11
251 366 47
531 581 9
958 863 10
943 632 11
154 478 43
204 83 14
317 707 34
19 611 24
594 137 46
507 388 15
704 271 48
128 525 44
541 40 41
462 399 4
928 68 11
112 439 24
85 893 1
900 597 25
0 315 5
611 795 32
207 337 22
748 55 19
119 517 18
573 446 38
87 558 28
563 547 13
825 632 6
178 884 6
803 884 23
743 703 6
867 803 11
186 923 29
395 935 35
325 851 32
497 206 0
128 372 34
355 335 42
369 521 17
877 525 3
412 850 4
847 490 32
913 339 41
216 346 3
402 475 27
436 576 45
525 932 32
418 301 3
585 553 31
953 430 8
763 41 49
