609 156 1
928 336 1
677 515 2
260 456 2
60 71 1
293 329 2
237 552 2

664 186 1
303 659 0
861 933 1
881 543 0
826 823 0
924 852 2
430 113 1

538 525 10
170 55 41
176 72 27
424 375 38
597 589 22
120 822 17
799 648 40
167 924 44
697 354 9
36 893 34
446 41 3
537 211 10
829 739 32
147 113 49
238 385 21
730 552 45
74 601 1
884 637 46
723 973 1
268 812 8
281 232 8
404 470 45
527 200 49
222 275 1
976 159 40
622 729 28
662 453 3
265 89 7
607 709 21
465 690 33
140 971 17
49 728 38
694 255 40
596 830 17
747 806 28
239 780 8
167 442 11
420 707 2
179 315 11
751 132 3
986 273 27
453 674 5
391 720 10
234 316 40
351 415 46
980 655 27
338 174 21
501 595 31
105 774 48
418 877 32
422 863 7
101 317 31
156 60 4
466 294 20
607 998 38
905 978 43
984 668 17
439 626 41
687 396 18
777 271 49
160 427 11
264 246 8
37 205 6
420 447 4
789 305 27
754 96 5
813 554 22
