649 13 2
477 974 1
548 22 0
389 336 1
247 944 2
507 633 2
696 628 1
87 942 2
567 565 1

452 493 1
802 142 2
336 971 2
323 520 2
235 909 1
18 508 1
930 367 1
897 63 0
362 150 1

684 717 42
228 522 35
902 676 29
942 12 1
605 336 21
993 923 32
718 941 41
35 223 8
689 120 24
972 482 26
198 519 46
692 99 18
328 353 46
809 296 9
910 253 47
883 246 20
766 964 13
509 351 36
145 13 42
822 563 13
568 256 12
484 97 14
145 360 17
142 243 15
627 222 33
415 194 26
323 339 42
383 433 15
96 621 1
514 458 1
228 603 11
547 98 4
112 512 18
994 140 40
580 907 34
558 231 26
458 384 23
973 832 46
777 698 6
30 278 12
291 825 10
147 290 24
365 636 16
806 568 24
118 29 8
310 839 44
583 813 27
181 942 25
250 615 31
712 762 21
686 128 10
505 286 28
836 549 35
146 859 24
192 794 39
719 975 33
153 167 24
834 879 37
158 918 17
470 423 3
998 654 33
6 842 34
43 988 45
919 180 39
961 252 15
944 901 32
604 54 0
878 240 29
267 750 49
784 220 24
939 571 28
144 500 45
611 797 46
644 753 2
844 631 42
275 251 45
101 327 36
880 852 15
461 868 27
51 328 28
697 972 31
101 168 15
393 796 16
140 773 3
756 874 30
294 754 34
410 607 48
497 68 16
476 374 33
956 425 12
936 474 36
35 320 3
6 569 2
689 215 9
621 475 36
240 303 12
223 611 37
524 218 40
