781 448 1
360 623 1
763 565 2
948 78 1
599 294 1
92 410 2
735 230 0

685 625 1
193 802 0
370 27 0
681 809 2
67 521 2
510 637 0
491 937 2

604 628 14
688 716 44
114 946 24
441 668 1
505 769 10
63 901 46
915 857 27
529 546 45
725 361 48
547 827 44
171 621 12
174 201 13
339 720 34
25 449 12
348 306 34
608 721 35
756 636 44
533 517 40
328 142 31
872 665 2
436 839 5
350 178 25
384 555 26
48 903 35
834 511 6
521 268 45
66 153 12
156 884 7
960 564 49
591 789 14
195 225 6
0 927 36
877 311 42
555 712 45
540 546 7
247 68 27
294 134 30
506 290 16
615 545 22
582 740 49
388 92 27
724 321 40
968 877 2
764 769 49
423 368 17
451 187 48
684 154 43
706 736 36
305 476 30
184 201 2
375 169 31
277 285 0
726 708 21
595 410 33
598 545 4
244 996 43
285 738 34
523 395 11
854 580 14
