915 221 2
764 766 2
931 717 1
393 790 2
619 794 2
392 563 1
909 342 1

571 371 1
767 241 2
129 825 2
380 741 2
456 857 1
970 788 0
903 181 2

841 152 10
402 896 23
72 729 39
712 329 8
278 709 49
65 166 6
971 136 46
946 39 27
360 232 32
920 634 28
395 307 36
213 732 15
403 889 15
537 953 44
145 231 4
846 648 22
750 566 2
630 278 34
662 550 19
942 946 28
28 159 10
195 562 1
210 452 4
907 597 37
297 951 26
749 933 5
434 947 5
105 889 3
83 918 13
146 465 27
97 676 29
841 896 25
329 133 25
437 430 28
816 180 13
473 966 10
680 71 0
834 506 20
147 4 35
374 454 13
35 1 44
460 683 27
85 472 10
366 288 40
740 442 31
142 276 39
462 775 44
247 149 0
61 555 10
809 590 11
806 402 46
495 206 7
587 137 21
645 877 13
126 371 41
162 433 17
312 494 25
622 655 17
285 461 20
632 397 10
910 480 5
131 125 35
146 604 8
789 422 42
855 584 25
775 896 21
602 870 26
19 155 40
191 139 37
203 942 31
773 853 11
481 336 39
726 624 17
868 832 1
795 607 49
216 209 19
645 580 26
535 772 16
822 327 8
705 101 13
717 582 0
558 0 37
3 726 11
870 947 43
673 742 2
372 311 13
941 956 44
17 491 18
585 665 47
744 370 48
459 439 30
511 349 32
398 352 9
910 574 8
605 247 0
260 619 11
123 912 17
919 930 10
