809 705 0
768 494 2
306 525 2
605 977 0

356 640 0
248 752 0
878 426 2
744 67 2

428 562 29
967 869 13
677 678 18
836 799 14
428 105 39
121 710 19
251 418 9
206 18 14
58 896 42
295 640 9
678 68 23
407 388 43
720 417 23
90 254 22
954 34 29
696 155 41
415 758 10
774 965 30
590 23 27
494 349 38
163 828 45
286 918 1
561 224 36
940 920 43
382 335 2
594 462 19
951 237 17
71 84 18
611 802 26
539 965 4
236 603 24
188 164 49
526 457 21
19 191 9
623 785 21
544 961 25
489 265 15
477 299 3
605 190 20
562 778 23
436 966 40
887 492 49
611 512 40
670 487 27
191 32 38
468 873 3
39 116 34
109 678 13
135 466 31
677 706 24
676 317 38
866 987 27
545 530 9
185 350 34
91 686 18
684 324 28
929 716 46
363 177 24
