461 790 2
327 390 0
731 865 2
524 725 2
815 807 0

111 720 2
792 577 0
466 444 0
557 796 1
34 225 0

919 687 15
256 366 7
444 98 23
7 974 0
358 789 7
417 253 29
346 45 8
191 864 5
256 807 29
534 78 18
249 334 34
707 778 32
382 137 9
134 848 48
693 265 3
972 963 49
532 506 15
537 170 38
43 778 46
422 312 26
192 914 13
976 621 43
211 355 31
420 489 29
418 182 46
22 154 9
23 38 17
240 576 37
878 971 15
676 393 30
553 585 44
468 913 15
161 124 22
992 544 11
23 315 43
319 689 49
930 64 37
47 304 15
686 182 36
104 859 31
478 232 32
67 90 3
880 113 20
24 715 23
211 115 27
679 153 11
765 257 22
949 443 38
69 921 22
751 368 18
262 787 8
965 667 21
335 542 8
869 778 41
648 809 44
961 926 4
134 875 47
422 945 21
295 48 39
913 310 29
973 627 46
146 314 41
105 60 7
779 281 37
272 929 46
918 891 25
822 377 0
170 799 47
791 446 48
261 684 40
410 831 4
453 936 17
710 67 48
450 691 30
646 609 23
823 745 0
223 229 11
286 843 48
976 253 31
980 706 19
749 768 38
448 218 29
428 217 38
3 690 20
603 866 24
