217 283 1
142 408 2
392 890 0
778 893 1
93 483 2
850 290 2
152 653 0
34 264 1
878 445 2

822 9 0
951 578 1
476 721 0
639 465 1
8 595 2
159 689 1
184 539 2
120 44 1
258 78 2

495 309 16
819 131 27
14 83 8
492 911 31
731 550 46
861 558 43
446 253 24
946 373 20
452 983 48
575 831 9
580 508 39
559 453 49
553 689 18
587 135 23
513 433 47
483 238 30
884 813 13
593 308 15
786 380 31
414 961 42
305 474 36
394 386 39
165 878 15
839 744 0
238 579 38
49 547 42
633 314 5
77 619 31
954 463 8
484 629 39
501 820 33
951 58 12
640 678 28
493 512 39
7 914 36
901 899 2
756 976 22
789 441 40
567 879 34
489 331 12
754 323 43
482 169 5
971 176 21
359 77 20
62 185 48
736 326 39
128 183 34
631 103 15
468 259 45
772 749 29
487 855 4
785 660 1
309 19 30
379 433 17
778 169 44
617 297 29
669 749 42
867 873 43
748 360 48
952 240 37
678 378 47
931 687 18
262 418 2
481 196 23
675 166 23
757 722 6
589 743 7
33 962 30
226 710 43
626 15 33
715 45 13
112 328 2
233 590 21
787 424 19
510 99 37
235 856 9
593 798 5
