180 910 2
652 72 0
639 2 2
62 950 0
583 813 0
977 248 0
676 697 0
34 447 2
869 927 2

392 246 1
983 426 0
831 430 1
746 70 2
170 132 1
113 715 1
802 692 0
929 720 0
129 106 0

609 976 33
100 368 30
319 535 39
299 803 41
593 916 9
53 718 3
760 0 24
165 481 32
370 90 8
205 542 26
935 649 32
444 968 17
735 924 48
744 575 3
237 169 19
798 222 39
458 870 13
219 75 8
347 363 7
546 894 1
546 638 26
68 26 19
210 78 2
622 266 24
688 485 1
296 833 16
905 364 25
482 911 19
411 807 37
9 227 13
982 789 49
284 763 17
160 451 3
778 4 2
604 486 15
675 821 23
385 585 32
674 594 11
382 405 40
583 41 3
50 202 5
355 666 6
348 400 49
113 428 23
688 165 8
422 839 4
384 828 26
135 562 33
675 497 27
330 899 29
85 255 47
207 800 44
608 266 24
991 729 28
274 600 22
559 627 19
767 395 23
314 39 26
658 246 28
754 854 44
278 38 1
319 29 30
847 127 45
907 401 45
529 960 24
648 199 31
666 966 26
292 633 15
370 643 11
248 749 18
745 379 6
196 698 35
728 897 12
725 804 15
322 333 28
546 333 27
727 351 45
304 995 28
271 365 23
133 966 22
553 711 1
659 259 49
146 987 46
409 712 0
776 386 35
477 315 17
307 587 35
355 625 14
608 430 12
805 191 26
157 968 12
