836 493 0
821 926 1
144 195 0
702 855 2
481 897 1
177 599 0
226 210 0

908 393 0
190 446 1
87 400 2
403 589 0
631 410 2
463 554 0
858 608 1

128 89 29
521 619 30
793 197 40
370 647 33
554 87 34
512 842 23
315 826 33
44 289 39
673 147 49
538 148 12
518 293 9
60 740 16
995 110 15
729 16 4
215 881 47
290 196 23
165 775 38
606 313 38
18 183 31
979 243 21
45 590 33
463 671 49
967 886 32
314 176 29
301 117 42
262 283 19
290 612 17
671 591 10
144 989 2
727 452 24
511 86 39
866 875 8
529 692 34
480 6 40
290 502 29
395 230 31
481 772 38
320 665 14
723 694 30
618 223 24
402 137 9
151 969 15
172 7 49
953 826 10
496 332 48
60 147 31
851 870 25
131 488 1
456 242 40
467 745 9
651 112 28
753 417 6
763 275 18
546 771 0
346 183 47
30 34 19
407 517 9
8 325 3
450 792 1
510 276 41
533 280 4
212 33 21
420 148 48
288 47 21
