436 232 0
597 456 0
209 569 1
392 771 0
302 84 2

458 876 0
221 443 2
351 300 0
35 104 2
228 496 1

709 932 36
947 882 44
715 91 14
845 835 37
115 490 21
608 300 49
976 522 45
602 873 47
765 260 1
378 549 31
716 497 13
511 564 6
227 761 44
66 228 34
990 188 34
141 165 8
335 236 45
686 861 35
533 591 35
17 660 34
30 171 0
839 750 14
483 168 42
969 158 33
755 652 48
64 740 19
949 428 5
95 114 16
80 0 10
967 17 20
351 399 43
4 238 43
418 73 13
412 42 22
595 798 26
295 214 16
114 163 44
170 258 11
438 691 13
298 658 30
170 362 31
213 366 22
358 136 47
672 548 40
496 496 40
972 791 4
540 258 17
537 428 28
0 218 21
526 605 11
700 315 49
948 987 0
590 835 46
684 52 47
853 589 27
633 941 48
104 404 17
586 699 8
781 577 15
695 630 31
744 578 18
46 520 6
492 550 15
434 586 17
281 791 8
878 467 6
336 601 36
752 296 16
835 392 46
811 283 16
229 717 4
757 964 20
108 423 2
216 653 21
22 341 24
110 93 22
476 280 15
124 186 6
940 997 39
658 226 9
962 925 10
