524 530 2
172 796 1
362 807 0
755 919 0

321 26 0
934 54 0
571 185 0
547 405 2

469 900 3
723 831 21
388 355 4
897 880 2
180 242 11
763 349 33
392 670 9
438 604 16
19 528 1
273 427 8
437 896 9
392 971 40
314 712 47
470 609 27
422 141 22
533 904 21
268 296 44
30 86 0
846 458 28
847 731 5
957 520 3
616 913 25
106 579 39
656 401 48
733 823 42
757 708 46
779 977 45
175 7 33
175 205 41
704 404 22
11 361 45
215 330 10
742 436 41
981 444 42
181 530 15
523 287 25
122 66 4
369 241 13
702 769 18
494 825 24
115 51 16
775 793 4
366 126 1
358 308 31
525 831 18
309 322 30
873 377 49
993 871 24
518 239 11
756 355 14
324 482 10
680 201 36
481 911 44
812 789 28
783 542 33
820 851 8
450 76 35
202 422 6
778 292 47
191 48 4
656 724 37
618 756 38
706 238 1
103 402 40
331 185 32
