889 955 0
694 27 1
162 356 1
232 41 1

680 770 2
597 237 1
405 122 1
750 479 0

835 177 27
263 902 43
931 791 0
500 485 27
967 647 33
778 880 27
962 912 47
490 509 36
521 266 8
875 16 40
336 851 17
15 467 19
758 750 12
160 250 49
375 996 29
202 310 41
152 800 2
338 673 18
999 548 35
491 885 38
160 900 5
93 523 8
292 113 27
491 489 23
570 43 36
913 195 36
765 886 12
236 237 10
371 728 47
61 240 0
219 971 13
126 416 36
12 552 39
87 474 32
473 388 30
12 505 16
224 741 5
336 464 33
334 526 25
584 745 46
197 223 12
685 508 22
935 872 26
674 959 1
809 785 41
139 797 46
707 373 40
512 709 4
397 395 32
522 331 29
970 880 3
834 566 13
587 528 46
538 689 31
129 887 5
419 751 17
526 500 12
888 696 26
841 530 42
6 640 46
691 227 26
39 117 15
173 698 45
455 180 34
111 951 37
828 477 37
292 988 13
