858 455 2
444 602 0
195 671 1
157 655 0
624 512 1
248 847 1

961 461 1
330 527 2
317 390 1
262 912 1
505 770 2
98 566 1

379 761 8
687 271 16
138 247 28
269 457 39
6 787 16
568 457 6
440 719 21
816 576 43
999 675 10
785 54 23
593 93 44
761 583 41
90 164 39
265 785 46
254 144 35
770 712 42
29 153 14
552 321 40
845 321 15
705 458 21
31 403 16
627 165 49
471 255 16
810 520 1
606 127 45
893 249 10
286 630 15
750 182 36
142 380 9
210 437 17
683 468 21
250 96 36
751 567 43
417 377 13
221 335 42
168 228 42
180 866 24
345 968 7
184 111 39
343 673 26
334 958 43
872 710 12
