715 35 0
294 544 0
120 691 2
303 245 0
825 971 1
88 611 0

261 877 0
334 482 0
107 184 1
568 181 1
504 896 0
745 543 0

0 15 40
390 318 35
952 495 8
203 936 20
177 197 47
903 883 29
990 990 16
271 414 46
74 512 41
163 254 29
799 207 24
109 410 12
679 939 11
479 195 45
408 537 37
226 393 48
226 664 14
474 738 26
617 511 41
775 674 45
604 825 2
893 966 6
55 445 1
452 206 39
191 432 32
489 10 48
906 484 36
482 101 47
923 877 23
971 833 1
873 114 38
890 360 6
847 767 4
350 571 10
391 762 44
825 604 5
923 510 41
759 344 43
458 620 22
184 591 7
87 816 24
277 707 34
433 906 3
387 256 26
899 0 38
196 825 42
503 749 4
539 319 21
13 855 12
321 942 30
581 4 45
186 744 4
362 995 4
195 46 30
951 693 43
52 232 14
773 598 19
437 919 11
270 366 32
809 299 38
607 485 32
13 847 30
419 499 21
650 46 18
983 350 11
176 402 45
40 528 43
759 317 14
772 939 32
356 749 31
944 708 18
629 721 17
309 140 19
802 125 17
765 653 22
313 693 2
458 804 21
875 928 11
657 636 10
91 933 18
361 562 41
479 223 31
448 107 23
167 910 1
