613 414 2
744 637 1
535 641 2
223 539 2
407 680 2

64 368 0
739 302 1
585 21 1
105 949 0
906 540 1

201 154 12
778 898 1
969 786 42
223 9 32
243 769 12
300 185 32
486 214 6
886 225 46
281 778 2
795 908 2
947 878 38
739 453 0
71 696 21
435 348 8
520 76 35
554 914 49
962 606 20
320 492 47
218 125 25
270 921 36
572 868 16
13 607 19
463 31 17
386 818 15
494 338 43
879 245 8
830 207 16
452 527 8
299 745 33
277 367 4
279 305 32
200 120 15
169 506 33
486 0 24
232 232 19
892 414 26
158 867 6
916 166 3
151 443 21
308 958 13
332 589 18
316 141 40
331 310 46
517 149 48
810 273 45
138 431 14
994 699 30
300 850 26
973 158 34
586 843 24
856 159 15
246 843 28
494 360 27
742 753 10
575 563 33
822 53 16
936 400 15
216 700 17
644 673 26
679 611 21
655 819 30
772 417 23
200 263 35
129 5 38
439 932 3
374 754 9
92 690 9
157 259 11
777 903 34
203 934 47
176 589 18
956 362 35
932 914 48
60 187 38
415 914 44
824 6 35
633 516 46
494 293 1
380 848 38
229 24 27
897 980 41
982 264 8
682 884 4
740 944 41
122 536 14
307 16 23
609 748 21
197 978 45
726 875 27
970 210 44
480 244 28
34 984 24
127 714 35
135 189 23
149 98 45
