466 747 0
406 388 1
133 247 0
303 468 2
485 483 2

648 673 0
778 0 0
862 170 2
540 430 2
481 231 0

727 50 14
658 590 3
708 245 21
352 82 6
727 509 32
229 723 4
972 745 18
690 824 18
506 163 27
711 174 19
866 882 16
490 586 49
948 3 32
728 82 43
213 664 16
304 157 30
973 847 4
691 353 20
218 416 44
39 283 28
106 125 17
255 73 20
487 154 5
580 367 19
396 586 5
181 891 14
63 864 11
417 907 17
639 478 35
683 517 20
314 623 45
531 878 19
103 365 23
758 297 42
429 694 28
285 227 21
1 290 37
565 59 47
840 48 18
637 579 48
508 683 14
925 223 7
256 860 36
829 861 26
964 260 37
