0 291 1
13 323 0
233 908 2
892 810 2
552 251 1
679 307 2
204 75 0

204 700 2
301 472 2
842 788 2
491 789 1
914 154 0
439 387 2
754 631 0

117 536 33
49 567 43
784 124 18
929 328 20
504 629 42
244 824 31
341 315 20
377 581 26
412 127 48
194 596 34
580 646 2
273 782 26
41 64 4
505 516 10
586 857 27
808 586 11
536 27 34
651 440 13
750 986 10
384 566 8
264 584 6
907 303 44
719 241 3
846 402 40
693 942 11
607 692 0
977 367 10
619 631 44
678 902 44
656 161 47
151 880 40
854 79 42
496 338 31
166 384 23
979 343 17
779 812 47
498 141 14
408 760 48
898 95 14
197 598 44
738 804 25
88 150 43
955 930 5
603 428 46
969 188 8
967 794 49
634 242 44
280 980 0
6 13 1
