136 837 1
896 790 1
785 675 2
755 147 0
261 474 2
887 47 0
211 566 2
815 526 2

565 430 0
616 16 2
254 504 1
782 401 0
532 186 2
859 294 2
4 555 0
269 794 0

281 5 15
2 172 43
334 738 25
582 354 41
57 960 45
18 94 48
472 626 37
602 838 31
230 194 38
333 464 35
132 745 42
849 747 15
92 82 3
469 16 7
510 73 17
407 443 11
58 268 40
895 870 28
378 452 24
768 786 38
953 918 33
496 119 33
16 32 33
823 894 8
942 653 2
155 711 22
347 958 42
377 336 44
290 410 2
76 258 21
609 821 36
576 837 18
967 306 18
643 161 40
337 539 28
484 493 35
416 783 46
619 211 6
