568 138 2
596 227 1
579 258 1
797 877 1
53 309 0
31 256 0
775 890 1
221 520 2

852 620 2
548 478 0
42 46 0
366 643 2
518 574 0
534 723 1
672 777 1
326 160 2

100 935 47
99 508 18
18 360 38
334 261 16
968 303 14
445 891 34
407 426 9
894 98 36
42 776 46
447 327 42
615 345 5
755 680 16
373 0 21
697 890 36
283 297 12
592 543 12
31 938 38
163 184 43
665 258 18
33 631 19
56 669 14
100 718 7
388 353 4
914 328 38
854 958 25
670 473 12
165 383 15
654 48 24
174 81 7
695 489 26
662 590 46
519 330 49
25 433 47
75 699 27
63 554 35
141 576 11
755 742 44
896 274 26
904 970 16
932 984 8
31 503 40
130 528 23
309 19 29
344 512 5
205 267 49
802 140 47
173 292 44
741 225 28
251 256 31
92 738 11
365 970 17
690 279 39
569 975 1
377 533 19
926 335 9
224 782 47
148 955 40
272 300 25
653 392 15
266 110 35
836 800 16
425 722 44
895 377 14
756 953 46
6 101 3
315 767 5
42 772 47
507 39 9
295 875 10
713 652 34
107 178 37
386 426 14
0 534 20
748 540 23
804 88 19
961 149 11
111 9 2
370 304 27
782 369 29
268 829 9
205 215 35
872 216 20
492 316 12
486 29 8
823 342 8
636 453 17
488 176 23
567 958 42
298 227 21
207 784 39
117 148 23
879 66 44
82 552 23
