270 697 1
689 147 1
907 92 1
852 828 1

449 706 1
703 101 0
675 841 2
788 623 0

766 65 3
28 452 46
847 722 45
508 763 42
717 670 34
642 324 20
418 379 22
820 406 13
503 194 39
845 312 4
901 341 8
249 540 32
294 48 46
487 766 16
771 759 41
236 401 17
406 171 48
30 992 5
496 847 1
585 693 16
91 946 7
50 195 49
82 489 48
230 976 16
49 100 25
742 688 27
111 446 48
859 477 42
366 325 42
420 910 37
786 353 33
845 755 28
444 190 17
444 420 46
210 469 48
88 563 36
367 674 32
817 886 11
260 604 38
254 24 48
941 162 4
574 359 9
402 804 49
71 600 20
815 251 7
953 618 31
538 435 19
599 47 24
338 301 0
338 594 13
154 922 28
453 346 31
525 415 44
419 231 47
876 536 17
359 74 2
729 674 2
55 364 5
405 54 0
270 99 20
495 253 45
875 706 41
856 584 6
352 3 39
99 879 26
168 590 2
673 319 28
