930 806 2
982 134 1
738 571 2
408 388 2

864 789 0
586 458 2
45 551 0
151 320 2

568 908 26
539 214 28
37 144 35
361 126 19
1 217 43
268 625 31
528 841 21
115 427 31
541 824 32
597 975 4
627 895 12
454 435 26
382 472 23
469 833 1
691 187 18
484 455 45
665 335 36
988 451 15
769 344 40
453 294 17
457 921 13
721 727 48
200 462 22
823 283 5
276 974 42
890 476 37
379 464 38
294 586 34
34 391 28
102 849 2
65 922 31
815 122 43
37 297 27
444 574 3
440 763 40
177 142 6
717 437 44
132 925 37
584 342 11
468 157 34
461 546 33
90 991 7
694 30 28
460 470 44
702 0 36
