265 133 0
141 234 2
744 637 0
670 845 1
56 459 2
931 796 0

112 516 1
826 207 0
245 977 0
461 75 1
693 340 2
830 833 2

785 930 3
175 600 48
949 656 7
430 940 3
242 404 22
596 230 31
445 827 9
844 334 28
476 164 11
342 950 41
845 477 43
545 778 2
705 560 42
132 751 28
516 196 5
525 246 46
313 443 30
441 919 46
402 261 48
646 458 28
489 3 6
341 60 17
485 721 19
681 205 20
811 721 16
367 911 8
299 704 27
395 107 38
146 105 48
374 594 1
732 936 12
299 421 35
493 618 12
162 387 12
77 106 24
435 405 28
64 153 37
954 299 42
302 25 39
5 757 27
254 430 5
945 923 26
709 85 15
697 949 27
28 13 32
817 967 31
201 627 16
978 396 25
528 651 5
886 596 30
862 657 18
929 80 32
751 778 32
331 806 47
63 975 17
447 687 38
855 888 15
373 218 14
305 985 13
586 199 20
536 880 30
70 563 38
970 626 14
837 425 1
677 281 42
145 654 10
9 955 9
524 260 44
987 846 43
459 502 22
11 391 4
694 461 17
182 431 45
998 620 21
502 298 4
894 443 10
504 452 15
214 328 28
260 667 24
154 126 29
