771 823 1
89 380 0
597 958 0
770 294 2
527 380 1

349 276 0
629 88 1
946 33 0
228 244 2
222 317 1

659 441 44
827 882 24
843 479 34
271 602 31
289 481 11
367 831 37
612 460 26
78 759 11
205 987 5
107 561 25
777 220 16
271 399 48
497 594 29
682 218 33
513 507 15
76 226 48
916 838 10
844 268 21
805 474 8
363 581 21
590 358 44
906 982 45
456 479 40
485 161 8
821 26 17
286 455 43
286 371 34
746 215 2
318 372 26
228 87 7
52 677 18
448 935 0
243 391 31
985 229 45
412 688 28
142 742 41
121 323 30
680 727 8
950 175 43
850 418 37
582 404 18
827 349 18
450 762 8
881 220 34
330 210 8
699 704 3
792 177 26
972 858 5
830 808 30
865 945 6
983 124 8
503 926 20
711 807 40
597 490 2
555 189 8
608 333 36
791 488 6
421 816 19
174 681 14
330 664 40
188 519 17
160 230 24
352 827 14
106 734 5
553 31 46
757 596 0
127 770 33
793 453 49
301 154 0
177 858 27
451 882 8
692 787 40
238 538 13
624 647 11
826 126 32
709 920 37
608 856 30
26 509 36
26 686 45
205 582 12
470 34 44
79 78 31
719 668 21
534 292 18
945 118 45
