399 898 2
421 403 2
933 953 2
161 651 2
954 96 0

344 983 2
122 725 2
794 553 1
606 914 1
940 572 0

628 971 15
13 744 20
445 677 25
623 190 26
76 841 9
115 315 35
879 715 4
341 655 29
873 1 47
695 798 26
249 583 14
685 775 20
620 70 31
813 949 49
919 291 4
598 801 42
601 675 45
348 722 43
124 193 17
91 795 1
907 271 11
212 956 36
184 929 8
266 742 7
415 13 0
571 612 2
715 565 29
860 913 1
804 389 47
521 833 44
135 305 21
223 841 2
381 107 46
841 874 10
591 798 24
495 513 39
728 530 45
575 403 30
569 578 23
186 65 28
759 289 19
262 22 29
858 863 5
468 807 3
394 302 17
885 377 43
641 105 25
139 32 30
469 953 8
892 139 26
972 898 17
542 512 39
923 371 3
178 191 12
232 938 14
151 823 41
444 817 48
549 425 37
410 318 28
688 290 29
255 184 41
196 459 12
1 638 6
613 222 44
528 373 19
171 169 36
404 41 18
842 803 38
770 491 28
641 295 24
55 296 14
13 910 38
557 438 11
277 609 32
165 881 22
658 286 14
576 480 17
164 250 11
394 552 9
161 193 4
388 600 3
252 614 15
691 523 3
854 152 14
187 318 48
11 976 36
525 904 16
195 420 18
