688 952 1
11 816 1
999 554 2
968 616 0
134 610 0
400 85 0

488 989 0
685 837 0
22 872 0
455 696 0
361 384 1
446 747 2

128 746 24
259 66 40
840 200 3
533 441 29
843 127 19
961 501 43
9 309 39
108 468 22
403 208 36
796 400 38
799 360 41
591 894 33
21 89 12
992 402 15
187 411 24
726 170 45
1 630 13
375 961 12
495 365 22
681 513 22
419 312 33
463 903 29
596 276 18
560 620 22
800 885 6
245 238 38
510 613 0
725 108 15
147 141 28
970 913 42
505 376 47
934 324 26
804 884 46
76 909 6
112 709 41
670 306 30
859 169 43
876 41 45
256 363 10
300 868 36
599 154 10
175 310 44
724 739 6
80 203 17
153 85 45
247 446 41
153 322 34
200 930 48
161 230 18
497 829 25
158 357 35
54 433 24
860 865 28
728 538 4
