180 702 0
127 957 2
262 181 1
890 857 1
570 179 1
324 49 2
583 530 0
541 894 2

934 948 2
5 310 2
356 490 0
485 969 0
562 584 1
706 474 0
850 396 0
307 73 1

110 656 3
908 550 48
892 484 48
424 841 8
365 550 1
8 387 22
95 8 32
438 858 29
960 517 4
688 887 10
388 779 46
36 556 40
347 921 40
622 891 28
329 338 38
213 128 48
494 88 15
848 323 45
771 752 14
168 140 20
110 839 43
250 339 23
661 643 6
248 351 24
763 410 13
897 182 15
811 702 7
633 164 47
377 766 36
402 247 0
671 908 43
277 758 0
186 875 2
36 638 15
249 535 49
566 699 3
375 332 17
672 61 33
611 135 38
557 764 49
7 776 8
160 315 33
331 952 8
980 518 9
35 893 42
767 894 6
908 451 21
807 810 49
65 970 14
673 870 19
683 203 37
