496 994 0
828 472 0
84 455 1
3 61 2
109 213 2
747 642 1
550 9 1

203 228 0
103 594 0
842 101 1
377 597 0
126 777 2
89 213 1
659 216 0

695 325 7
560 424 2
387 326 11
648 530 39
558 985 36
82 828 39
989 205 39
890 683 16
264 773 32
391 127 28
199 39 2
1 427 31
203 985 46
541 419 26
981 408 31
370 298 15
888 915 40
620 712 24
921 456 2
899 655 43
653 8 20
734 172 47
697 375 34
646 917 5
422 250 13
421 508 31
563 481 45
191 653 8
285 658 16
741 440 35
149 863 35
612 619 7
78 392 17
257 92 2
158 284 7
67 921 18
335 78 13
424 535 7
592 277 48
677 778 13
364 390 34
671 821 28
190 632 33
839 889 27
593 400 13
1 819 34
771 154 13
286 578 48
243 522 27
993 199 5
958 915 48
894 938 21
222 129 3
505 320 43
585 913 45
948 266 14
233 37 18
948 323 49
846 919 21
726 264 23
383 223 38
783 117 29
4 692 8
858 197 28
953 782 43
448 83 10
762 316 49
582 264 23
981 462 44
903 540 8
728 276 33
468 59 3
147 64 45
307 274 44
787 227 29
181 27 12
193 141 28
242 723 44
967 705 8
611 960 49
872 40 27
707 508 36
