59 793 1
262 151 1
869 129 2
899 437 2
57 80 2
609 676 2
106 537 2

477 278 2
583 938 2
398 224 2
53 284 1
282 898 0
705 767 1
74 18 2

194 427 16
837 36 44
4 494 31
696 971 12
972 555 0
158 953 26
128 358 12
244 640 10
511 345 29
907 771 47
93 965 24
359 154 12
653 510 7
836 206 28
298 531 33
27 169 47
639 414 37
131 630 26
557 341 32
20 346 43
977 182 49
257 833 32
93 883 23
881 262 45
380 902 9
520 404 38
357 887 25
965 18 5
243 576 48
676 948 46
619 277 31
153 627 47
578 861 10
173 593 14
534 113 20
173 822 7
348 140 28
506 383 6
284 799 17
848 304 45
647 882 8
357 408 1
673 942 17
393 467 39
353 168 29
331 674 13
589 30 24
795 583 5
926 867 6
295 715 10
292 363 44
150 72 4
954 746 49
871 491 16
962 196 34
