70 0 1
781 735 2
490 313 2
234 733 1

557 85 2
283 395 1
363 773 2
155 288 2

446 377 23
829 319 29
639 523 17
695 366 32
56 952 16
341 509 3
123 144 48
728 859 21
847 15 11
858 461 39
133 643 8
913 379 0
397 370 26
264 66 44
149 474 48
767 167 7
920 371 13
792 218 28
655 429 42
896 562 37
457 827 18
407 224 39
585 841 7
329 109 1
39 931 43
893 851 14
606 995 33
687 651 14
581 547 26
377 701 23
434 183 15
318 512 26
721 551 7
831 403 4
114 442 7
178 23 5
156 493 11
962 231 25
345 609 29
134 713 26
160 434 28
118 201 24
279 32 29
435 498 23
243 28 48
950 184 41
13 499 23
841 844 32
370 412 27
82 898 43
658 59 27
138 529 30
415 808 12
94 595 12
920 190 40
