342 426 2
869 536 2
353 554 0
964 894 2
142 923 1
290 666 0
636 946 1

279 510 1
456 114 0
228 353 2
41 47 2
431 916 2
361 621 2
711 586 2

642 80 9
586 370 25
848 358 22
79 637 34
249 446 48
272 26 3
193 850 19
579 563 43
519 274 31
705 268 11
167 854 33
942 702 43
16 133 30
952 382 28
651 654 6
406 350 25
209 895 27
281 826 40
974 697 16
605 754 34
596 232 27
728 185 11
659 188 18
343 156 15
920 437 41
413 763 38
179 720 42
566 740 14
158 193 30
805 141 14
584 869 1
746 880 41
136 839 46
901 111 33
132 56 20
526 974 10
374 289 46
792 972 48
634 238 44
774 374 35
70 627 46
155 471 23
3 955 31
923 833 5
935 676 39
140 50 31
486 541 5
53 334 29
853 320 17
149 94 43
883 671 43
889 301 33
394 236 9
735 376 12
366 214 5
223 619 41
52 473 11
471 622 7
264 259 23
36 142 46
829 389 25
