535 927 0
895 858 2
346 830 0
463 156 0
533 708 0
676 337 2
762 475 1

444 343 2
72 662 2
655 788 1
84 675 1
777 571 0
341 917 2
978 733 2

631 618 35
519 294 25
2 56 0
470 852 45
254 924 7
115 931 48
816 15 23
796 792 44
987 485 14
656 464 47
833 447 15
71 966 10
48 143 21
793 749 45
552 865 27
100 33 44
324 182 39
118 169 26
534 177 42
331 362 39
99 433 8
161 431 29
279 479 24
250 272 24
146 825 39
871 601 6
739 254 2
731 938 17
523 389 0
281 550 32
934 432 38
610 578 13
799 255 40
482 41 14
760 132 20
214 215 10
31 738 49
282 19 49
316 731 31
181 18 13
319 628 43
282 780 0
875 506 28
69 988 21
335 100 3
207 315 19
18 346 7
569 980 29
671 648 10
602 830 28
965 149 7
510 11 45
240 432 33
12 767 34
915 326 1
386 696 49
596 266 30
825 937 30
116 856 12
75 818 48
814 680 9
59 920 41
644 932 10
978 200 38
331 586 35
31 182 1
63 7 40
95 145 29
958 261 37
470 502 37
629 561 7
572 205 42
634 536 42
22 867 30
107 250 13
810 313 22
450 409 19
