743 813 1
609 674 2
184 981 2
581 169 0
76 379 2

495 182 1
249 645 2
547 962 0
68 912 2
192 760 0

627 856 19
132 465 43
298 1 24
881 935 43
608 11 25
664 108 2
926 7 17
434 75 29
100 619 41
255 246 47
576 378 14
693 518 14
925 311 33
629 237 40
648 23 15
227 123 34
919 730 32
818 307 11
183 230 39
901 778 49
554 471 19
218 41 16
741 318 27
519 446 42
802 617 1
152 53 12
925 177 28
41 271 46
820 347 45
836 766 43
875 249 19
37 769 17
282 571 34
185 386 38
319 890 43
583 346 2
670 272 32
798 313 5
596 486 2
342 322 20
35 198 20
276 869 14
912 407 0
701 726 42
894 662 39
399 684 11
81 483 26
386 431 12
390 773 37
161 161 35
533 769 22
26 45 44
892 11 27
936 257 41
975 656 26
638 737 11
967 123 42
781 866 18
918 27 29
253 912 48
672 380 4
223 272 17
852 208 24
144 536 31
472 526 20
283 493 46
877 627 12
245 545 41
774 151 3
425 679 41
769 703 21
775 926 45
792 778 5
418 274 43
701 746 20
722 381 15
218 259 42
932 856 40
673 631 41
326 56 22
269 177 25
240 304 1
187 96 31
