984 611 1
221 896 1
43 307 1
264 828 1

771 351 1
850 408 2
727 23 2
433 864 0

902 795 36
918 39 24
111 375 37
144 596 35
920 992 42
398 608 21
464 379 24
827 581 32
353 660 5
163 347 17
399 265 8
426 729 33
63 873 32
301 145 24
493 543 34
590 187 46
75 892 6
582 68 1
954 232 48
474 983 15
384 761 44
670 177 17
552 478 13
612 190 20
177 132 7
323 207 49
129 790 17
380 96 1
330 570 35
545 307 46
490 977 23
659 529 3
185 271 19
755 448 1
512 123 11
513 252 3
230 984 49
884 314 22
169 859 29
567 349 6
143 361 37
