922 170 2
129 417 2
589 113 2
697 836 0
613 795 0

910 81 0
432 847 2
8 541 2
230 435 2
301 216 0

770 138 46
631 267 15
789 208 30
901 257 16
986 871 11
346 565 44
110 925 36
200 156 23
611 210 49
328 351 8
158 604 15
825 590 38
533 577 39
628 39 16
616 591 24
39 180 33
30 195 12
160 158 25
910 486 26
220 644 33
787 821 23
578 460 4
149 993 33
990 621 24
757 589 15
31 628 47
115 659 44
129 819 4
706 81 42
635 653 37
291 19 20
998 520 16
281 511 39
308 620 29
925 3 7
723 470 18
419 600 40
274 306 21
966 293 25
655 461 18
166 753 37
136 751 7
804 384 20
94 692 42
973 618 46
480 693 16
999 112 18
41 738 27
812 705 20
589 360 32
807 878 35
44 367 38
154 171 24
126 265 19
719 238 39
667 71 32
733 422 46
781 275 42
751 217 4
535 24 33
360 927 23
737 53 41
806 124 29
845 791 2
929 877 24
477 981 37
764 762 15
756 865 32
813 401 8
