767 66 0
622 149 0
296 828 0
6 493 0

150 974 1
843 295 2
896 978 2
838 155 1

492 141 41
76 529 12
318 297 28
407 919 30
889 567 10
113 925 3
891 76 29
401 271 24
0 168 2
963 6 9
733 851 2
627 927 32
189 597 31
817 5 0
299 246 20
609 711 45
764 602 23
893 3 45
317 355 15
72 670 23
333 404 26
736 383 6
20 572 3
601 741 10
453 41 6
873 650 17
571 415 20
344 660 25
741 330 31
306 402 3
582 87 9
708 823 42
114 843 14
470 796 6
106 46 16
378 391 27
654 484 7
637 791 11
642 373 48
52 433 24
844 548 17
