710 571 1
51 274 1
348 326 2
682 342 2

825 697 0
554 380 2
477 894 2
153 53 1

72 540 21
335 793 45
388 503 18
997 907 42
861 255 19
266 467 12
110 851 39
263 4 42
213 428 32
484 763 27
731 503 33
549 500 42
993 362 47
764 775 38
229 42 5
392 518 29
286 981 30
269 457 14
266 277 32
908 270 44
157 387 20
53 360 32
432 999 13
14 426 9
600 48 16
614 51 11
743 934 37
375 200 14
507 460 37
354 617 26
976 665 44
640 718 5
174 150 6
690 164 32
449 116 30
18 730 34
879 473 18
469 200 21
335 707 31
824 413 1
897 381 36
10 950 2
344 399 18
727 769 0
881 822 25
154 157 34
888 982 48
239 34 39
607 931 23
281 747 31
385 92 32
605 819 4
330 213 27
