892 349 0
775 320 1
956 374 1
536 582 0
988 148 1
184 272 2
500 875 0
572 393 1

720 698 0
571 355 2
162 599 1
879 374 2
190 683 1
620 219 1
518 559 1
437 743 0

95 595 10
954 239 4
531 162 9
15 324 10
497 204 35
651 746 20
531 718 41
994 236 0
604 674 45
487 121 41
598 673 10
454 628 2
360 511 14
622 526 39
482 375 45
69 378 41
339 910 12
932 860 24
428 348 46
833 104 1
35 464 12
752 86 41
793 921 18
38 990 47
381 330 9
94 147 25
418 575 25
216 798 25
688 631 31
139 19 48
647 564 7
215 954 48
514 335 30
75 131 42
892 225 41
570 995 16
947 212 14
623 900 48
106 391 17
