107 203 2
41 972 2
337 88 2
786 319 0
213 40 0
44 217 1
559 239 0
534 232 1
391 287 0

633 732 2
971 839 0
233 880 0
219 569 2
983 356 1
832 921 1
652 317 1
854 876 2
232 410 0

460 801 4
734 758 28
51 82 9
321 941 4
304 173 17
223 985 20
17 310 16
795 446 12
806 253 27
739 522 26
237 502 45
115 823 38
222 127 13
409 781 25
867 150 37
435 945 34
526 843 9
765 459 38
660 927 12
201 149 41
914 888 44
965 649 27
177 951 23
561 650 29
61 781 44
497 546 6
436 559 35
550 760 34
791 26 24
736 991 23
393 761 43
566 674 44
547 577 23
371 638 4
65 136 3
923 924 12
708 474 24
994 265 0
