809 888 0
392 858 0
287 967 1
417 123 2
247 523 1

67 893 0
397 147 0
447 747 1
889 375 0
498 287 2

981 448 24
60 193 34
435 249 26
494 849 2
342 268 47
442 665 45
683 112 42
45 353 19
550 851 8
787 184 7
263 244 2
598 617 34
603 405 36
380 251 35
32 593 3
281 387 21
326 70 33
118 115 39
990 18 40
148 157 25
107 420 21
259 370 41
596 974 48
182 706 1
969 90 44
24 371 34
745 698 4
931 168 22
470 158 40
860 307 47
787 766 19
311 26 42
452 974 16
702 508 22
203 477 12
388 530 2
112 0 10
854 212 19
753 352 36
72 663 14
114 467 38
482 169 46
556 372 25
720 21 28
891 709 7
804 563 22
375 316 24
361 740 37
77 207 4
415 41 23
613 598 47
288 318 20
817 574 25
944 416 22
602 307 31
611 463 46
407 552 5
996 630 14
700 397 5
925 11 3
522 651 24
493 820 0
320 765 16
745 719 26
526 682 41
575 516 32
939 275 35
396 272 17
412 324 16
118 250 29
773 124 31
99 617 1
0 290 18
668 35 39
996 913 22
770 780 17
657 528 39
174 941 16
793 59 16
703 284 10
157 636 0
727 656 37
369 653 2
