772 267 1
334 191 2
779 98 2
681 567 1
440 825 0

799 877 2
825 509 2
858 344 0
146 96 2
537 544 2

192 317 36
237 651 28
910 430 28
388 463 45
978 903 23
677 90 8
118 588 4
961 125 49
580 669 18
897 817 3
425 205 16
648 230 6
660 908 48
368 378 36
524 339 13
225 920 33
243 739 40
616 988 7
419 765 14
37 989 0
558 487 42
485 135 22
644 147 32
244 515 10
433 39 0
746 617 22
81 860 13
971 477 1
30 248 16
647 286 5
447 196 42
991 34 29
414 678 26
96 274 43
509 59 33
909 806 0
933 239 12
696 211 41
447 593 40
172 40 24
517 31 8
996 797 38
975 894 13
468 403 22
353 664 30
855 597 20
218 293 33
201 407 21
279 931 11
554 448 44
862 797 42
201 772 38
166 592 43
190 946 7
21 801 6
