916 705 1
510 56 1
914 998 0
709 303 2
499 738 2
187 180 2
510 781 1
682 434 1

584 121 1
789 161 0
505 77 0
68 588 1
341 502 1
648 563 1
110 62 1
169 602 1

135 464 8
848 498 43
689 224 27
974 798 45
878 491 49
133 491 13
986 771 29
813 906 43
422 106 44
817 921 27
333 962 1
362 441 33
117 768 31
66 131 16
58 808 40
540 973 48
485 395 7
929 564 30
456 897 45
560 260 36
745 729 6
377 246 5
851 312 36
817 843 8
779 793 44
80 279 41
487 208 6
514 929 15
303 674 47
859 403 43
766 255 7
453 424 2
334 645 1
328 725 32
727 83 11
283 950 40
98 253 17
842 231 27
1 36 4
3 349 19
611 35 16
364 363 41
396 785 7
302 795 43
544 246 46
461 945 10
134 788 43
413 789 29
469 145 29
391 108 16
957 472 30
601 220 17
808 560 31
451 214 27
396 759 25
242 220 20
728 941 47
359 332 5
25 290 29
407 891 49
958 503 26
137 899 35
562 494 7
284 751 16
