731 716 0
674 611 2
602 660 2
175 958 2
628 238 2
563 329 2
332 766 0
972 850 2

968 593 0
633 454 1
714 537 2
758 211 2
426 166 0
910 693 0
51 673 2
937 237 2

233 921 16
336 893 18
306 861 11
131 846 15
513 913 5
612 23 18
321 449 36
691 360 32
993 53 44
663 974 10
231 280 22
393 763 20
360 629 33
217 241 7
286 562 8
872 606 18
504 681 32
162 675 37
56 972 25
224 635 49
284 866 31
558 611 47
679 972 26
64 189 19
473 827 33
332 52 39
550 908 23
884 70 0
271 479 22
648 703 7
647 339 25
279 250 37
378 281 11
754 345 2
723 819 30
606 151 32
448 53 40
971 290 13
521 913 42
43 562 47
552 561 38
266 570 19
430 399 36
462 358 39
194 158 44
186 129 34
601 2 48
143 397 12
92 301 23
381 228 16
271 495 36
91 424 13
296 316 22
487 862 32
731 401 13
266 2 15
66 498 14
428 942 15
819 947 43
858 390 17
39 998 40
864 485 5
846 216 6
310 482 10
775 900 8
342 680 1
209 384 26
305 555 25
248 765 15
190 730 15
432 594 0
889 440 19
395 750 3
256 878 4
267 429 20
596 87 26
871 335 41
889 303 32
256 845 12
824 519 48
243 267 49
