231 548 0
302 921 1
173 11 0
712 246 2
628 1 2
792 906 0

198 731 1
272 465 1
557 320 0
25 588 1
169 171 1
972 473 1

915 646 24
333 710 20
68 691 23
399 483 5
278 33 11
257 657 4
11 214 24
409 592 14
298 761 11
88 86 9
150 353 8
872 38 20
193 107 11
514 506 21
94 785 5
406 394 12
535 405 4
984 166 23
21 465 11
230 905 22
265 55 2
41 473 25
476 339 6
745 434 18
400 840 12
713 727 19
592 711 11
63 732 3
647 315 8
318 580 15
45 878 20
684 747 8
416 845 19
284 245 11
195 310 13
214 902 24
400 965 8
403 613 23
311 283 5
275 328 10
518 140 7
235 176 4
643 592 26
223 424 7
984 638 12
808 391 2
716 794 15
940 106 25
743 733 6
129 251 21
434 838 24
838 833 17
88 22 21
935 245 20
92 581 10
152 389 26
178 458 23
168 398 6
442 493 16
396 622 17
842 408 8
464 247 18
31 687 16
475 622 11
695 66 18
554 219 9
155 397 17
903 917 17
109 711 11
48 107 10
972 118 20
538 149 7
479 977 6
314 672 22
82 226 16
207 637 8
924 747 19
783 147 4
969 738 7
563 62 25
842 746 26
762 180 5
254 772 16
142 979 3
499 360 15
129 275 3
878 31 6
355 213 12
606 975 19
84 229 16
648 724 22
854 546 19
