64 386 0
918 588 0
593 991 2
642 708 0
263 285 1
895 84 1
394 55 1
68 474 1

72 592 0
439 614 2
481 678 0
525 949 1
13 542 1
469 537 1
456 800 0
838 695 2

12 441 10
702 933 4
399 373 18
653 206 24
645 83 23
225 448 15
148 917 2
780 373 2
49 211 24
163 355 25
750 58 11
577 809 11
370 814 17
842 459 2
263 36 25
579 537 17
84 719 6
431 473 7
220 988 15
764 38 24
631 232 10
581 848 24
331 427 11
646 210 5
39 294 26
176 298 15
64 169 6
362 976 23
470 92 13
744 75 23
951 339 25
291 377 5
690 21 6
267 198 6
481 262 26
785 977 4
108 799 22
822 543 22
768 372 6
562 676 20
270 929 13
