880 43 0
79 235 0
866 446 2
504 333 2
222 714 1
728 560 2
247 13 2
300 189 1

773 550 2
591 689 0
679 569 2
101 649 0
253 867 0
79 371 0
371 945 2
810 673 1

40 573 22
961 290 13
343 321 9
416 775 8
428 28 2
534 107 25
677 830 20
535 641 19
953 247 17
736 640 15
708 863 14
230 176 4
926 287 3
59 715 6
60 601 16
783 278 23
452 166 16
146 119 14
761 856 4
949 564 19
837 147 20
217 218 5
195 278 20
668 825 26
964 629 17
254 775 14
968 838 13
712 27 12
280 393 5
71 963 23
501 510 3
294 712 20
392 380 21
768 345 25
311 951 26
973 94 14
195 414 2
981 126 6
267 758 2
197 829 15
993 330 25
772 976 15
240 368 20
534 136 17
861 772 12
448 967 26
226 301 2
932 117 16
445 462 23
821 234 26
377 361 10
895 171 9
11 384 7
574 833 26
550 411 4
653 793 24
513 78 18
203 523 6
926 696 15
626 605 17
397 335 6
305 582 2
13 945 14
845 519 24
644 422 10
97 75 5
821 588 8
663 143 9
967 422 5
575 797 25
654 103 7
256 468 2
243 313 24
415 309 23
998 758 23
79 580 13
237 595 9
271 562 8
2 771 8
338 346 7
713 0 12
670 257 5
572 500 20
542 266 13
436 206 4
269 560 26
150 250 24
532 963 25
