163 284 1
326 996 2
736 282 0
478 824 1
847 738 2

18 425 2
272 665 2
210 337 0
162 246 0
958 217 2

484 380 3
877 58 24
845 147 6
583 472 23
112 843 23
829 467 15
780 30 5
3 544 26
879 502 18
946 338 25
297 216 11
644 413 8
625 27 10
782 610 9
678 74 4
352 903 22
690 36 4
70 39 23
539 216 16
763 865 9
749 861 24
882 838 26
640 620 13
352 355 18
949 397 4
576 468 20
99 164 15
476 704 8
840 819 25
124 568 11
821 450 24
897 442 21
583 16 24
344 368 4
272 821 15
553 13 9
51 138 4
762 959 4
311 857 23
5 136 10
532 200 5
809 964 25
202 523 20
112 795 18
77 700 6
510 103 21
862 865 8
17 528 15
965 361 7
930 366 21
264 250 23
267 60 13
515 614 13
460 78 9
578 156 11
358 18 15
979 880 7
560 249 11
350 215 22
581 145 15
652 761 15
923 28 2
511 896 17
623 708 22
882 287 3
841 997 21
256 976 4
537 537 5
346 887 22
868 820 20
756 824 6
246 100 12
797 963 8
