789 430 2
584 302 1
723 617 0
330 477 0
311 575 2
941 851 1
377 722 1
279 846 0

63 656 2
938 863 2
972 4 1
961 940 1
950 663 1
783 993 2
120 657 2
52 598 0

620 958 26
65 22 7
434 960 22
705 284 2
406 597 19
114 899 8
890 802 12
619 206 10
200 797 15
503 417 23
4 835 20
162 269 7
182 974 16
559 732 15
877 847 14
210 934 21
888 176 25
224 796 7
509 348 6
122 852 26
694 856 11
639 370 5
545 553 4
86 464 13
577 693 10
614 903 22
686 144 23
559 368 21
991 229 20
221 352 24
220 398 7
54 37 3
509 934 8
586 373 22
108 916 21
403 602 15
874 162 8
494 505 13
814 726 17
986 298 17
718 352 6
469 213 18
125 151 16
412 359 7
481 762 12
695 988 26
628 834 6
791 648 8
306 986 6
578 526 24
519 652 26
833 250 2
449 14 13
981 495 25
116 542 13
765 171 23
568 122 18
18 993 22
619 178 24
471 627 13
682 961 11
7 77 3
320 195 24
468 115 14
265 268 10
400 952 4
592 873 4
681 862 3
653 333 5
640 367 18
826 374 21
202 694 16
750 163 8
964 780 3
447 180 7
826 772 5
680 82 23
528 763 10
554 769 20
559 761 12
526 587 11
922 789 8
