737 405 2
459 52 1
278 746 0
367 415 2
949 154 1
289 486 2
343 54 2

516 136 0
895 620 0
97 698 1
860 435 2
134 895 0
43 525 0
635 244 0

542 545 5
789 834 16
681 293 4
916 390 2
418 250 13
813 309 2
791 450 14
256 951 18
761 642 25
87 60 3
200 386 15
560 22 22
797 364 12
307 321 26
560 56 22
350 190 22
785 303 14
610 390 2
686 942 15
851 502 12
796 300 3
509 579 8
531 238 6
835 320 20
655 22 12
553 807 15
92 417 8
692 456 25
382 659 5
95 456 7
171 965 11
408 555 9
288 398 26
798 303 10
612 396 5
168 440 13
18 823 22
371 270 5
313 923 20
488 683 3
422 4 21
325 292 21
601 443 25
37 407 23
890 927 13
551 297 13
223 669 8
797 710 25
443 550 8
644 973 14
940 298 9
986 251 2
336 288 11
269 81 12
982 305 6
614 9 4
391 806 16
739 249 17
122 245 17
510 537 17
542 524 18
369 212 9
603 295 14
