634 285 0
470 78 2
926 10 0
165 408 1
646 429 2
62 131 2
521 506 0
343 916 1

974 38 1
669 29 1
552 16 0
748 486 1
289 412 1
3 929 2
559 575 0
270 989 2

169 862 18
416 558 9
446 553 3
855 205 7
132 494 19
467 409 3
296 679 20
256 848 7
74 616 15
456 141 24
228 939 3
199 154 16
855 638 12
900 525 25
518 134 26
350 208 19
741 17 12
491 627 23
425 179 4
253 308 4
89 932 8
685 184 10
609 702 19
85 404 3
177 145 20
763 161 17
639 652 22
463 429 26
440 697 10
408 951 18
743 77 13
226 38 17
196 123 22
22 653 17
217 768 3
77 222 12
955 912 5
532 655 9
294 233 23
329 803 26
47 20 21
925 678 6
769 136 18
779 797 18
740 752 5
445 285 12
227 579 21
400 40 2
697 722 6
646 769 3
545 855 16
948 624 2
15 403 24
856 495 2
716 272 10
844 969 7
775 967 3
726 683 25
708 580 5
797 881 6
396 752 8
523 714 25
935 437 21
278 505 20
14 349 14
698 851 17
323 559 25
803 708 6
907 730 2
472 2 21
822 937 10
43 568 15
429 751 17
247 74 3
645 877 11
924 136 18
99 254 22
730 726 26
724 900 13
507 944 8
786 832 21
900 262 24
