482 576 1
444 168 2
840 641 0
296 125 2
570 189 0
204 657 1
407 217 2
447 524 1
339 701 0

421 595 2
120 77 0
247 873 2
101 65 2
904 714 1
930 636 0
857 841 2
893 248 2
166 695 1

772 386 15
164 807 10
420 280 14
251 981 4
9 167 7
316 24 23
984 270 23
279 560 7
742 725 16
152 497 23
639 748 3
351 999 11
481 243 23
676 604 16
156 272 17
829 256 14
750 125 3
719 757 13
74 499 15
588 652 12
735 643 13
113 347 12
68 856 11
184 13 8
677 842 14
439 945 17
990 664 24
454 738 23
994 678 2
32 413 23
818 526 22
955 998 2
336 419 10
320 955 25
577 632 20
441 72 15
431 414 4
178 220 19
777 215 22
27 247 11
625 65 14
570 20 15
47 708 11
381 29 16
79 958 24
324 399 23
162 831 12
16 9 8
608 786 25
879 166 22
915 143 14
477 714 11
742 113 20
426 846 26
66 278 9
690 602 8
386 765 14
848 133 26
531 742 14
429 973 7
926 888 26
840 717 17
127 812 5
770 238 2
128 346 7
509 84 24
74 933 10
0 816 2
712 598 2
669 717 9
109 844 21
14 966 12
766 112 18
77 453 26
826 527 11
709 879 3
686 944 3
636 239 4
826 908 23
734 369 19
805 735 12
434 298 18
99 727 22
200 554 26
438 302 25
591 290 14
620 117 24
661 360 7
922 828 9
646 614 8
963 65 10
85 265 16
734 852 7
615 642 11
88 233 3
152 854 22
521 234 13
302 508 18
936 155 7
