146 277 1
348 278 1
541 630 2
800 784 0
246 100 2

709 396 2
885 101 1
444 391 1
390 194 0
778 52 2

910 551 21
83 899 24
447 792 7
453 944 16
171 190 19
538 251 15
739 136 19
581 580 12
241 323 6
865 453 11
132 363 14
28 447 13
203 246 7
8 52 2
949 223 19
991 762 21
782 853 9
309 28 15
490 246 18
724 730 8
861 759 7
249 962 6
782 322 8
259 271 6
926 615 20
197 397 24
605 423 11
945 84 14
960 574 10
428 651 18
259 864 4
471 248 15
752 507 11
608 785 3
579 335 25
51 940 25
949 197 11
835 977 12
451 236 26
178 830 17
571 301 15
934 405 24
920 366 10
522 945 20
872 348 12
646 10 26
855 959 25
639 146 2
74 949 15
726 479 21
843 50 24
209 984 5
81 257 23
91 779 18
84 3 18
721 1 3
595 857 14
18 496 11
418 923 12
407 1 17
578 844 17
50 53 4
876 578 17
769 663 20
10 736 24
261 332 6
176 350 4
247 880 5
737 458 25
630 860 5
507 141 17
641 369 21
500 763 4
979 939 7
307 528 3
909 775 10
513 865 20
313 495 5
166 2 23
507 995 18
