985 827 0
353 811 0
6 627 2
48 799 0
633 620 1

194 100 1
756 809 1
193 257 0
222 262 0
529 750 1

946 735 8
430 440 21
17 446 26
421 846 25
167 479 20
989 674 23
842 782 9
615 327 18
460 549 5
737 79 7
116 25 18
674 807 8
744 597 26
892 764 8
586 947 16
320 562 18
311 23 18
917 112 22
272 580 24
363 254 6
247 650 6
577 394 5
401 639 20
409 4 23
91 942 23
907 262 10
699 925 10
164 467 7
961 182 12
917 429 14
698 6 10
220 169 5
468 613 22
664 520 11
775 571 12
260 315 6
210 831 23
741 144 6
878 62 10
665 112 19
198 189 4
603 230 13
426 246 11
510 373 9
872 986 25
429 548 6
100 289 26
306 167 15
590 184 2
986 458 5
909 413 12
446 839 9
207 702 9
539 926 22
187 355 21
995 114 5
33 56 16
183 640 26
875 626 11
329 888 25
364 686 16
998 893 20
358 432 24
703 972 4
