807 971 0
314 351 1
130 825 0
771 786 0
913 470 2

976 277 1
806 82 0
154 758 2
438 891 2
626 988 0

78 147 19
10 814 20
915 944 23
333 715 9
490 981 6
44 309 10
872 116 17
505 622 2
389 60 18
711 39 8
432 469 6
476 479 22
872 394 16
445 728 8
804 570 14
631 695 14
633 436 26
174 147 17
55 931 13
436 408 17
631 632 14
122 77 17
329 881 14
868 514 5
365 957 19
330 940 16
269 573 3
621 747 25
363 154 7
575 943 17
617 574 26
54 49 3
571 378 9
658 246 25
712 964 9
956 646 24
895 916 24
271 889 23
147 252 2
954 179 20
521 797 22
720 851 21
996 423 26
505 433 24
212 453 10
836 701 3
33 972 19
681 471 23
131 425 3
877 946 25
549 666 26
270 14 26
369 519 12
418 751 9
80 963 13
740 151 14
316 536 13
485 217 10
906 701 12
507 930 9
507 101 17
883 822 13
693 240 15
1 320 5
114 60 7
928 728 18
66 213 13
324 472 14
360 979 19
694 237 25
342 744 26
709 979 23
596 25 13
234 378 11
187 492 21
644 772 2
638 838 17
849 515 14
761 875 19
955 569 8
628 263 2
350 569 8
538 155 11
47 342 5
969 339 4
834 826 8
874 939 10
893 894 6
501 628 19
832 330 15
541 868 20
627 916 15
558 885 6
260 504 8
801 690 11
209 916 2
492 809 23
696 310 22
516 811 2
