831 703 2
53 57 0
705 90 0
726 255 2
437 666 2
496 407 1
506 724 1
236 695 1

400 493 1
210 158 2
483 341 1
790 394 1
470 100 1
689 826 2
308 615 0
630 463 0

677 322 22
939 558 18
405 959 13
660 521 21
948 356 13
939 147 9
181 306 14
44 597 20
215 626 19
463 565 5
406 970 16
842 631 12
789 579 19
77 870 16
759 561 10
558 22 8
934 985 9
351 448 24
318 49 3
479 838 7
348 267 4
364 378 15
997 624 9
288 183 8
547 373 26
402 307 12
884 659 12
654 9 18
587 188 25
389 552 3
104 901 5
561 189 15
745 736 13
994 491 21
581 727 7
617 11 22
983 259 11
731 0 13
312 18 6
950 763 19
962 109 10
633 43 13
963 12 26
983 223 17
365 725 14
586 60 26
996 143 26
309 704 8
524 17 3
928 319 16
772 633 2
819 581 9
893 917 9
633 634 11
398 220 21
774 568 16
150 878 21
631 754 13
448 806 18
876 562 11
346 381 18
181 275 12
238 260 21
373 10 16
919 136 10
609 287 15
3 270 19
766 753 3
848 553 9
564 781 24
167 661 7
704 899 20
