103 664 2
52 466 0
956 837 0
93 731 0

131 915 2
581 316 2
461 728 1
461 424 0

343 203 3
655 508 23
792 367 5
302 324 17
294 417 23
430 900 13
573 481 7
225 294 10
408 99 14
261 106 24
832 263 12
714 356 23
687 786 23
781 937 26
714 80 9
423 488 10
336 102 16
108 286 6
196 706 13
299 530 25
78 597 8
274 284 19
370 212 6
300 993 19
877 59 24
209 483 14
992 171 16
233 279 5
89 827 11
0 126 18
325 204 15
6 830 2
826 553 14
5 205 8
474 82 19
23 291 2
552 868 5
330 957 9
166 310 11
533 987 17
848 994 23
448 172 3
613 529 8
771 4 16
988 27 9
264 345 15
767 27 25
450 194 12
611 79 26
328 927 22
