435 3 1
440 614 2
178 439 2
11 290 1
70 471 1

763 86 2
824 235 2
227 711 1
996 983 2
289 605 1

994 41 26
102 833 17
14 364 7
379 375 24
570 798 20
633 913 8
845 737 18
863 665 15
761 306 22
833 301 13
907 755 24
300 121 13
132 500 15
254 422 15
847 56 4
230 253 16
496 664 10
826 880 26
761 474 10
425 734 17
922 34 13
135 166 16
723 772 13
462 971 21
114 201 24
855 697 16
266 875 21
990 718 12
372 832 14
550 883 11
814 18 2
578 93 26
764 907 22
711 21 23
910 229 22
774 495 25
870 837 20
608 561 2
820 321 11
470 872 19
154 686 14
356 616 8
330 732 15
275 443 14
773 354 20
320 480 17
743 351 4
237 959 17
914 779 14
201 249 13
18 403 26
558 759 17
839 441 24
