294 318 1
426 795 1
757 410 0
527 866 1
500 452 1
677 841 0
556 182 0

785 240 1
635 897 2
316 353 0
890 999 1
202 425 1
847 534 0
313 61 1

315 913 19
123 499 19
857 272 8
750 940 13
61 385 14
347 232 25
395 898 11
662 565 25
30 411 18
942 886 17
37 189 4
371 398 3
955 148 18
243 70 26
595 830 20
194 578 20
853 240 11
778 622 24
646 565 11
662 602 2
666 325 25
942 632 23
909 759 4
45 354 11
414 548 14
32 754 5
216 532 2
164 531 19
350 545 21
725 211 24
771 15 9
466 925 18
293 970 23
303 736 21
890 121 25
70 337 10
873 853 16
240 203 11
562 928 24
209 778 4
488 549 21
996 368 23
614 661 21
405 559 5
680 629 18
840 854 23
179 95 2
415 657 7
862 218 13
166 58 14
838 54 7
434 669 19
705 256 12
713 13 21
841 694 3
659 534 7
558 481 11
65 696 6
351 214 15
539 52 21
94 487 15
663 544 24
549 257 12
771 758 18
52 89 9
131 999 17
516 65 13
822 416 3
835 955 5
695 65 14
392 966 23
103 312 22
859 83 8
