247 815 1
398 643 0
337 888 1
979 639 0

123 257 0
210 574 1
121 177 2
118 64 0

671 764 11
746 297 25
638 896 17
325 294 13
238 631 26
45 962 16
511 85 25
776 769 3
163 887 17
326 8 7
226 646 3
294 971 22
5 561 5
604 959 18
43 769 5
817 897 24
769 413 13
136 780 25
268 458 8
48 685 6
77 979 2
47 336 15
353 292 26
621 840 24
974 235 20
327 53 18
801 174 6
514 310 13
137 930 21
768 331 8
397 408 12
349 807 25
215 160 18
39 781 8
38 108 20
807 787 23
825 941 24
467 945 17
488 65 23
232 516 14
606 83 24
624 475 8
482 513 18
575 672 7
722 497 25
394 753 8
729 572 5
995 61 22
943 256 14
948 488 6
760 446 16
542 552 5
460 128 2
164 948 7
322 30 5
425 25 18
946 320 24
633 268 14
189 380 11
829 465 6
943 359 9
923 820 14
576 338 16
726 854 16
333 177 21
513 954 23
754 900 19
251 886 12
941 427 18
725 256 10
931 552 19
338 475 16
577 403 4
18 481 9
408 815 11
827 328 15
624 83 18
93 686 6
478 627 8
596 704 15
179 636 19
474 326 19
588 904 25
41 922 6
348 682 23
184 510 2
974 486 12
17 579 25
946 57 5
303 6 9
268 537 20
785 11 24
