835 796 2
681 577 2
994 134 2
75 633 1

780 688 2
455 715 1
6 999 2
962 520 2

52 14 19
853 157 10
530 992 7
943 674 11
595 20 22
200 95 5
667 875 19
9 683 11
896 689 11
864 3 8
273 407 22
368 260 6
578 143 26
233 438 2
169 33 22
239 585 17
295 252 20
39 262 3
498 510 19
309 374 24
641 0 8
338 720 20
193 298 15
744 884 3
969 53 12
214 645 22
906 940 2
474 979 16
77 829 3
721 139 3
368 780 3
126 470 25
145 15 23
658 759 7
610 728 11
947 294 8
517 201 23
185 105 8
863 547 4
241 673 25
339 818 17
87 829 2
368 439 5
54 386 25
385 255 3
8 652 3
962 837 8
668 889 9
370 482 9
895 173 5
436 261 9
736 981 25
116 35 13
19 132 22
571 94 10
579 191 11
414 859 3
148 230 10
556 477 11
486 265 24
893 353 5
91 822 17
570 985 25
766 556 21
151 487 12
210 902 22
863 402 4
999 310 6
308 796 24
582 41 2
837 484 24
479 863 15
245 786 25
143 552 8
487 55 20
22 265 24
769 481 2
