972 997 2
656 579 2
91 417 0
321 442 2
198 144 2
3 675 2
805 317 1
309 280 2

66 818 0
437 444 1
113 768 2
436 424 0
168 867 0
718 189 0
79 739 2
446 742 1

570 547 13
586 856 18
458 274 11
905 711 7
363 825 25
818 613 2
852 133 21
7 204 10
956 283 24
50 82 16
820 652 15
906 590 24
625 49 23
161 954 10
142 317 12
119 339 10
864 698 14
797 655 23
822 705 7
588 525 9
902 784 25
776 409 24
572 570 5
432 64 23
117 307 8
767 426 25
551 642 23
538 440 5
161 614 11
866 202 13
576 456 24
524 584 10
873 157 6
176 941 22
258 178 10
706 81 2
204 972 19
569 704 13
811 29 15
367 557 6
340 707 17
619 965 23
677 23 6
378 227 5
870 585 16
329 154 20
990 812 25
865 505 12
780 225 19
285 565 3
552 184 18
350 214 18
230 944 21
433 814 6
474 495 13
867 837 25
892 649 17
73 514 24
403 932 14
229 836 26
373 187 15
539 769 11
285 554 2
617 29 23
103 248 10
753 493 9
745 566 26
242 202 21
965 605 5
604 186 16
428 911 5
818 803 26
504 88 6
1 160 12
669 10 24
18 253 26
