823 153 0
62 760 1
391 447 1
593 613 1
468 478 1
388 84 2

900 195 0
804 32 2
676 917 0
474 195 1
357 370 0
819 432 2

245 823 18
385 625 21
208 877 18
303 681 26
982 709 20
535 893 12
292 65 20
513 310 20
111 426 26
871 811 26
68 19 3
811 675 11
587 9 23
872 828 2
878 986 3
436 631 12
12 855 24
862 275 20
940 86 22
52 674 6
873 306 24
230 531 2
832 366 24
478 692 5
587 480 12
123 493 19
822 707 19
892 999 7
638 51 6
744 276 15
791 858 23
666 691 14
366 543 8
51 21 2
257 608 10
94 83 3
786 257 12
753 150 11
158 140 15
590 884 16
680 676 2
301 694 20
640 60 13
871 112 9
498 721 19
958 815 3
911 601 10
571 706 12
583 216 4
998 158 14
689 838 17
239 491 11
968 354 13
595 163 24
148 75 25
958 998 8
919 581 24
371 579 8
60 269 23
425 860 15
837 693 23
309 13 5
245 843 10
254 790 25
151 896 26
282 167 9
629 539 16
487 951 12
184 377 22
724 566 17
395 227 8
125 824 26
60 78 16
159 804 6
370 218 13
759 706 14
769 242 18
991 966 9
907 361 11
540 487 10
16 547 15
930 58 19
486 95 26
