731 878 0
498 157 1
792 736 0
370 905 2
751 348 0
344 490 0
374 613 2
909 47 1
426 376 1

744 87 0
962 170 1
731 668 1
584 813 0
75 535 2
950 286 0
604 983 0
844 709 0
847 618 1

368 44 23
712 140 12
642 454 7
825 197 3
137 147 14
177 147 26
45 867 22
993 931 14
28 574 19
585 377 4
810 147 26
553 324 23
479 814 23
43 316 2
239 674 2
722 600 18
992 593 25
755 973 26
972 558 3
251 626 2
972 105 16
495 235 14
619 309 15
611 301 10
534 408 9
961 107 17
39 710 18
90 34 23
306 580 24
191 450 13
513 917 9
228 528 13
536 414 21
818 149 4
628 502 23
868 251 14
717 442 15
954 545 15
129 58 7
262 638 11
400 174 2
594 345 2
521 708 15
907 688 19
3 560 14
486 781 15
548 498 9
413 804 4
9 548 2
993 894 24
870 416 9
210 675 22
53 31 8
840 517 16
230 417 14
414 183 19
144 111 5
13 436 22
310 658 15
19 869 16
64 274 22
22 466 16
73 890 2
301 599 20
477 612 6
90 293 10
