443 735 2
149 820 0
23 0 0
161 343 0
288 863 0
921 915 0

161 813 2
259 599 0
845 632 1
925 184 1
263 627 0
772 128 0

299 152 3
731 665 23
855 953 13
641 388 19
343 647 18
801 492 25
974 417 11
767 33 13
648 805 19
349 104 23
50 835 13
798 691 19
409 352 18
288 993 6
980 336 5
624 490 22
899 816 17
359 936 25
797 584 5
364 933 11
787 335 24
524 133 17
566 542 19
834 183 14
491 163 3
942 39 9
507 750 20
457 547 6
212 264 16
71 51 26
470 927 11
560 493 6
354 328 14
142 171 4
618 965 19
70 766 10
141 223 9
795 787 23
735 211 2
361 681 4
121 594 25
775 948 5
964 442 26
316 412 16
43 771 17
28 912 18
561 707 7
357 794 18
909 508 2
389 629 21
362 756 21
15 720 14
381 944 23
549 973 10
292 534 19
822 243 16
564 505 24
60 256 11
729 623 8
841 814 23
718 498 24
291 781 21
551 73 5
518 895 25
984 811 7
606 150 26
561 210 9
272 292 9
55 485 25
227 203 24
651 498 6
20 789 12
714 692 10
470 547 19
150 506 21
77 67 9
259 340 26
417 395 11
740 974 17
914 626 15
968 998 7
803 65 26
63 711 14
219 181 12
538 684 20
7 761 12
