690 444 0
931 601 0
236 279 0
845 149 1
550 152 2
775 238 1
743 184 2
809 206 1
101 826 1

991 925 1
492 967 2
978 899 2
214 487 0
557 333 1
545 235 2
606 10 1
913 106 0
423 915 1

759 16 7
399 360 9
176 182 2
241 396 15
584 954 23
429 851 10
425 809 21
12 75 2
135 498 19
112 610 12
51 74 26
802 603 9
453 844 7
591 780 13
414 209 15
472 635 24
68 134 25
510 598 12
321 217 21
843 620 22
218 422 25
127 227 21
784 818 2
396 584 11
211 57 23
183 19 8
733 881 8
893 202 2
62 46 22
9 616 22
208 95 24
129 627 6
866 838 13
237 674 16
168 590 18
975 483 21
702 897 19
698 258 12
820 466 7
169 773 13
337 902 16
442 120 6
955 358 5
771 670 12
606 190 4
675 517 14
946 220 11
632 259 13
