946 877 1
620 720 0
961 850 2
73 898 1
51 659 0

353 559 0
247 73 2
968 67 1
410 882 0
21 213 2

409 159 5
747 779 25
681 92 2
872 517 3
139 569 12
889 922 22
658 521 20
649 489 15
483 900 22
986 273 12
487 682 21
217 782 2
315 463 21
968 687 14
519 178 8
81 420 7
851 78 4
47 79 20
662 563 22
159 901 20
870 388 3
91 605 10
444 273 25
888 593 14
85 193 13
891 397 18
570 796 25
738 810 15
159 969 16
852 839 7
580 931 14
90 727 12
415 615 5
428 818 19
619 903 15
582 146 12
975 716 10
800 807 20
188 318 14
478 170 6
508 103 14
495 193 16
108 609 6
313 389 26
983 8 7
846 942 5
458 269 24
866 70 6
436 258 24
975 736 21
16 444 20
762 217 20
288 200 5
718 46 24
647 504 18
996 722 13
800 510 24
274 486 10
270 840 9
370 209 3
663 966 7
269 728 24
482 82 2
471 234 15
718 860 26
53 131 18
337 501 2
713 516 21
993 137 24
843 401 18
893 20 6
989 936 19
942 770 2
970 241 13
508 311 24
884 365 5
100 702 6
878 768 24
446 308 12
640 201 9
921 191 20
288 485 17
90 807 9
127 315 22
24 551 12
404 4 17
285 882 12
682 856 2
