807 661 0
54 804 2
822 960 2
365 576 0
465 119 0
508 322 0

169 337 0
431 758 1
961 139 0
373 302 2
149 109 0
584 515 1

696 55 26
636 872 22
679 685 20
882 998 11
50 371 15
394 873 24
48 457 14
684 53 11
383 689 10
906 518 18
751 865 22
637 896 9
67 181 6
505 576 6
405 976 15
819 538 22
923 222 3
82 958 19
466 864 12
934 967 4
304 604 3
63 887 9
949 459 16
655 216 17
819 36 5
691 959 3
617 42 11
937 860 2
477 450 23
428 865 10
510 685 16
965 642 19
780 813 5
486 505 17
414 474 9
300 411 21
50 186 17
119 663 19
792 443 9
1 953 19
867 78 8
193 395 26
736 528 14
666 14 21
556 780 21
840 80 7
984 482 20
626 601 8
718 393 3
27 746 6
22 614 12
3 159 7
979 895 12
63 118 8
83 274 23
993 372 15
123 746 6
342 729 13
178 498 25
361 746 7
774 111 2
670 194 3
518 11 23
760 5 20
101 480 16
407 867 17
521 561 23
883 739 23
158 471 12
904 184 8
609 958 21
962 980 15
588 851 4
559 611 11
254 64 16
343 472 10
