88 598 2
248 444 0
719 289 2
934 253 2

238 345 1
931 97 2
157 340 1
317 596 0

644 312 2
310 370 6
25 810 6
164 59 25
750 416 19
738 654 17
71 937 16
44 94 9
773 763 5
473 760 17
576 70 14
905 447 26
184 611 12
259 941 17
623 692 8
593 430 14
260 853 2
24 897 23
481 22 12
534 848 22
690 681 16
292 865 4
952 476 21
743 99 15
301 44 22
514 304 26
664 329 25
612 162 23
324 49 21
796 652 22
338 695 3
679 987 20
984 939 21
230 34 22
888 850 21
814 866 2
638 830 17
484 155 16
530 951 18
0 642 13
503 673 2
871 9 17
10 407 14
350 648 14
347 462 7
672 452 13
512 936 20
753 818 23
647 170 15
235 673 16
811 544 25
227 622 24
465 324 24
904 671 12
562 696 14
693 666 23
639 313 19
580 548 19
546 359 16
169 37 2
384 617 26
359 434 3
981 690 26
