634 802 1
937 502 2
299 286 1
219 783 1
85 388 1
832 483 2

349 522 1
461 633 0
640 827 1
135 133 1
400 768 0
970 705 2

704 356 3
945 927 14
169 364 2
934 196 11
185 897 10
478 711 18
749 351 22
581 839 6
817 239 26
856 210 8
396 266 16
575 211 19
537 381 8
239 667 7
425 852 6
134 682 17
475 431 21
348 364 10
354 182 24
311 786 5
850 713 16
501 490 19
233 915 21
214 49 4
555 877 12
951 577 4
834 931 13
308 411 3
345 722 16
648 572 5
162 242 7
762 95 22
29 680 15
500 894 16
592 752 22
894 586 3
82 895 14
660 240 13
24 888 13
454 402 5
657 193 7
447 694 26
287 348 3
707 940 5
353 186 19
929 620 14
330 657 21
316 463 23
896 950 13
923 960 8
278 407 4
880 46 5
283 754 22
438 107 11
180 388 6
169 9 12
398 340 21
867 8 9
91 257 10
479 180 20
60 811 4
40 691 26
368 974 7
340 412 16
279 114 16
