327 510 1
894 106 0
517 381 2
358 136 1

816 781 1
814 80 1
180 866 2
316 459 1

350 603 5
494 724 23
336 51 8
645 945 16
306 815 23
262 173 9
752 341 15
273 155 22
991 687 14
798 356 23
21 706 3
974 201 2
22 537 6
228 534 3
245 193 18
291 807 17
825 559 10
140 184 18
536 527 5
150 326 11
223 347 20
900 673 21
300 696 10
104 276 21
558 521 14
474 164 22
916 341 8
700 834 20
991 370 22
321 872 25
656 95 22
401 995 23
995 648 19
551 662 19
114 489 10
836 405 2
469 105 11
985 770 5
731 827 25
479 174 23
923 356 4
