549 889 1
769 585 0
11 960 0
434 356 2
543 474 0

599 287 1
113 157 2
434 738 1
130 721 2
439 435 1

873 984 15
838 105 25
117 469 11
221 255 17
437 798 18
362 398 6
793 863 15
330 649 5
832 780 2
288 571 12
262 444 21
125 283 3
925 752 22
334 325 2
43 124 26
274 269 14
14 600 13
493 784 20
693 72 16
680 334 13
651 811 23
727 737 2
273 71 2
425 875 14
725 544 10
289 558 10
151 403 19
413 128 5
774 779 17
770 507 4
870 132 2
295 557 2
834 934 22
498 659 16
784 949 2
669 452 5
987 948 6
78 831 5
479 126 14
106 313 23
4 811 10
93 947 9
445 617 13
201 956 13
405 37 2
201 648 26
627 557 11
640 664 24
586 668 12
544 113 10
803 911 2
514 112 8
603 958 18
341 684 20
347 312 2
831 952 16
628 890 11
588 787 2
848 942 13
373 457 2
206 335 21
76 938 4
845 457 16
909 799 26
52 498 13
105 329 17
821 309 7
206 249 21
408 98 14
169 823 23
746 30 10
840 458 25
244 303 7
971 74 10
836 896 19
943 454 19
838 862 19
27 383 17
673 129 24
6 321 10
629 565 13
61 726 5
