135 68 0
257 219 2
760 668 0
108 403 2
380 856 1

530 394 0
273 678 2
759 882 0
961 101 1
29 228 0

607 715 4
557 972 25
981 545 22
999 807 25
797 81 3
995 153 14
653 183 19
662 142 10
91 699 9
91 653 21
760 986 16
481 118 18
409 117 26
84 914 9
438 928 26
674 276 5
11 929 15
929 943 7
914 386 8
223 477 11
618 238 22
909 71 15
126 832 10
502 917 24
959 707 5
960 381 8
453 673 7
285 587 18
816 163 22
352 133 10
874 42 8
515 168 16
273 22 10
297 333 17
250 294 23
831 409 17
693 215 16
850 852 5
41 669 20
414 373 3
672 248 21
706 763 16
355 685 22
197 288 18
420 471 5
35 165 20
676 15 24
257 409 18
229 847 17
148 553 7
587 477 22
990 801 19
193 189 11
963 217 3
586 826 14
246 408 12
863 908 17
595 847 20
715 249 4
873 798 11
670 140 14
587 334 5
373 649 23
527 235 26
89 817 5
475 63 15
412 279 23
902 226 23
870 942 22
375 167 22
909 189 12
177 502 23
623 29 8
247 119 2
403 946 18
318 358 22
790 612 23
