516 828 2
695 598 1
744 384 1
710 551 1
93 483 2
716 546 0

628 933 2
564 383 2
903 550 2
797 108 2
331 977 1
711 672 2

411 768 23
307 831 24
955 276 9
625 993 7
239 973 16
259 889 26
899 942 12
156 273 14
241 984 11
276 747 7
400 406 13
232 987 9
287 578 8
628 838 22
353 361 17
980 612 9
715 768 7
164 990 17
21 390 24
357 464 11
322 696 23
631 336 26
562 316 16
52 1 17
959 69 10
7 365 14
996 96 18
380 770 17
103 402 5
53 316 21
397 455 19
862 414 13
447 905 14
394 264 5
331 239 19
10 235 17
802 616 13
994 719 17
522 124 8
366 21 14
232 418 19
452 280 11
740 79 16
878 474 8
733 157 22
327 168 7
17 322 25
830 316 22
397 190 23
216 141 14
819 685 26
617 648 7
887 327 25
570 527 15
115 925 5
488 206 14
883 774 7
695 84 2
140 256 14
664 842 5
662 459 5
169 698 8
845 442 5
842 12 9
508 479 9
11 320 17
775 203 16
32 898 3
882 390 11
925 420 14
859 435 6
39 629 21
922 276 25
238 661 26
0 665 25
851 942 20
513 671 10
225 882 22
380 922 2
899 21 16
249 752 17
