538 145 0
22 164 2
534 540 1
257 637 0
763 563 2
219 445 2
171 748 0
208 76 2

774 778 1
220 691 1
819 229 2
243 604 0
887 138 1
434 748 1
288 511 1
623 82 1

119 253 23
534 462 2
109 236 7
910 809 24
657 980 3
901 575 7
662 462 23
611 249 23
549 889 9
402 512 16
52 983 21
99 869 10
926 979 24
531 241 8
828 898 15
355 151 16
837 813 3
531 677 16
115 79 5
781 132 14
701 583 10
434 509 14
108 392 5
591 221 5
55 928 7
94 117 22
595 928 24
698 459 26
337 927 8
32 409 2
740 196 13
780 656 5
708 248 3
239 303 6
921 397 24
416 344 2
40 42 13
342 732 17
723 277 26
940 309 10
740 401 8
753 181 15
785 481 18
339 402 15
963 211 6
417 628 17
168 568 3
977 660 4
685 765 13
50 923 5
663 708 13
658 806 3
146 575 8
263 744 3
689 73 15
868 758 5
229 161 4
184 824 14
620 404 12
810 648 26
523 254 3
446 264 11
275 410 11
83 25 5
848 935 14
354 164 2
431 349 26
568 969 7
106 132 8
55 7 12
83 805 2
917 432 14
678 516 17
832 328 6
410 176 16
99 530 8
949 313 7
624 234 3
406 692 12
837 747 21
241 129 2
331 313 5
579 823 16
835 773 7
833 345 7
603 220 16
530 397 17
889 990 23
765 322 12
320 810 11
404 389 11
371 577 11
651 721 10
517 792 18
75 978 13
213 352 24
336 117 21
919 917 4
28 568 25
