732 824 2
919 503 2
47 27 2
205 807 0

419 202 1
141 270 2
360 963 2
569 953 1

929 793 9
742 634 4
449 718 5
756 637 9
773 36 11
482 593 20
81 364 22
591 506 17
203 218 8
595 787 11
365 69 6
999 811 15
751 612 8
32 369 20
464 494 9
923 328 2
893 409 17
713 353 25
155 556 20
561 503 7
273 868 26
777 219 14
916 323 4
772 355 23
618 819 19
500 94 22
519 52 11
569 559 17
837 473 21
245 746 16
369 523 13
9 439 11
261 564 18
882 182 12
349 34 8
496 361 20
52 233 24
962 154 8
779 992 6
642 958 3
839 228 6
630 462 15
240 163 24
296 11 13
691 64 23
490 378 2
496 157 21
328 258 8
905 900 19
6 655 13
355 124 6
994 716 22
18 364 8
404 55 22
375 897 25
