105 246 2
945 843 1
392 518 2
822 816 2
519 235 2
253 131 1

734 602 1
334 848 2
754 291 2
978 41 2
569 498 1
8 444 1

965 188 25
807 10 16
156 882 3
422 222 12
522 908 12
730 662 3
957 640 21
120 561 20
882 570 14
487 887 2
610 694 14
901 203 21
437 283 6
697 158 14
157 888 26
260 845 18
839 39 16
466 650 12
103 903 15
623 331 26
982 768 10
211 817 18
348 326 8
499 586 3
642 695 22
346 95 24
973 286 14
487 104 16
47 560 19
163 535 2
787 517 22
47 728 14
465 428 15
771 927 4
274 921 24
467 592 10
231 431 15
667 994 10
667 781 2
140 829 7
77 646 10
693 418 14
895 692 10
144 787 4
489 607 22
473 190 3
561 188 9
744 226 12
796 366 18
576 796 16
784 489 9
271 736 4
31 880 16
58 370 25
30 195 16
434 756 6
668 669 15
897 413 16
259 209 8
802 137 6
991 921 20
951 544 8
603 575 13
42 985 10
793 368 5
734 154 13
215 822 7
903 71 20
817 682 6
450 484 18
149 779 10
155 382 12
42 776 25
650 569 18
454 655 22
298 773 20
291 591 2
198 393 14
889 273 17
854 422 21
714 930 5
150 324 6
923 974 3
416 780 8
711 498 4
532 796 2
425 439 20
353 637 14
765 879 12
357 733 11
728 447 18
