195 457 2
683 360 0
760 925 0
593 296 1
591 194 0
113 686 1
958 758 2
896 889 1

927 1 0
590 208 2
527 755 2
40 439 1
363 551 1
447 145 0
635 88 1
383 201 1

427 512 19
866 408 11
304 688 12
248 630 23
904 509 3
195 912 21
650 711 18
49 347 6
995 82 8
979 510 22
722 728 7
43 633 2
589 537 11
243 907 10
687 454 24
331 104 11
472 505 10
54 853 17
837 184 4
132 906 7
187 964 19
283 360 2
8 301 14
595 896 23
730 584 2
778 267 8
889 92 14
699 146 19
239 983 3
994 115 12
476 302 3
343 937 13
843 946 17
233 893 13
529 623 24
632 753 17
838 994 9
902 693 7
819 285 15
273 279 7
985 107 11
661 451 24
50 646 22
92 879 15
678 761 13
553 393 17
577 134 5
957 305 17
672 930 21
502 915 3
986 929 6
408 979 3
128 71 9
741 101 20
330 6 13
320 349 22
656 278 8
686 235 13
1 259 21
1 748 17
505 508 21
8 637 19
391 730 23
886 60 4
775 732 6
895 741 9
501 427 22
764 781 6
310 728 18
772 729 18
162 587 26
532 595 15
922 577 10
175 352 20
481 599 11
713 452 13
885 568 19
965 879 25
451 813 16
252 697 14
43 374 2
849 823 8
867 304 7
165 255 3
484 572 9
