700 917 2
230 664 1
139 88 1
7 517 1

116 247 2
420 697 0
238 727 2
262 382 1

495 88 25
373 325 25
343 377 17
887 608 8
499 747 21
229 107 13
44 223 13
804 995 12
23 233 16
24 848 23
574 695 12
322 68 14
622 763 16
839 3 24
721 502 24
42 83 6
881 480 6
967 636 2
668 35 12
265 610 7
302 932 3
755 394 23
455 467 3
254 510 11
808 391 18
766 164 15
477 832 26
387 449 13
345 103 20
371 119 2
864 227 24
361 34 16
712 288 3
498 448 21
765 737 6
19 856 22
586 72 8
497 417 12
340 140 8
443 357 10
940 718 19
4 397 22
636 769 5
431 54 15
763 992 12
545 489 7
782 181 24
138 624 6
691 173 8
301 608 16
358 964 15
153 600 9
508 384 15
196 147 7
957 44 21
839 826 5
213 317 4
593 39 23
394 82 21
978 383 6
842 742 20
455 247 23
978 952 6
732 452 4
535 666 21
315 611 12
11 5 22
232 983 5
61 177 24
