833 564 2
363 89 2
844 531 1
103 164 1
357 972 2
523 120 2
114 784 1

784 428 0
396 167 0
578 661 1
416 494 2
689 857 0
277 701 2
348 804 2

705 513 10
775 36 6
316 151 17
378 287 20
97 262 26
528 31 20
876 720 2
313 349 5
634 697 12
927 882 12
856 198 15
921 576 4
766 855 15
779 952 5
453 832 11
973 709 6
350 374 6
429 8 5
664 479 12
412 758 20
837 887 22
117 5 4
658 590 15
267 564 26
949 914 26
980 695 11
708 359 15
896 124 23
882 863 3
727 980 9
779 60 21
135 71 11
676 338 2
925 287 19
901 619 14
886 680 24
701 576 25
275 542 25
