930 450 1
49 961 1
376 823 0
766 748 1
834 179 1
391 733 2
594 909 2
574 503 0
225 798 1

998 947 0
57 229 1
549 630 0
374 6 2
449 124 1
897 311 2
293 702 2
326 297 2
526 223 1

348 448 13
851 799 13
697 856 17
994 757 23
605 132 6
38 581 8
638 771 23
436 449 22
496 327 22
411 675 23
772 878 24
433 928 7
676 274 15
780 270 3
136 842 8
155 832 6
229 269 6
951 117 8
249 528 11
347 652 16
244 438 21
349 114 21
212 663 2
207 443 24
135 932 19
541 439 26
71 668 22
708 221 19
394 568 22
959 812 10
155 513 26
626 726 16
301 421 18
820 314 8
820 385 3
440 787 25
530 848 23
121 553 7
181 709 21
544 16 9
529 318 7
801 310 9
530 103 24
230 633 22
152 484 16
345 606 22
222 495 18
819 39 10
53 568 5
61 366 20
383 519 6
90 49 9
984 784 3
274 129 9
469 832 24
725 54 19
668 225 10
628 279 6
258 340 22
