197 512 0
109 60 1
755 61 0
927 919 2
107 872 2
110 754 0
651 219 1
709 520 2

545 195 2
265 706 0
957 255 0
640 364 0
790 119 1
101 399 0
527 506 1
804 968 1

397 971 8
128 680 3
771 842 6
198 799 11
487 933 24
251 35 25
287 914 6
843 718 26
738 595 4
491 638 6
440 410 23
446 608 24
333 584 24
782 187 11
630 474 2
336 669 22
10 526 15
7 616 12
684 108 26
34 346 21
281 54 19
672 740 5
996 874 18
707 857 19
332 193 14
379 556 17
265 573 15
736 206 22
303 230 12
807 578 11
850 637 18
367 969 14
906 349 22
324 243 10
6 248 10
148 2 24
542 267 24
282 3 7
77 659 13
964 466 18
374 668 6
992 35 2
156 294 3
876 618 22
512 976 20
395 476 23
169 18 17
516 300 23
422 730 7
910 694 25
976 420 20
680 765 5
58 921 26
106 662 22
325 409 25
898 579 18
286 869 3
493 779 22
518 108 18
211 140 10
292 198 8
18 335 8
363 441 22
35 118 7
184 16 11
702 107 8
873 745 5
774 239 11
370 109 19
738 321 12
871 965 12
277 983 22
186 346 16
756 734 9
647 972 10
6 846 5
234 620 21
945 342 6
765 432 4
725 655 19
235 285 2
433 471 26
72 579 10
829 668 5
955 667 2
540 673 23
519 259 21
440 205 13
471 970 23
823 47 3
492 634 13
877 673 9
