117 664 0
424 269 2
856 939 2
904 690 2
770 383 0
528 181 2
662 51 2

254 551 1
798 130 2
137 787 0
194 256 1
853 681 0
291 889 2
462 793 1

392 916 20
116 444 26
299 459 3
27 713 6
502 511 13
672 648 25
965 842 7
922 47 15
500 338 4
18 152 24
578 544 15
521 13 12
997 312 21
173 691 9
252 193 22
166 865 20
471 456 14
109 956 4
988 326 7
661 256 3
601 129 16
986 127 5
182 652 21
91 257 16
511 423 6
931 289 15
546 761 21
560 563 6
16 346 26
137 438 8
452 949 8
983 233 22
697 779 10
501 669 22
914 840 24
808 777 13
830 793 10
139 383 24
840 415 13
949 634 25
632 330 2
878 831 21
159 88 9
669 944 15
866 280 18
349 120 11
610 421 20
859 405 25
711 635 9
880 335 6
241 683 14
379 842 4
311 511 23
526 480 8
476 346 13
229 306 9
699 228 2
