564 57 1
849 443 0
365 476 1
590 84 0
196 888 1
216 390 2
695 492 1

247 126 0
912 114 0
725 272 2
271 189 0
214 38 2
102 756 1
539 346 1

410 158 12
661 405 13
123 317 5
795 394 4
190 665 20
994 232 11
241 334 17
477 455 10
372 822 7
360 835 15
473 310 7
701 105 4
554 647 21
947 993 3
731 587 15
623 904 15
862 733 23
995 962 11
592 687 10
348 47 22
861 520 8
43 222 13
972 128 13
567 427 6
349 348 7
247 696 22
556 288 9
40 988 6
710 201 3
43 597 25
130 569 5
216 488 8
647 234 19
314 844 5
236 545 4
575 445 4
631 155 7
207 551 4
358 681 26
636 249 14
342 896 25
911 562 22
615 151 17
667 747 14
884 519 19
815 78 20
143 73 2
433 767 26
956 679 13
676 646 14
294 313 11
56 80 26
871 587 16
483 472 12
250 287 16
920 477 2
521 262 20
133 247 20
48 893 10
357 949 17
684 172 4
898 655 3
984 905 15
148 826 24
126 620 15
919 342 10
743 827 9
348 585 3
563 269 25
609 3 16
974 501 6
235 244 11
495 157 23
196 720 19
422 789 14
302 485 19
792 95 25
109 655 4
912 266 12
641 853 6
902 596 15
39 91 22
760 639 19
455 61 10
317 716 21
386 860 18
459 969 23
636 846 15
747 758 9
7 751 14
863 654 10
176 693 3
998 805 18
892 260 6
