100 2 2
853 654 1
164 955 2
765 935 2
493 236 0

220 542 2
244 761 2
993 342 1
453 263 2
527 881 0

86 186 5
336 350 12
432 467 24
293 960 11
728 532 3
345 777 14
927 770 7
895 575 22
6 102 3
0 428 13
701 515 24
704 203 26
14 635 19
964 280 6
798 361 14
174 58 16
663 338 13
590 240 17
566 592 20
579 645 12
426 349 15
328 716 2
697 680 10
26 830 21
240 4 6
879 19 19
992 515 3
680 105 20
470 24 14
41 603 10
126 382 11
767 62 4
42 759 11
950 137 16
571 378 22
251 609 17
620 954 9
66 457 17
991 976 5
125 743 19
680 786 3
914 88 17
979 660 20
751 263 5
191 883 9
850 107 20
615 525 2
755 731 2
851 722 6
681 200 24
925 880 12
576 794 26
717 125 13
587 877 3
67 420 11
149 623 18
570 238 19
95 345 2
823 549 25
326 156 7
912 84 3
938 153 6
976 93 10
277 160 5
461 662 5
105 232 18
274 679 14
526 502 13
501 381 20
676 708 3
83 972 15
285 910 18
964 238 11
904 328 11
749 411 22
988 938 2
776 439 8
147 468 16
673 551 15
636 188 2
105 504 15
666 728 5
388 633 11
772 841 21
388 942 10
36 931 23
186 59 14
717 206 9
309 232 11
224 220 24
50 325 6
113 344 9
44 732 17
303 505 10
699 245 3
