392 843 0
393 171 1
541 533 2
522 450 0
636 151 0
917 975 1
98 210 1
566 460 1
622 710 0

294 964 1
748 357 0
451 102 2
359 644 2
584 518 0
455 506 1
844 775 2
373 874 0
354 792 1

166 766 9
0 61 25
116 809 9
427 260 12
909 619 8
277 555 26
447 362 8
713 932 9
572 286 4
324 273 19
731 700 6
124 38 22
7 454 4
665 519 13
550 91 26
227 335 5
22 960 12
231 636 12
248 368 14
986 537 5
857 544 12
286 561 8
648 463 25
647 42 12
803 417 22
763 648 9
700 896 4
937 605 3
479 591 15
60 800 11
95 87 25
1 735 13
36 889 23
34 4 21
670 42 19
985 331 26
275 222 18
437 669 7
160 23 19
346 374 3
927 763 18
573 149 22
219 169 4
762 191 23
705 890 18
922 518 16
45 115 10
237 813 12
516 741 25
504 238 20
733 0 13
4 783 14
958 840 7
