984 311 0
757 245 1
336 9 1
346 905 2
589 653 0
70 950 2
39 724 0
848 673 2

105 661 1
974 402 2
469 738 2
668 496 0
488 832 0
611 530 2
43 119 0
50 541 1

535 933 16
229 781 14
881 238 2
329 564 5
812 34 20
803 505 8
812 549 5
474 951 21
127 68 12
842 949 3
217 279 17
347 443 3
216 752 9
932 804 3
833 960 9
617 772 10
520 598 11
694 164 19
556 358 19
657 927 25
675 275 20
78 843 22
536 127 4
887 961 16
744 930 15
854 450 13
563 766 24
430 369 23
699 378 26
599 53 3
942 132 23
642 907 13
558 4 18
246 858 20
532 774 12
206 237 26
397 19 22
945 71 26
172 613 15
118 3 10
544 997 20
282 555 24
951 153 9
