778 962 2
485 829 2
58 327 2
255 646 0
517 484 0
229 365 1

856 202 0
610 917 0
414 624 1
830 805 2
523 936 1
331 773 2

239 832 13
22 439 11
987 308 20
813 538 13
513 394 17
651 356 10
937 953 16
353 476 4
435 160 3
994 399 12
764 760 11
484 574 24
922 439 20
563 90 4
7 767 4
346 472 8
326 907 18
79 253 17
664 133 17
392 249 3
428 85 4
3 360 18
323 275 11
0 748 16
904 453 9
578 858 21
70 874 6
336 618 7
714 47 19
666 50 4
409 373 4
259 526 9
42 782 13
1 620 19
219 550 3
338 621 4
294 309 23
851 23 20
494 41 22
848 450 20
126 694 21
