914 634 1
957 952 0
214 13 0
499 607 1
301 566 2
657 232 2
236 312 2
866 267 2

352 257 1
10 704 1
545 618 1
760 575 0
508 790 2
699 289 2
548 943 2
905 600 1

611 836 11
657 703 3
828 407 12
233 417 17
418 315 12
885 75 13
8 935 5
144 635 21
239 535 14
252 440 15
849 51 3
758 60 6
934 241 14
72 474 8
22 129 2
410 137 13
760 224 10
874 476 2
589 325 5
141 435 15
747 369 6
409 441 7
193 355 26
291 730 5
817 492 19
630 433 2
78 545 3
413 771 4
188 361 6
718 854 18
788 363 6
445 556 14
995 199 21
673 368 13
193 998 21
345 428 18
722 193 15
574 381 3
456 451 7
772 408 8
642 993 4
181 988 4
450 14 24
211 559 25
758 904 3
201 626 22
64 553 5
640 361 7
422 133 17
806 296 17
855 471 26
709 921 17
931 484 26
858 796 7
405 212 12
65 627 8
557 433 4
983 841 17
709 902 15
801 833 25
100 690 19
655 548 15
837 953 5
668 408 12
250 965 21
479 915 9
999 250 25
989 311 4
253 112 12
47 571 4
538 409 7
149 2 8
684 604 23
5 435 15
312 434 17
812 776 3
214 381 17
802 734 6
431 133 3
609 671 14
91 912 22
564 413 26
445 98 7
