899 924 1
416 186 0
790 157 2
139 281 1
688 174 0
349 334 1
450 21 1
571 379 0

781 38 2
173 120 1
918 371 0
967 788 1
182 578 0
492 70 1
79 758 2
628 460 1

6 615 23
185 706 17
6 25 5
660 559 10
269 482 16
888 110 3
194 49 13
872 66 22
930 72 12
379 65 2
947 603 10
239 961 10
319 973 19
58 419 4
249 660 14
900 206 16
561 9 6
924 740 24
74 687 4
283 927 15
868 598 15
13 928 13
208 987 10
886 588 20
25 841 3
214 655 6
821 216 17
853 492 7
950 567 22
354 202 26
719 70 24
57 83 3
546 644 17
454 882 5
374 907 21
500 474 3
56 647 22
272 508 8
896 227 6
119 637 16
622 183 10
112 989 17
740 271 25
235 245 3
575 173 7
