745 91 1
836 917 2
497 48 2
805 731 0
752 728 0
319 734 1
988 515 1

170 687 1
556 759 2
514 66 0
863 163 1
347 0 0
417 849 0
298 654 2

797 406 4
398 65 3
93 588 18
183 496 2
434 10 21
340 221 11
107 990 10
923 640 15
821 438 23
800 492 26
162 890 18
390 983 6
658 519 3
686 953 15
780 794 14
37 486 13
999 594 5
922 690 9
794 491 3
95 5 19
461 747 4
416 406 23
219 92 3
32 224 23
72 613 9
685 612 5
288 70 24
532 344 15
566 490 8
93 585 15
862 47 14
966 815 20
590 34 14
166 418 15
889 842 4
99 879 16
575 52 10
290 971 25
848 64 11
411 278 8
73 596 25
494 186 9
358 353 4
799 594 24
501 693 3
167 596 23
689 813 22
612 661 13
121 72 18
29 497 14
752 343 26
861 54 6
741 853 25
463 354 21
538 129 15
64 818 3
209 431 14
122 904 13
313 286 12
452 390 6
426 604 12
457 345 15
731 160 21
402 928 19
317 466 24
107 530 19
358 91 25
622 565 7
958 230 20
24 461 16
959 919 11
99 2 23
945 404 2
313 73 20
162 180 3
181 890 21
632 512 14
980 965 4
715 990 18
55 301 12
91 401 16
640 346 22
117 11 22
412 525 2
238 707 17
860 691 6
47 678 26
816 10 16
269 77 8
535 484 10
72 928 13
610 685 23
330 97 25
230 688 9
372 548 25
26 947 5
943 384 22
