166 863 0
56 601 0
402 32 2
959 34 2
577 940 0
629 674 0
427 774 1
807 719 1

567 980 0
284 286 1
15 452 1
913 860 1
354 262 0
865 221 1
302 150 1
222 780 2

590 207 21
475 367 15
721 286 20
340 922 8
736 937 10
994 202 20
206 556 7
729 76 8
300 651 15
545 593 25
564 421 19
372 482 4
729 218 17
558 771 3
696 304 5
703 604 8
193 149 2
891 713 23
308 367 15
715 739 24
693 468 18
960 358 8
429 268 6
807 460 4
607 157 8
188 212 12
419 405 13
244 649 26
842 309 18
582 25 9
805 70 5
598 382 13
956 811 8
85 971 18
437 930 2
445 118 14
57 890 22
818 134 21
644 329 5
837 911 5
523 666 9
986 622 21
69 708 19
260 497 24
961 295 18
225 352 8
895 523 19
214 519 23
848 831 3
924 706 20
733 692 19
354 113 2
946 373 2
469 686 22
110 912 26
993 807 24
362 374 21
61 217 5
671 417 11
349 693 17
342 427 11
662 781 24
337 728 24
34 659 2
559 4 9
606 366 10
877 779 4
505 450 22
316 800 17
833 494 19
394 156 3
68 846 6
116 60 5
554 95 16
904 654 22
945 490 20
397 347 20
619 16 20
