485 256 2
905 739 0
26 509 1
372 851 0
191 712 2

292 25 0
984 412 0
605 203 2
552 235 1
638 73 2

478 559 25
749 464 14
855 843 25
242 567 26
792 758 13
380 402 16
303 387 5
189 344 11
901 535 20
317 365 6
990 115 22
754 322 15
28 917 9
504 61 18
693 442 20
259 97 9
237 639 4
771 6 26
736 929 4
60 26 20
826 406 12
158 262 24
601 955 18
679 804 8
256 575 17
82 468 26
796 556 7
523 398 4
69 811 7
937 637 15
75 147 2
274 749 10
915 196 26
357 227 5
439 836 8
879 918 26
911 589 8
163 10 19
145 948 8
