965 320 0
683 369 0
758 602 2
136 898 2
397 138 1
488 602 0

285 969 0
188 670 2
982 965 0
946 268 2
553 233 2
356 269 2

171 27 21
755 516 20
520 913 8
254 38 6
229 227 3
24 561 20
745 412 24
641 120 18
126 47 13
596 919 3
852 625 7
63 880 22
594 461 26
796 486 12
666 8 21
453 753 9
825 395 4
818 653 21
190 131 20
79 727 15
880 580 17
787 995 24
257 737 24
639 209 12
348 386 9
178 556 13
299 746 21
468 825 26
908 58 8
973 197 3
623 930 19
734 540 7
683 235 13
640 226 24
350 575 10
160 105 16
623 404 14
217 224 15
891 132 25
849 458 22
450 433 5
625 202 7
13 842 8
610 544 10
945 704 15
484 327 22
936 140 6
809 990 16
232 440 24
585 785 18
830 762 20
310 127 14
2 34 15
92 518 17
11 928 5
