419 705 1
208 438 1
283 983 0
786 428 1
948 704 1
368 646 1
348 332 1
829 748 2

212 433 0
922 656 1
407 427 1
898 635 0
114 271 1
635 409 0
25 709 0
615 77 0

416 607 20
561 171 6
526 94 12
950 853 15
78 751 2
349 218 23
603 205 7
637 230 18
375 197 23
464 408 26
532 824 8
53 385 4
7 911 23
969 861 4
737 993 25
443 233 13
209 960 11
405 776 19
65 73 16
911 394 5
315 754 24
471 843 17
844 228 15
775 671 25
937 881 12
296 286 14
415 18 25
6 330 14
334 395 14
730 974 14
269 642 13
307 769 9
866 354 6
930 769 24
303 127 4
742 813 25
254 739 9
525 649 6
732 918 25
168 578 19
276 508 3
616 726 9
595 656 6
592 959 8
272 701 24
729 820 9
789 345 10
943 77 4
443 246 7
713 874 17
689 490 19
723 438 2
527 382 14
459 654 17
908 1 25
96 82 20
753 872 15
412 167 19
341 963 17
848 676 16
957 440 22
708 968 4
122 779 11
237 687 14
660 783 24
255 888 21
213 345 3
828 193 6
318 57 23
924 548 15
435 786 2
948 798 12
895 54 2
58 643 21
387 961 3
786 963 21
784 659 23
722 95 11
699 43 10
811 290 16
811 356 15
816 112 5
815 522 23
359 262 11
312 48 24
