233 857 2
937 332 0
746 843 0
577 969 0
605 137 0
722 716 0
769 619 2
7 408 1
74 434 2

192 645 1
489 230 2
236 168 0
955 266 0
261 844 0
798 801 0
545 523 2
496 645 1
2 652 1

339 78 11
298 270 8
457 111 13
177 348 8
124 916 21
340 714 24
693 612 25
763 108 20
804 463 24
490 452 24
371 261 12
834 438 10
818 667 16
68 143 9
514 835 24
113 529 13
356 801 13
480 407 17
682 897 22
442 806 24
77 624 18
368 44 14
850 376 5
82 321 5
911 188 9
383 46 4
117 840 10
641 918 12
871 566 19
746 416 20
901 587 7
414 446 26
623 830 24
452 299 15
736 940 10
348 124 23
4 348 15
866 595 13
126 849 2
706 303 10
792 70 8
418 45 13
91 498 14
604 234 4
387 934 4
160 938 2
500 862 23
257 728 18
518 854 19
718 913 25
453 705 20
998 567 15
660 171 26
615 910 10
694 70 24
110 698 23
428 768 11
401 221 18
796 207 19
236 557 11
175 218 9
158 879 17
907 648 15
857 752 18
755 180 13
566 581 9
83 729 18
427 966 26
339 141 21
421 840 6
766 350 10
181 257 10
519 775 2
389 985 6
605 740 12
850 742 25
318 521 16
992 860 9
588 634 24
369 400 2
677 933 9
337 804 10
639 193 20
694 150 12
281 443 19
801 293 13
699 611 10
915 956 22
624 896 6
174 266 8
74 943 18
786 966 17
466 401 5
878 452 19
163 368 2
308 344 23
440 518 14
