505 403 1
600 555 1
741 943 2
471 447 1
638 127 1
141 130 1
946 451 1
0 750 1

745 650 1
136 907 2
487 764 1
726 716 1
103 458 2
619 281 2
564 919 1
943 413 2

453 711 10
853 712 12
614 809 14
296 946 21
618 785 12
344 864 4
976 967 14
200 938 22
223 502 19
725 446 7
357 251 18
440 104 7
977 70 17
165 718 15
174 33 14
453 9 8
190 562 22
912 785 26
554 511 24
609 868 26
558 990 5
550 507 23
488 119 12
410 288 19
607 200 6
306 107 17
804 716 13
905 796 26
110 355 16
738 257 24
437 98 20
472 662 15
893 517 13
675 927 3
667 886 5
148 193 12
141 349 4
2 254 2
228 716 7
92 807 17
816 244 15
11 68 4
851 961 21
437 988 26
15 655 12
794 804 7
679 297 6
384 527 4
841 971 11
556 140 7
721 503 25
