0 566 2
962 73 0
258 275 1
336 470 1
279 429 2
587 435 1
294 745 2

477 835 0
284 814 2
637 418 0
262 771 0
707 85 0
838 344 1
79 32 1

699 663 16
161 603 3
453 897 24
646 727 11
970 0 21
641 262 19
244 511 25
534 590 10
294 642 23
460 608 24
534 606 26
443 662 14
167 984 15
13 977 4
982 559 3
36 803 14
570 632 24
418 929 12
717 463 20
743 907 9
780 426 18
170 791 20
823 125 4
149 161 9
338 300 22
118 870 7
892 239 25
469 9 6
6 726 20
149 469 4
306 601 7
799 772 23
269 595 23
298 96 11
131 786 12
653 257 9
808 149 23
784 971 9
688 329 10
56 831 6
35 137 8
440 289 5
636 558 2
309 209 25
496 340 13
631 993 20
988 154 20
937 938 18
894 978 22
786 422 18
892 863 7
122 851 17
299 161 26
924 657 18
336 640 14
4 980 18
174 917 8
315 164 11
786 94 23
230 125 11
662 599 12
5 251 25
204 175 9
685 868 5
76 394 24
109 710 13
120 848 7
519 287 15
988 870 15
24 884 16
559 889 17
665 894 6
715 579 26
