991 287 0
334 727 2
796 889 2
246 67 0
551 309 2
123 462 1
88 505 0
426 362 1

712 796 0
671 280 2
371 272 0
367 606 0
752 754 2
6 352 0
200 903 0
185 26 1

298 115 12
704 893 25
248 606 21
119 277 3
902 648 25
621 367 8
419 472 12
861 679 20
278 216 24
508 515 14
596 219 9
818 193 18
617 166 11
725 585 8
236 692 11
451 905 17
921 535 9
418 44 26
382 992 22
240 686 16
703 978 9
796 796 5
890 765 21
351 491 7
343 882 6
445 574 13
280 604 23
840 752 21
945 994 12
864 345 3
721 629 9
622 325 16
77 111 21
419 908 20
887 595 4
303 227 10
401 67 15
295 12 9
955 229 5
458 302 9
392 925 9
856 354 22
828 125 7
21 634 11
875 521 6
630 176 11
613 180 24
768 990 26
552 383 3
715 441 18
426 668 14
915 343 19
868 498 17
186 463 24
733 231 14
583 136 22
61 798 12
542 32 6
851 99 24
443 526 18
907 259 20
548 526 13
765 394 14
829 666 11
442 601 22
437 663 22
24 557 4
679 408 6
478 203 7
946 111 16
65 11 17
526 776 13
838 984 21
966 813 13
817 69 11
846 100 22
975 579 25
630 525 13
896 942 24
688 469 3
875 659 12
346 977 2
484 302 10
224 474 5
626 643 26
938 490 2
10 817 8
933 800 10
672 696 3
947 612 8
457 958 13
485 443 15
768 19 17
96 997 10
845 935 2
47 945 22
828 231 22
487 255 20
88 676 7
