907 720 1
381 686 1
18 860 2
6 106 2
33 633 2
664 393 0

313 481 2
608 28 2
335 726 2
710 444 0
659 351 2
282 732 0

876 102 12
903 108 18
779 142 3
197 158 21
96 823 3
667 783 8
308 118 10
206 180 6
97 192 9
358 351 21
868 606 7
836 385 26
437 934 9
784 382 10
260 49 18
468 709 14
403 268 19
782 365 13
865 426 13
32 784 16
383 840 9
607 277 18
342 61 26
241 494 12
398 32 22
934 249 25
297 281 9
363 934 15
683 670 5
436 971 23
162 871 24
937 465 18
774 870 17
879 620 24
702 907 23
950 556 6
335 920 18
723 955 15
304 48 19
162 484 16
785 998 14
82 935 6
225 62 4
618 941 24
716 594 15
670 281 10
263 4 15
526 308 15
419 822 26
