798 275 2
145 756 2
866 658 0
338 701 0

113 985 0
908 0 1
237 728 0
927 405 2

400 585 9
566 937 17
828 82 25
521 301 8
730 639 11
704 104 22
563 364 24
596 602 2
187 881 10
215 787 11
824 533 8
522 54 11
878 137 2
640 193 9
35 757 23
962 245 8
195 455 19
717 670 8
26 904 13
624 728 21
305 250 25
991 480 14
317 120 8
99 507 17
597 994 22
50 956 19
383 503 24
350 220 21
456 246 25
267 870 3
963 528 5
714 871 11
601 188 8
682 639 18
872 589 12
120 639 20
612 22 23
912 725 18
881 533 16
107 153 11
60 116 16
264 830 13
300 432 3
808 114 20
824 987 9
186 459 25
504 71 22
677 983 24
70 217 8
709 324 11
571 384 2
312 0 10
573 300 17
727 461 8
520 637 22
254 824 6
627 680 5
847 780 7
205 490 8
364 413 20
