402 709 0
40 227 2
915 483 2
409 31 1
272 48 1
15 500 2
873 864 2
110 951 0

315 20 0
823 400 2
503 802 2
702 194 0
794 110 1
210 871 2
885 143 0
897 510 0

41 384 5
464 494 8
243 161 4
446 336 6
831 192 10
926 894 5
248 689 17
405 899 13
594 136 8
920 779 3
873 243 24
759 636 23
788 467 17
323 393 12
701 993 26
893 399 2
956 993 15
163 824 26
232 744 5
333 969 25
632 451 13
444 562 24
592 702 18
933 26 14
168 79 7
444 973 8
619 929 26
282 444 25
683 676 21
286 345 19
148 734 11
865 667 12
486 631 17
693 602 23
892 236 18
268 272 21
739 135 10
180 774 5
232 174 6
741 391 25
629 70 14
244 556 20
184 601 24
405 494 10
423 114 7
118 853 20
526 34 21
631 459 21
526 43 20
507 413 10
694 9 19
636 951 14
645 726 5
277 844 9
45 722 20
939 706 4
859 584 22
399 646 8
566 862 4
687 499 5
678 773 5
612 171 2
580 462 8
829 978 12
787 471 15
159 222 11
541 141 24
820 828 25
50 129 21
6 159 19
159 771 15
35 351 5
968 710 3
486 891 6
362 190 2
47 903 23
320 953 2
984 119 8
577 827 24
779 665 18
