43 329 0
655 357 2
388 153 1
383 617 0
446 678 0
458 737 1
18 723 0
850 493 1
722 26 2

355 51 0
366 95 2
539 102 2
416 491 1
616 874 2
312 672 1
537 131 1
210 501 2
513 351 0

170 73 3
548 780 4
300 147 26
29 38 4
819 806 22
763 422 23
676 86 21
267 623 4
948 186 5
602 221 8
878 770 13
557 422 12
332 804 25
561 623 6
281 386 5
550 682 17
4 982 3
959 335 5
265 937 26
996 167 23
870 408 25
271 969 23
477 602 12
106 182 24
173 84 8
863 89 16
92 48 3
169 310 9
793 170 10
985 664 15
318 599 2
840 432 26
818 804 15
733 325 2
167 118 25
893 942 9
781 401 2
624 71 4
1 664 3
111 566 20
612 577 8
877 662 9
453 830 4
394 753 4
901 886 7
282 975 13
402 989 24
955 953 26
311 831 13
498 539 3
608 285 6
12 538 18
818 791 6
47 997 20
456 33 14
378 340 17
229 4 25
390 701 13
86 199 2
