411 114 1
411 422 1
77 87 1
739 989 0
176 870 2
951 799 1

815 926 1
667 303 0
838 430 0
104 134 1
709 897 0
19 308 2

278 385 18
514 652 5
180 955 4
323 770 7
949 437 12
847 275 20
622 732 6
421 813 11
475 91 23
803 325 26
661 180 3
91 482 15
529 329 17
397 951 24
751 92 18
2 865 6
913 340 24
561 661 9
685 465 9
109 973 17
840 986 24
341 78 8
631 607 12
196 356 16
846 107 10
937 109 25
193 374 17
540 935 4
697 620 21
532 81 21
872 273 8
96 966 13
803 597 22
190 145 3
881 991 10
664 473 22
178 947 14
322 171 12
805 267 3
886 613 22
762 494 14
97 511 19
893 175 20
63 180 12
520 539 2
949 69 24
811 744 22
298 549 15
801 154 2
997 269 24
536 366 12
355 612 12
648 675 20
