658 714 2
494 740 2
135 546 1
704 279 1
153 622 1
606 528 1
409 407 0

596 809 2
571 671 2
318 644 0
714 654 0
440 148 2
148 636 1
675 340 0

928 803 23
324 565 7
629 161 17
332 84 13
534 556 11
701 56 24
766 731 14
110 724 12
428 4 15
880 662 18
295 994 4
733 797 6
815 256 24
551 142 7
787 195 13
660 961 20
224 71 21
986 851 25
200 478 6
326 5 14
53 90 11
535 257 20
132 808 12
638 947 8
844 184 18
213 170 21
939 722 24
345 405 9
414 731 14
336 319 13
804 804 23
766 442 21
924 993 5
44 838 14
235 403 10
981 342 7
854 40 14
376 282 5
405 618 26
692 774 5
138 893 24
532 817 18
886 861 6
775 448 9
