951 141 2
246 907 1
752 272 1
314 651 0
844 640 2
74 992 1
500 950 1
928 414 2

878 668 2
838 308 1
576 259 0
330 857 1
173 609 1
885 276 1
589 120 2
905 547 1

254 47 18
364 327 9
286 558 2
173 396 12
377 972 23
425 654 8
961 64 20
63 559 15
279 165 14
797 529 16
81 167 24
34 341 20
294 70 19
166 495 23
247 229 3
289 190 17
751 798 8
441 429 23
594 660 22
217 46 15
587 340 10
930 858 8
102 99 4
695 59 14
747 603 19
719 133 23
924 727 10
296 296 6
10 884 23
145 814 7
128 92 16
340 547 17
232 183 15
238 650 5
842 222 6
548 584 15
851 210 24
918 903 21
