153 338 2
956 828 2
648 722 2
35 112 2

436 692 0
914 591 1
960 958 2
504 637 2

214 419 9
494 298 15
134 451 5
880 407 10
796 407 7
778 442 19
778 230 13
398 496 4
441 456 14
890 312 26
995 724 20
208 858 23
111 90 7
194 238 16
351 16 8
620 794 15
581 545 11
485 986 17
347 877 6
198 189 11
468 184 10
389 744 18
760 207 10
891 753 23
780 104 14
377 657 6
139 494 17
356 193 21
886 391 13
645 212 24
129 601 21
822 361 3
979 737 13
369 553 15
553 282 24
282 421 19
349 778 12
506 142 19
625 317 5
304 275 12
736 606 26
624 327 4
237 880 11
860 514 8
329 216 13
639 862 2
826 182 2
407 838 4
218 550 15
45 788 20
506 0 12
50 320 17
727 366 15
66 325 21
899 504 5
401 263 18
178 207 19
913 425 22
328 822 10
272 328 12
460 120 15
700 848 6
484 165 15
865 918 3
83 448 12
876 713 14
571 42 11
593 100 11
461 560 7
649 612 5
556 602 21
140 438 11
580 303 6
283 387 4
193 615 17
880 538 9
389 296 25
578 889 2
570 351 26
798 907 3
292 399 19
303 979 22
584 262 11
961 455 26
51 687 14
536 76 10
686 7 26
937 197 26
