179 490 1
10 175 2
507 658 2
368 37 0

251 211 0
866 671 2
157 535 2
47 170 0

449 988 2
602 749 22
506 928 12
883 291 12
402 798 23
403 519 12
80 770 23
762 988 19
520 145 6
801 346 16
528 301 16
724 159 21
622 796 13
493 199 7
753 631 4
576 394 17
70 266 15
451 365 12
2 518 10
542 47 13
183 771 22
752 532 14
965 154 10
976 999 10
858 104 16
502 102 3
992 553 20
379 908 14
113 450 11
499 985 9
45 89 18
632 54 23
368 382 24
951 592 4
517 454 11
830 309 14
56 653 19
0 33 2
814 146 4
675 997 14
659 42 6
175 27 10
198 395 20
221 698 12
700 215 19
211 397 5
825 454 8
993 806 16
68 972 14
946 647 12
160 658 4
