689 503 2
797 220 1
777 318 2
359 360 0
643 138 0
939 811 0
418 491 2
327 159 2
433 450 1

31 408 2
963 449 0
339 599 0
60 728 1
812 87 2
141 83 0
580 22 0
305 440 2
589 119 1

396 905 5
413 936 15
228 899 14
546 590 13
436 2 17
645 814 4
566 956 14
977 888 11
199 193 4
843 883 5
223 296 16
11 877 18
437 860 13
2 857 2
6 775 10
555 303 19
809 921 6
183 764 14
846 598 13
254 35 25
243 396 9
128 842 11
902 749 14
221 559 10
364 907 15
349 287 17
212 485 16
12 660 20
397 51 24
663 400 11
278 612 24
844 462 16
