385 232 1
691 987 2
274 960 0
947 117 1
44 136 2
563 120 1

444 270 1
649 925 2
426 426 2
565 740 1
64 125 0
959 817 2

652 443 9
109 743 3
493 787 14
496 350 11
157 146 7
330 796 9
471 574 12
988 491 3
288 555 3
525 866 22
397 870 16
882 825 23
319 673 25
581 831 22
113 513 20
570 336 19
158 324 10
134 965 17
587 490 11
858 239 6
924 468 13
733 702 14
681 21 14
979 954 22
776 67 10
369 990 22
888 148 21
898 634 11
816 221 3
600 431 17
254 355 12
757 121 13
615 229 12
148 951 4
370 839 4
76 906 9
430 506 16
670 112 23
83 705 14
845 462 10
333 409 13
776 24 18
638 524 21
490 895 10
842 812 2
828 240 8
387 670 16
