85 507 1
331 454 1
692 628 1
348 412 0
733 442 1

34 170 2
950 157 2
191 643 1
695 329 0
953 720 2

602 157 17
786 488 23
784 533 26
511 881 13
831 966 5
222 1 3
363 951 10
194 494 5
823 541 9
610 449 16
0 235 6
196 371 14
372 883 21
960 66 14
991 288 15
902 198 13
255 21 5
289 101 2
395 63 26
659 416 14
764 964 10
401 337 18
272 297 9
110 288 25
300 832 2
442 734 2
431 989 23
961 278 26
986 26 16
812 685 7
874 801 22
308 203 11
976 827 10
711 937 26
761 32 18
338 815 9
635 114 16
101 279 3
632 153 5
479 813 8
663 142 12
848 853 25
322 939 17
629 52 24
22 390 17
756 326 20
769 313 10
160 414 14
237 398 19
