879 753 1
263 968 1
930 858 1
483 719 1

590 249 1
788 931 1
616 307 2
490 923 2

239 82 15
664 575 21
279 454 26
504 69 21
616 0 4
815 483 26
643 73 2
401 861 10
202 830 17
108 672 18
406 911 25
196 575 2
392 854 8
341 359 3
962 975 3
90 143 13
641 786 13
441 539 2
524 93 7
266 202 6
932 960 18
680 156 18
707 548 25
189 241 11
740 203 13
643 645 6
381 286 17
192 79 7
217 603 25
424 870 4
304 802 14
447 835 20
813 542 20
738 83 13
22 175 19
634 818 16
388 199 3
361 961 13
614 394 12
653 841 22
497 654 17
592 393 25
173 401 21
62 790 23
590 71 17
198 432 5
409 670 20
842 636 14
77 290 5
500 139 12
817 731 7
217 12 24
441 185 26
188 600 16
134 190 14
176 388 21
531 797 18
625 991 7
112 421 22
128 90 21
208 307 11
55 101 21
304 289 23
