947 926 2
921 888 0
329 17 2
743 922 0
604 78 1
22 853 0
5 824 0

504 564 1
216 453 2
581 13 0
32 960 1
140 234 2
89 563 1
390 307 0

293 285 12
422 642 11
503 146 3
875 362 6
73 295 22
819 328 9
138 820 18
979 299 16
830 709 4
112 3 14
247 777 7
559 280 5
435 508 20
764 581 15
459 400 20
467 891 16
708 293 2
865 272 4
329 454 13
69 166 21
76 725 26
229 160 11
449 277 20
965 736 22
808 555 13
824 616 6
750 481 5
327 163 10
965 219 4
607 640 22
26 68 23
77 650 10
130 64 3
375 873 8
864 49 24
645 151 8
51 478 21
559 796 17
338 403 8
283 781 26
306 858 26
842 847 3
654 329 17
694 969 24
115 880 20
756 218 25
738 512 16
90 354 16
541 361 20
149 632 2
939 421 21
232 115 17
356 231 23
276 987 18
599 376 24
703 466 12
370 556 16
884 97 4
727 506 21
980 655 5
505 946 26
301 530 17
65 163 14
281 115 15
704 170 8
991 540 15
280 424 14
635 504 20
809 693 25
134 995 6
574 414 20
949 831 10
311 464 25
401 520 21
957 511 11
422 144 13
985 779 17
405 685 3
481 494 21
854 628 18
253 503 13
912 814 3
685 215 23
981 525 12
818 947 6
196 690 20
797 523 14
443 729 20
85 840 24
492 445 3
731 357 17
434 395 10
657 376 10
392 546 7
271 625 17
281 821 9
624 970 7
814 766 11
632 203 3
