597 217 0
718 488 2
343 691 1
335 297 2
713 113 2
740 481 1

950 629 2
73 2 0
84 813 1
94 878 1
270 475 1
952 545 1

99 241 21
459 928 20
859 641 9
970 733 17
753 36 24
930 109 26
345 193 16
800 287 19
845 910 21
211 313 11
5 125 15
801 336 8
710 306 17
100 59 3
472 341 14
198 686 8
737 838 22
506 684 7
244 356 12
330 361 12
392 325 17
170 149 8
57 348 20
138 437 10
859 944 19
841 46 14
38 642 20
548 325 8
535 318 23
858 320 22
839 64 24
879 234 24
260 292 24
680 430 11
881 835 4
320 225 23
591 870 16
838 709 8
411 588 17
485 200 9
907 233 17
766 172 10
922 405 22
476 726 22
24 841 22
898 113 9
442 704 4
658 895 15
939 306 5
807 791 6
614 50 16
556 816 13
492 90 20
262 918 23
610 295 15
82 193 3
215 987 10
569 645 5
633 937 13
636 744 6
192 710 6
294 111 17
161 335 5
151 418 25
255 985 14
415 554 12
118 187 24
831 176 20
687 368 7
241 702 26
315 996 14
480 713 15
916 875 2
646 26 20
184 48 12
444 518 24
