212 155 2
623 970 0
81 973 0
562 576 1
11 498 2
144 878 1
826 376 1

925 965 2
103 551 2
118 613 2
594 177 0
822 801 0
575 234 2
247 796 2

45 160 21
324 304 25
194 482 26
56 759 18
410 214 19
218 332 7
104 101 13
799 676 24
466 275 22
62 320 7
831 895 5
497 306 20
715 524 4
257 417 9
770 216 12
869 682 12
765 745 8
820 254 2
532 384 18
78 215 16
383 712 24
903 779 25
756 29 11
887 638 3
120 409 19
732 278 3
268 395 25
124 216 4
976 100 15
20 178 7
959 913 22
556 817 26
29 573 7
815 460 21
85 665 10
539 933 6
89 409 24
894 737 26
82 757 4
838 68 17
10 624 9
609 6 9
942 821 20
561 840 4
951 816 4
5 906 15
979 800 5
53 234 14
657 424 8
175 434 9
509 396 17
417 338 14
459 791 25
413 149 6
129 128 6
496 191 15
479 366 26
404 645 10
543 782 9
522 923 26
852 148 19
831 277 24
962 211 8
327 59 2
342 978 23
962 382 18
273 926 25
130 448 24
725 79 6
67 262 10
889 576 23
598 904 8
468 715 25
315 30 7
806 303 8
432 785 9
