593 250 2
686 175 0
772 670 2
207 359 0
419 177 0
295 226 0
569 131 0
889 238 1
520 899 1

206 837 1
605 783 1
841 821 1
186 594 2
331 153 0
513 572 2
998 219 2
150 788 0
323 29 2

958 549 5
151 107 19
939 712 4
682 553 3
539 774 2
839 288 26
668 638 20
723 788 10
613 463 14
742 421 14
122 572 23
692 864 11
44 898 16
922 497 10
42 37 9
19 228 24
688 971 2
596 584 16
534 679 14
373 801 14
319 845 3
247 164 25
37 578 15
812 147 13
425 432 21
441 318 2
878 43 5
240 714 26
818 45 18
942 292 7
916 547 16
278 936 20
869 100 19
707 973 4
517 750 13
688 69 26
618 662 18
42 480 13
60 775 7
243 43 6
984 673 19
952 894 20
771 602 20
74 119 20
512 734 11
269 774 7
420 392 21
286 787 4
549 199 4
104 442 24
910 427 22
653 731 17
496 503 21
16 929 17
934 441 26
395 62 2
277 835 19
822 473 8
551 23 8
55 479 2
602 390 4
641 891 16
710 907 22
876 588 3
421 391 13
352 942 11
835 997 18
761 951 8
465 126 3
901 767 21
192 478 5
412 80 25
426 309 15
765 358 24
501 63 18
204 11 19
537 829 20
265 730 13
884 923 18
114 687 23
889 113 9
252 615 22
832 732 7
156 234 22
775 199 23
391 403 11
958 940 15
4 205 23
465 441 23
756 907 10
479 796 24
864 48 16
186 232 24
866 741 10
314 868 9
660 259 14
721 569 4
260 573 11
233 38 4
