904 198 0
125 715 2
538 704 2
392 187 0

746 310 0
494 730 2
761 398 0
837 463 2

379 115 11
968 493 8
928 749 6
748 874 22
280 413 3
849 157 15
929 903 3
933 749 8
504 511 8
921 700 21
404 432 13
188 400 8
946 681 8
550 781 9
222 413 24
950 263 6
514 192 10
92 477 11
48 333 22
276 658 7
264 198 9
746 496 15
329 46 21
786 621 10
9 571 25
388 437 17
23 529 19
408 929 4
655 36 8
955 664 18
687 928 18
820 26 14
985 355 12
580 142 8
940 503 7
563 243 21
374 27 7
351 34 20
582 990 11
175 677 17
966 849 18
605 835 26
290 767 18
949 59 23
531 974 16
451 78 12
634 429 24
852 363 14
439 890 18
495 813 3
487 404 6
733 935 5
575 838 11
683 289 14
171 275 20
693 480 10
557 919 25
98 873 10
489 368 23
67 465 3
