506 907 1
91 901 1
35 107 2
38 656 2
262 349 0
967 522 1
156 483 1
508 549 2
660 753 0

36 463 2
674 969 0
943 412 1
326 448 1
137 838 0
476 100 0
949 68 2
207 224 1
938 84 2

202 96 7
286 159 17
991 454 6
597 780 4
662 269 19
384 746 20
807 695 15
752 902 16
157 394 21
888 235 6
433 521 15
300 512 21
580 461 2
659 123 21
577 860 19
737 772 18
751 952 11
201 110 7
395 350 17
427 135 15
617 436 2
687 27 14
733 956 26
526 255 20
365 992 19
745 296 9
425 44 11
693 471 21
134 350 4
285 1 23
106 366 15
698 825 11
243 922 9
602 348 3
311 41 24
492 8 15
845 256 5
