679 288 2
784 619 0
376 143 0
639 263 1
877 779 2

556 41 0
513 130 1
960 328 2
466 132 2
847 851 0

935 530 19
119 314 13
164 690 8
129 329 24
684 558 3
626 114 21
350 940 7
836 407 14
3 254 15
431 541 21
500 660 10
20 954 9
467 990 20
693 968 9
313 748 14
415 450 7
845 286 14
407 641 20
821 424 12
117 925 24
727 113 26
363 952 24
256 646 18
955 78 18
235 923 6
274 682 24
567 855 25
754 972 2
954 700 16
330 80 26
660 795 4
332 403 2
325 19 13
66 326 16
609 561 16
612 754 6
563 861 3
779 497 11
254 157 6
33 841 10
546 233 7
712 195 20
801 985 7
924 950 13
903 513 24
207 951 18
210 731 15
294 337 24
526 370 16
161 180 8
167 726 18
499 438 15
392 591 26
10 123 16
410 330 19
976 540 2
964 713 11
378 226 16
311 393 17
543 636 23
242 812 18
243 822 16
109 584 21
279 913 13
179 305 25
769 269 15
728 0 16
220 311 11
85 141 5
93 37 18
157 875 5
98 336 14
17 615 2
181 795 9
179 564 6
595 644 6
236 864 19
271 302 11
549 395 23
816 438 4
246 596 6
499 694 18
337 64 8
439 245 5
876 371 16
257 960 7
949 231 9
