388 429 1
684 670 0
342 1 0
17 486 0
942 998 0
906 79 0
901 55 2
410 273 0

164 820 1
286 432 2
379 820 0
186 857 0
574 551 0
473 568 2
582 862 2
645 769 1

756 784 17
993 949 14
288 235 22
605 614 19
351 153 3
768 727 4
186 552 23
795 135 12
50 132 8
736 844 6
478 952 15
845 945 14
384 585 26
356 542 18
150 662 25
703 201 2
176 996 14
863 398 23
320 486 17
799 316 20
414 161 17
979 898 5
778 254 22
896 403 16
165 961 7
105 352 5
979 672 16
14 590 21
982 921 21
535 51 26
630 948 6
972 115 12
328 281 25
533 701 14
438 806 19
93 785 16
882 482 17
312 830 5
181 365 6
657 348 4
537 672 22
