372 13 2
596 932 2
285 998 0
244 732 2
750 519 0
43 166 0
578 814 2
671 469 2
233 474 0

630 355 0
580 79 1
661 676 2
782 961 1
801 557 0
959 659 2
735 54 2
381 633 1
925 656 1

876 890 10
609 453 20
783 466 23
537 249 9
993 50 18
829 361 2
706 830 15
394 755 23
902 984 13
576 747 16
346 530 7
867 241 24
194 426 23
239 231 12
911 133 21
472 723 7
258 651 4
497 997 9
203 141 3
861 44 15
570 263 6
993 457 10
269 273 26
429 536 11
926 361 9
856 619 10
885 117 9
92 672 2
70 885 21
460 456 11
91 801 19
149 369 3
692 990 26
818 419 13
78 697 26
60 553 20
46 790 14
28 234 11
856 304 22
727 764 5
862 208 8
454 357 2
80 50 17
331 868 13
119 298 11
37 757 7
274 137 16
536 993 21
286 935 20
42 389 3
