854 351 1
643 105 1
984 511 2
725 123 1
737 578 0
430 174 1

357 552 0
701 891 0
815 98 1
234 289 1
376 143 2
214 787 2

230 123 4
874 201 4
642 938 8
851 720 7
437 429 11
868 131 2
131 533 16
590 261 12
400 475 26
316 58 24
95 284 2
997 926 15
837 567 17
397 435 25
199 26 23
100 158 8
641 748 20
502 817 5
802 912 14
302 261 18
93 444 23
603 281 15
543 30 3
966 582 4
40 34 12
646 675 13
866 706 14
914 208 6
667 362 20
57 665 6
373 758 2
985 575 23
813 615 7
150 614 10
823 746 24
579 766 12
529 196 14
254 367 25
613 551 9
3 537 10
974 350 2
104 912 24
