689 535 0
419 42 2
303 414 1
459 522 0
73 190 0
267 869 1
504 484 1

871 363 1
487 568 2
796 362 2
137 403 0
299 174 2
418 478 2
89 937 0

209 362 5
4 982 24
288 486 8
968 357 23
534 196 16
421 780 9
746 198 14
484 639 3
97 848 16
900 853 23
924 493 9
303 347 14
601 934 16
510 356 22
594 454 22
156 938 14
8 388 12
574 288 17
770 213 12
804 997 24
547 653 21
134 748 17
417 701 3
181 211 11
726 806 15
174 962 4
261 322 17
548 896 7
41 18 22
26 822 20
473 721 23
620 855 23
562 272 24
23 532 16
61 706 6
390 319 3
107 868 2
465 909 20
603 761 16
176 733 24
497 295 21
519 85 2
105 108 12
144 522 20
850 264 15
804 837 17
747 224 4
865 180 15
57 356 23
104 854 20
775 725 6
263 327 13
683 177 3
71 56 2
679 212 14
196 960 15
649 177 20
862 586 2
161 690 6
754 466 8
785 719 14
925 334 16
586 17 20
514 120 16
1 317 3
417 318 8
260 693 10
66 800 3
598 585 24
312 510 8
353 449 25
571 313 16
198 828 14
390 829 8
541 598 26
574 259 8
842 519 2
152 938 4
928 888 14
775 200 2
956 553 26
498 675 17
962 417 24
743 310 22
842 885 6
473 727 3
150 879 18
627 159 6
967 242 11
