633 942 0
526 407 1
704 458 2
376 941 0
509 940 2
785 538 1
328 101 0

719 612 2
459 975 1
362 574 2
511 560 0
866 438 0
80 142 2
743 518 1

399 379 7
308 845 23
826 916 12
209 375 13
442 737 14
952 249 26
108 467 15
341 291 3
656 42 9
911 762 26
56 422 21
655 248 12
865 809 14
51 252 3
540 665 22
3 984 21
961 677 14
789 685 9
996 596 23
720 5 20
289 660 20
126 525 4
992 445 15
894 337 5
616 341 16
238 654 21
150 443 6
230 160 8
425 801 18
868 280 20
329 314 21
742 209 9
172 177 2
587 415 6
31 918 24
160 727 15
238 958 2
321 735 6
64 956 11
333 429 8
530 110 23
877 853 9
209 25 11
234 964 4
913 995 22
387 508 24
300 746 9
78 68 20
657 132 26
868 817 7
49 700 17
897 577 22
954 786 25
543 637 12
815 24 20
814 676 18
772 754 13
817 763 23
818 631 15
248 681 15
140 930 19
886 885 7
9 778 4
96 673 16
826 302 21
329 243 16
275 61 24
391 661 5
854 802 11
599 40 23
129 49 3
32 497 26
923 381 16
191 559 18
537 109 15
703 736 4
501 479 15
331 686 19
92 285 9
90 414 10
866 798 8
315 722 16
956 265 25
548 752 5
918 641 16
531 345 2
558 198 7
599 881 18
676 64 19
959 283 18
740 950 17
533 725 2
847 608 24
249 519 24
699 911 7
172 547 6
238 639 7
