597 893 2
56 657 0
578 942 1
969 178 0
577 96 1
77 111 0

461 889 2
176 593 0
505 397 0
710 274 2
51 223 1
833 279 2

114 209 11
244 179 14
589 756 11
835 647 14
404 175 7
861 681 6
273 391 7
337 794 5
294 628 11
909 94 20
818 338 24
257 279 8
441 615 21
89 450 18
987 341 20
844 678 15
931 233 14
851 403 4
951 661 10
159 102 25
553 543 25
946 521 7
515 629 25
765 968 18
759 812 23
547 736 23
667 19 6
881 871 10
785 822 23
968 981 2
766 534 21
366 832 17
174 348 24
266 872 5
512 771 18
83 790 13
240 671 9
448 456 8
669 424 14
344 542 25
