264 694 2
714 326 2
390 447 2
350 93 2
731 946 2
83 500 2
125 498 1

816 966 0
113 961 2
83 53 2
280 317 2
48 32 1
786 774 1
437 124 1

989 855 13
832 290 15
847 767 13
217 583 6
762 484 23
938 764 16
160 812 25
408 388 25
848 729 7
587 913 22
914 977 24
968 432 24
688 194 8
201 996 14
676 57 15
573 465 3
878 604 22
737 696 14
661 16 21
985 705 16
366 368 24
219 267 15
799 597 4
982 334 2
494 347 20
791 332 2
282 126 19
257 493 14
581 596 10
962 740 4
376 688 20
196 487 17
150 821 3
152 667 2
170 458 12
246 92 13
840 350 8
803 283 5
513 246 22
935 682 8
327 184 6
406 336 26
831 859 11
941 457 4
