65 474 1
363 886 0
373 661 2
984 22 2
6 943 0
421 320 0
496 313 0
132 323 0
921 163 2

611 611 1
664 28 2
76 391 1
199 116 0
936 101 2
993 107 2
696 880 0
174 376 1
296 861 1

328 134 5
880 746 18
48 762 21
338 191 13
759 327 7
970 672 14
476 720 22
793 542 11
608 222 21
849 841 22
562 411 15
391 170 19
322 140 18
711 968 13
981 974 9
980 767 26
191 728 24
537 18 4
981 898 7
836 99 25
233 661 11
373 404 6
840 726 23
331 438 18
894 771 17
351 103 11
703 647 16
277 536 10
306 518 10
486 706 9
211 939 22
995 665 26
747 189 20
865 435 16
957 787 22
816 842 19
108 119 5
66 777 23
626 263 6
957 821 13
836 573 11
429 438 22
318 563 3
785 671 24
140 89 26
14 715 16
593 0 17
0 343 14
746 179 12
680 961 2
50 107 22
911 777 12
262 562 9
