218 94 0
109 449 2
666 692 0
505 420 1
862 83 1

2 302 0
860 247 0
49 482 0
94 302 1
386 103 0

338 673 23
593 782 22
583 448 14
234 305 11
195 520 20
440 522 24
906 878 8
257 616 11
982 306 10
153 252 19
125 187 20
789 421 25
873 969 20
41 761 20
864 609 5
285 636 14
189 542 17
747 800 11
56 134 19
391 639 23
861 764 11
779 553 7
2 426 3
98 820 15
206 510 5
573 257 7
909 666 16
904 409 7
150 270 21
584 49 24
792 404 2
968 502 22
258 570 8
158 991 7
693 549 17
705 384 20
421 288 6
776 438 2
895 23 3
919 815 7
722 135 11
344 746 8
651 256 24
983 949 23
825 425 23
925 130 9
395 552 22
275 328 12
777 576 12
328 495 4
636 569 15
445 914 13
