949 160 1
841 856 2
337 558 0
626 213 0
34 768 1
822 777 2
997 347 0

643 941 2
949 381 1
252 632 2
95 933 2
161 127 1
996 816 1
848 442 0

385 828 6
482 647 9
280 290 25
430 291 26
897 800 19
645 0 13
606 385 16
687 586 16
454 52 7
952 764 26
184 726 21
400 508 14
549 568 19
178 818 21
622 815 22
509 422 7
575 461 20
303 813 22
309 118 11
610 654 14
754 406 23
542 307 16
486 485 11
230 460 2
327 321 26
230 836 21
71 492 12
316 153 5
677 763 11
765 517 17
361 411 24
877 249 12
564 832 24
714 159 20
990 969 16
472 975 22
382 291 25
762 320 15
588 798 21
687 28 22
624 592 4
21 658 16
739 648 12
