190 39 0
293 849 2
877 633 1
841 747 0
210 32 2
565 700 1
487 235 2
646 895 0
69 810 1

787 114 2
627 656 1
150 949 2
26 179 0
997 20 0
779 231 0
863 148 0
913 987 2
450 985 1

718 55 8
135 842 25
592 821 6
88 971 8
786 350 12
116 347 9
194 478 15
8 342 16
170 255 3
920 706 14
916 776 19
723 911 13
996 856 9
277 296 7
508 82 7
270 551 5
53 745 8
418 754 2
932 276 8
434 548 16
273 465 17
903 536 13
692 26 19
275 296 20
205 701 18
613 120 24
364 404 25
370 190 24
786 463 16
978 630 6
433 533 17
745 345 9
705 390 10
747 17 9
693 222 10
384 187 7
181 551 12
606 273 2
580 59 16
19 37 23
