409 848 1
258 687 1
216 905 1
762 776 0

497 935 1
940 794 2
211 537 1
722 752 0

343 688 2
470 621 20
625 30 20
425 208 15
720 971 18
455 468 4
263 971 12
491 693 16
212 36 4
489 858 26
682 835 8
76 66 26
508 843 9
665 371 26
419 530 11
967 145 8
52 988 3
242 200 17
471 690 25
322 724 13
204 152 6
78 661 24
512 211 15
566 876 12
440 295 19
74 614 14
32 19 2
684 261 4
76 84 21
326 407 23
412 963 25
916 393 13
616 905 25
879 471 26
866 263 24
735 690 13
397 722 7
399 758 20
954 186 5
550 513 12
871 925 2
697 842 20
183 810 25
881 689 24
808 908 14
30 643 4
218 393 4
74 144 14
894 98 26
447 1 14
759 872 14
34 569 8
628 986 10
25 794 18
37 176 11
