127 768 1
54 946 2
149 641 0
570 35 0
474 827 1
996 630 2

162 984 0
130 631 1
982 407 0
177 26 2
966 153 0
490 560 0

618 709 7
992 279 17
543 105 21
633 101 26
428 615 13
511 745 21
327 79 4
363 609 5
234 575 11
449 27 13
416 922 18
210 907 21
987 336 12
100 847 9
844 526 16
996 889 25
175 476 2
112 372 8
48 140 5
441 351 12
287 690 23
397 790 22
596 631 13
844 158 14
371 721 21
590 640 17
948 40 7
876 833 10
711 120 2
235 870 17
605 827 4
502 423 12
641 619 20
255 990 16
924 305 19
517 247 11
834 195 26
291 71 9
452 134 6
302 369 26
943 327 3
570 829 26
300 78 14
141 354 19
871 57 13
920 349 11
508 103 19
733 398 21
136 320 3
611 852 25
408 504 3
640 859 6
684 730 14
232 156 18
28 17 23
545 102 22
390 238 19
416 201 24
616 610 5
543 158 3
176 150 14
32 834 20
946 757 24
977 17 25
849 914 4
471 656 17
413 72 19
912 41 6
916 584 14
269 112 16
481 496 26
776 443 8
426 4 22
232 982 16
407 831 5
684 302 14
620 332 2
299 248 13
828 702 24
2 831 19
933 257 23
205 841 5
846 248 13
401 284 17
613 187 10
250 808 19
927 107 19
541 596 13
