822 657 2
256 980 0
173 935 2
80 23 2
75 518 0
403 707 2
0 987 2
201 20 1
954 670 1

107 124 1
950 299 2
641 907 2
343 80 1
921 160 0
366 235 1
186 990 1
14 991 1
173 544 1

518 850 7
282 259 5
911 252 14
521 595 20
985 235 20
423 774 10
920 788 3
757 961 22
615 479 24
847 492 6
851 774 17
507 38 20
315 736 23
477 766 24
624 580 22
755 432 24
146 291 12
141 712 23
731 777 24
191 349 13
238 664 24
20 893 25
695 319 14
664 572 14
99 445 5
749 988 4
59 637 10
539 951 2
747 998 21
184 290 23
757 307 20
621 85 9
198 185 6
551 286 19
606 646 22
324 705 9
459 473 16
840 12 17
915 760 15
310 296 7
483 406 16
876 27 2
239 129 25
