578 670 2
244 153 1
450 111 2
518 159 1
633 457 0
10 792 1

866 625 0
961 131 0
612 278 1
261 262 1
908 840 1
175 437 1

407 322 12
839 284 20
399 248 26
791 769 5
646 944 19
7 530 9
831 849 18
814 97 13
753 371 5
799 770 3
123 377 12
61 520 8
759 526 9
918 709 8
834 875 7
197 833 4
17 377 9
937 281 25
963 756 4
850 817 25
858 361 19
810 120 20
292 38 6
975 224 6
107 774 14
660 791 16
392 302 24
847 239 7
720 554 14
675 756 8
798 614 19
440 776 16
960 420 4
645 854 5
582 514 23
828 178 22
15 853 3
724 3 19
793 795 20
210 648 12
14 293 16
944 227 8
688 226 26
302 55 4
822 422 9
450 498 14
44 292 9
414 275 16
741 852 9
133 796 13
391 814 17
907 502 18
881 157 23
33 331 23
742 134 21
454 530 13
961 945 13
927 501 26
541 595 5
800 728 3
954 26 20
495 908 4
444 293 10
815 388 21
986 435 25
90 129 25
717 768 21
509 722 23
452 570 8
256 14 3
392 181 16
661 217 9
461 767 17
558 106 2
157 718 6
702 809 13
328 878 6
72 387 6
843 192 3
255 840 25
319 502 19
578 963 14
993 874 20
844 383 13
23 85 22
466 838 15
322 33 7
100 260 5
892 515 23
759 765 15
421 758 16
189 954 24
28 330 12
323 366 2
849 184 15
