130 283 1
39 185 1
753 600 0
482 512 0
311 209 0
420 622 2

412 626 0
378 970 1
590 572 1
709 198 0
377 328 2
899 367 2

436 472 9
455 307 21
921 618 5
740 39 2
997 451 3
159 123 22
159 184 22
521 914 25
815 165 20
645 954 19
428 409 26
722 331 22
226 423 13
703 420 16
807 101 24
880 613 25
878 124 9
73 646 25
949 813 16
192 458 20
611 238 6
35 891 12
662 753 11
734 986 26
282 864 25
881 782 20
351 746 10
231 84 23
145 119 14
888 904 14
99 990 25
923 625 16
224 992 8
170 709 23
930 943 8
308 877 15
430 23 11
794 506 3
753 394 9
818 846 24
868 769 24
783 345 18
691 516 3
837 446 23
118 594 19
497 254 22
312 684 20
246 831 3
854 754 20
629 623 17
676 758 12
68 449 3
521 286 24
269 757 20
311 606 25
231 919 11
526 165 17
875 146 6
268 775 6
783 804 14
644 872 13
20 745 2
195 14 9
963 325 15
986 909 9
46 435 2
936 115 17
763 990 13
