928 250 1
950 110 2
76 254 1
219 669 1
628 410 2
47 665 1
277 703 1
522 364 2

968 135 1
399 772 0
577 700 1
216 2 0
392 79 1
895 650 2
818 278 2
367 678 1

660 955 17
276 829 6
310 149 19
346 549 16
342 478 16
940 694 21
0 439 2
314 334 2
298 504 6
395 224 9
158 884 16
623 512 20
805 822 21
122 520 20
211 214 24
352 154 18
848 154 9
423 469 21
649 119 25
505 866 26
39 376 12
528 0 24
198 157 22
738 842 9
937 546 15
830 395 20
163 818 16
182 819 12
57 324 5
157 363 7
492 243 9
340 793 16
362 163 22
904 901 16
13 190 14
277 20 11
47 183 7
286 365 26
348 423 3
276 932 18
933 424 12
590 116 7
201 87 23
840 100 13
730 377 11
14 424 19
469 62 12
744 410 12
695 39 19
713 324 20
623 915 12
249 225 4
73 65 5
86 795 9
120 162 9
690 631 21
335 422 25
329 136 24
747 111 16
282 142 15
0 744 15
452 169 7
357 255 5
640 728 17
699 418 23
820 43 24
627 59 11
227 806 23
93 441 17
394 245 5
575 603 13
393 294 9
866 114 4
987 798 20
746 377 26
969 471 19
335 102 10
796 849 6
