711 657 1
242 469 0
78 34 1
603 637 2
447 876 0
569 493 2
208 357 0
136 266 1

325 419 1
554 132 2
654 844 1
695 438 2
670 516 0
867 119 1
456 919 2
450 840 2

761 48 18
84 184 10
461 416 16
741 117 25
30 787 16
856 913 21
890 26 21
292 975 18
73 788 11
987 61 8
97 154 3
997 536 15
413 242 22
949 261 9
755 117 22
402 8 25
96 642 13
327 934 13
420 7 3
281 347 16
966 794 9
154 207 26
701 156 13
359 264 7
281 666 17
582 762 11
993 442 20
731 862 5
257 144 2
197 709 23
624 181 25
201 883 8
39 594 22
346 227 13
14 809 3
323 802 22
567 885 11
472 692 16
218 686 18
111 663 2
859 864 12
174 967 22
827 291 24
922 210 12
232 732 7
37 556 26
797 237 2
872 448 16
