400 257 2
177 724 2
855 806 0
671 759 1

700 641 2
490 728 1
513 482 0
362 493 2

932 164 8
727 82 16
124 483 23
617 660 24
812 515 5
95 538 16
926 591 7
857 81 10
891 947 18
199 309 11
608 593 3
364 320 10
1 413 7
348 225 22
853 320 13
117 247 4
22 456 12
7 700 11
475 899 20
437 507 15
563 223 11
123 953 7
519 954 21
574 302 21
958 624 18
362 998 26
199 357 26
984 833 2
429 622 11
468 537 9
179 660 14
334 179 18
903 106 22
50 603 6
869 913 5
935 627 5
161 826 13
88 810 23
265 592 22
950 60 9
209 239 21
422 925 3
940 829 9
113 231 12
