508 661 1
378 834 0
971 957 2
404 438 1
755 28 1
984 747 0

332 976 1
779 702 0
760 975 1
142 308 0
96 816 1
230 546 0

934 869 18
883 274 9
237 381 14
820 365 11
17 698 13
541 477 15
801 589 17
574 731 3
262 179 21
260 409 20
937 579 13
221 168 19
534 988 12
593 357 10
72 52 4
215 889 17
110 501 26
903 649 22
565 938 3
854 160 21
523 46 9
558 991 16
206 397 20
593 454 12
8 916 15
185 819 14
57 736 3
508 942 15
479 466 11
86 376 2
402 20 2
618 226 24
886 584 13
132 529 17
268 890 8
608 75 4
598 484 17
614 823 3
100 261 4
225 15 26
28 633 2
875 871 13
961 4 18
853 624 8
309 584 10
936 182 19
652 708 15
662 322 13
490 422 26
694 0 16
919 28 25
369 255 23
756 569 4
24 422 5
