776 413 0
575 273 0
581 996 0
157 833 1
179 810 1
929 910 1

66 792 2
703 90 2
654 709 2
216 739 1
776 516 1
34 443 0

76 376 21
709 534 4
754 642 26
762 709 18
564 764 10
142 635 11
303 763 2
526 149 20
374 225 22
218 934 6
895 999 21
735 754 13
484 516 24
378 432 16
713 857 10
758 352 22
542 655 10
842 533 9
63 725 22
496 296 19
270 674 26
809 740 10
772 882 3
981 819 11
415 229 15
136 292 15
856 427 25
682 923 22
24 193 23
150 355 13
133 122 11
821 187 26
164 311 10
40 293 7
176 60 11
128 756 7
927 438 7
374 814 3
847 964 8
420 271 19
172 435 8
610 652 13
996 442 12
675 570 20
780 849 9
161 575 25
368 484 15
123 904 11
418 428 21
24 234 21
275 196 25
586 193 17
798 220 15
767 0 16
526 161 17
99 600 17
989 968 26
329 444 7
588 214 11
634 238 22
