531 923 0
684 390 0
396 199 1
508 601 1

303 472 2
435 271 2
584 548 2
952 894 1

237 482 9
476 893 24
934 777 22
766 461 12
778 210 14
386 718 15
817 21 14
5 456 10
247 392 9
90 344 3
67 581 12
949 343 8
521 109 21
483 887 6
645 625 26
760 794 24
348 799 5
206 398 24
965 489 20
266 556 3
754 208 12
783 509 5
941 30 17
912 514 6
94 159 9
993 272 3
266 620 5
171 144 19
339 762 3
441 516 11
951 651 23
157 592 3
824 857 17
378 951 4
262 944 3
941 562 25
771 261 3
999 432 24
717 771 12
343 564 5
529 516 7
225 25 26
304 849 8
896 579 9
648 194 6
376 135 18
724 906 4
251 257 11
273 326 10
410 21 24
64 551 17
369 128 17
618 784 18
725 681 25
134 681 19
488 58 6
757 782 14
934 33 21
