214 629 2
952 530 2
254 71 0
854 308 0
0 371 0

279 476 2
412 893 0
307 611 1
840 937 1
199 656 0

221 222 7
795 526 13
702 780 9
512 986 19
745 987 15
58 618 17
365 382 12
83 690 23
219 882 13
576 433 21
358 449 20
94 151 26
72 760 26
911 171 22
578 888 4
490 971 21
661 190 3
474 119 11
944 272 17
636 630 18
854 77 21
205 330 14
543 403 26
866 596 10
544 86 9
615 747 24
217 222 18
603 518 15
996 154 23
189 360 25
950 813 10
126 384 3
122 251 24
357 147 10
564 762 10
314 331 9
971 283 8
742 824 18
590 62 11
472 12 26
406 491 11
709 965 12
257 322 11
242 239 23
975 905 5
634 735 17
459 58 2
790 152 3
834 94 16
795 567 5
570 325 23
729 34 13
491 643 13
71 213 7
68 659 5
993 802 7
447 636 4
963 431 21
551 573 26
562 973 14
164 397 2
671 823 2
266 244 14
919 589 16
76 36 4
328 999 12
499 843 16
995 410 25
526 961 26
52 876 26
