439 80 1
426 935 2
534 359 1
376 328 2
103 128 0
453 413 0
578 988 1

474 442 2
427 919 1
576 334 2
869 126 2
955 904 1
497 438 2
30 166 2

755 622 3
806 75 16
720 5 6
820 479 25
119 258 20
558 834 6
25 704 9
572 11 14
406 860 4
599 890 21
825 645 18
826 803 20
241 524 25
347 696 6
896 815 14
364 726 26
870 751 5
503 675 18
40 81 3
367 32 18
213 857 13
681 36 17
124 976 16
855 872 6
493 588 7
317 459 10
197 314 10
440 706 16
191 425 26
184 639 10
822 672 21
264 249 25
230 725 2
596 581 24
333 95 24
677 732 21
444 275 21
243 459 12
648 546 11
321 128 13
971 725 21
