326 788 1
992 262 1
912 626 1
891 537 1
822 603 0
350 680 0
189 773 2
913 673 0

36 632 1
736 624 0
574 303 1
124 295 1
589 560 2
701 803 0
738 625 0
475 327 2

188 430 24
160 466 6
31 481 10
565 957 8
712 898 20
134 599 23
797 337 25
64 164 3
363 76 22
787 264 2
884 424 21
965 415 2
670 446 10
31 363 20
39 76 18
30 128 22
58 843 25
603 630 14
931 866 16
77 831 6
777 853 4
663 236 20
506 275 21
247 234 10
588 916 24
166 357 20
789 313 2
28 244 18
692 673 26
123 802 7
353 465 20
946 971 21
967 571 7
550 482 23
896 818 16
715 862 14
716 338 17
571 691 9
