131 195 0
519 592 2
610 594 0
723 592 0

46 723 1
731 915 2
396 158 0
640 257 1

86 892 19
173 816 23
438 300 20
214 819 14
156 781 10
210 856 2
192 902 2
169 985 17
909 381 25
789 373 7
331 811 24
223 984 18
296 774 18
916 341 14
481 497 22
639 60 3
567 125 19
308 35 25
206 824 25
714 507 11
761 82 22
329 731 23
197 647 14
884 128 12
56 120 24
14 781 3
281 89 13
281 648 14
654 362 21
190 123 4
62 805 12
709 2 9
48 239 15
885 647 10
782 732 24
283 746 5
910 28 22
571 661 20
761 668 7
105 858 7
884 273 14
394 334 19
904 382 10
542 268 7
652 50 14
976 686 11
81 596 16
276 519 4
471 280 22
709 974 6
898 721 15
90 625 22
873 519 17
304 523 18
818 851 6
368 561 23
671 32 6
641 61 19
174 122 20
628 372 16
416 463 18
939 336 12
729 992 12
922 811 13
801 890 21
