90 364 1
707 161 2
172 242 2
661 790 1
753 870 1
326 570 2

111 318 1
420 754 2
302 109 1
81 343 2
655 786 1
754 493 1

239 665 16
903 678 9
773 432 4
89 641 26
85 943 10
950 376 6
995 384 17
327 729 4
843 632 8
150 757 17
780 14 26
550 455 17
426 541 13
412 843 16
208 946 16
520 625 20
497 469 5
505 619 14
297 299 24
848 431 15
972 333 21
89 760 14
502 172 7
292 265 22
465 473 20
129 993 21
875 842 15
253 700 11
740 997 11
414 845 19
103 169 3
247 611 13
636 113 10
516 757 2
938 575 2
652 931 14
115 184 14
550 277 14
636 691 11
153 794 6
4 393 17
615 29 7
502 187 17
710 614 16
174 516 18
636 152 12
296 305 8
477 662 4
269 629 8
174 380 8
131 962 16
778 259 15
708 321 4
822 496 20
566 484 24
934 961 18
261 230 23
970 757 5
928 298 14
73 430 26
927 8 17
699 713 26
128 0 13
572 613 18
645 583 2
450 863 26
489 937 6
491 2 16
752 205 9
32 490 25
431 970 25
144 542 14
436 989 13
216 970 4
