741 886 2
806 720 1
279 569 1
120 601 1
49 260 0
72 576 2
553 459 0
707 499 0

852 347 2
784 178 2
516 271 1
420 77 1
749 709 2
410 181 2
659 230 2
850 302 1

927 208 10
960 915 10
876 767 9
888 903 14
266 419 10
882 840 15
571 589 24
477 351 7
688 10 12
159 212 15
558 139 23
768 451 15
126 680 9
536 568 13
123 186 9
982 68 24
622 639 15
971 468 18
501 508 4
261 19 16
676 929 8
299 698 11
495 712 9
56 836 20
265 792 7
378 763 26
374 877 6
765 554 10
648 853 8
983 691 10
997 538 22
580 946 10
348 686 5
889 951 22
70 682 12
580 603 6
109 720 10
568 369 15
724 352 6
409 349 19
807 929 17
40 630 4
444 519 5
991 941 12
302 12 18
384 702 19
658 347 17
264 756 18
409 563 25
499 956 5
276 400 26
357 743 18
119 397 7
57 362 5
76 457 2
556 379 8
998 788 23
721 288 4
426 916 6
520 393 22
51 504 25
526 913 13
704 990 22
505 806 12
652 715 18
260 713 7
784 786 22
911 564 13
143 918 12
118 439 5
490 842 11
489 368 26
202 73 16
724 578 25
9 582 15
25 195 5
182 979 18
341 385 25
976 503 16
356 346 8
