961 475 2
368 728 2
825 631 2
740 864 2
308 717 1
903 775 2

615 493 0
751 246 0
911 360 1
824 132 0
342 94 2
355 814 1

161 639 15
714 731 5
249 39 24
519 943 24
29 558 19
71 661 15
81 924 25
203 100 10
225 442 4
427 150 20
709 311 11
622 377 18
752 626 7
599 145 2
392 597 23
457 678 23
883 881 23
441 458 18
445 237 18
263 946 6
72 921 8
965 673 9
546 625 6
421 550 7
207 943 6
653 400 9
376 635 17
200 76 2
466 521 15
234 136 13
313 561 11
121 526 12
555 424 12
134 846 12
591 405 7
645 410 8
729 787 20
46 339 22
186 743 9
850 56 20
434 529 21
44 84 21
631 570 19
769 513 24
682 239 25
151 285 14
48 106 21
466 293 14
193 929 26
188 326 12
959 957 7
576 78 20
950 928 5
734 610 19
658 113 4
272 161 13
44 980 6
206 705 26
129 899 7
580 439 8
116 750 18
573 326 21
544 628 24
672 714 12
40 372 2
44 645 16
