475 534 2
895 873 0
492 724 0
764 262 1
974 641 2
892 935 1
835 863 1
473 913 0

132 553 0
988 737 1
351 212 2
530 459 0
883 952 1
121 68 1
950 42 2
628 934 2

434 769 18
547 595 6
698 79 12
197 67 24
395 770 14
127 652 23
470 657 20
117 959 12
406 940 24
982 374 20
830 323 22
139 267 12
51 746 14
423 183 25
98 653 9
194 122 20
979 880 12
51 862 11
597 988 11
597 749 24
7 153 23
421 576 6
371 26 11
601 552 16
811 603 5
748 200 18
957 938 13
842 247 25
247 844 2
271 203 5
42 977 8
348 348 9
659 31 7
93 632 9
759 443 14
287 191 17
842 343 4
843 590 26
593 213 4
848 256 8
31 956 7
888 616 13
670 61 22
652 172 15
590 459 9
432 967 10
212 162 3
239 5 20
815 950 8
595 150 16
808 69 16
296 92 4
416 744 26
439 118 5
399 682 17
702 922 24
595 737 24
53 684 24
768 36 5
782 141 18
410 241 26
797 680 22
317 781 3
