293 942 1
111 866 1
673 33 1
973 570 0

560 165 2
382 589 2
820 949 2
270 740 1

497 607 22
199 986 5
115 279 24
799 391 15
646 416 26
691 389 21
359 301 14
142 36 3
995 856 2
608 478 19
817 328 3
740 879 15
168 994 19
891 793 12
831 792 5
54 194 23
116 336 11
119 683 19
719 644 22
763 461 25
415 201 5
53 370 26
322 613 20
335 444 14
285 8 20
108 124 7
967 243 17
34 314 11
579 77 25
805 844 26
910 249 23
9 924 11
254 259 8
291 374 12
163 11 20
831 472 5
618 404 9
866 209 4
315 119 3
839 480 4
975 735 15
556 26 15
443 542 3
338 476 23
709 165 11
323 348 9
603 966 13
961 184 24
515 852 20
318 691 25
46 666 10
449 370 6
526 709 7
722 770 24
356 94 22
815 49 16
326 10 25
398 877 2
941 196 20
317 242 12
75 978 14
212 428 9
243 306 20
