10 806 1
777 292 2
474 353 0
54 691 0
883 870 0
341 441 1
876 750 0
259 81 0
518 849 2

848 293 2
914 656 0
41 433 2
991 260 0
241 314 1
308 549 2
298 890 2
162 766 1
372 378 0

178 248 19
717 96 12
767 362 20
976 403 6
476 746 18
682 339 7
580 647 6
699 297 23
908 460 16
220 832 21
613 362 21
855 79 17
742 846 6
286 822 11
615 651 10
556 685 24
163 617 24
319 317 21
717 577 6
233 149 15
622 617 6
565 360 5
221 998 4
281 613 5
791 521 16
137 707 2
538 9 6
329 137 19
129 112 13
361 29 23
43 883 11
446 804 4
674 88 5
479 979 15
502 789 16
189 150 22
587 293 23
984 337 8
228 524 2
146 322 6
476 996 20
229 827 24
344 613 9
597 467 23
313 656 26
59 596 19
407 580 6
638 925 17
896 153 18
821 652 16
903 128 12
721 709 17
870 54 5
327 651 22
925 964 6
69 782 9
800 421 9
168 669 13
59 843 17
625 746 22
836 467 6
578 689 12
581 16 13
51 293 5
957 741 13
964 541 11
