907 200 0
110 812 0
825 543 1
691 405 1
598 138 0
919 33 1
855 589 0
856 614 0

594 714 0
16 552 2
704 812 0
685 922 1
902 100 0
212 143 0
717 93 0
136 13 2

450 220 11
264 23 16
403 391 21
552 599 2
548 316 23
34 452 11
553 255 8
14 269 10
89 534 10
231 289 2
783 640 7
563 953 17
796 857 16
523 405 9
344 439 14
530 345 19
937 359 13
772 449 24
881 957 13
408 303 9
625 451 17
441 327 24
574 23 16
511 554 13
516 615 23
864 246 5
216 58 2
220 466 8
529 444 11
621 459 14
985 322 20
46 377 13
818 894 3
40 110 25
158 102 6
