917 21 0
860 755 2
561 811 0
491 302 1
83 821 1

404 508 0
688 17 1
839 869 0
970 20 1
594 190 0

234 107 14
706 320 21
331 233 10
724 724 14
640 808 11
912 564 19
931 604 14
811 443 8
338 765 5
465 360 20
506 594 5
569 653 2
90 336 10
423 60 11
411 700 19
220 964 11
889 248 15
576 59 11
132 397 3
413 862 15
531 369 12
63 732 3
898 156 13
458 919 16
177 139 5
461 380 3
702 957 12
738 441 12
405 738 20
865 551 12
330 967 20
131 865 26
344 323 20
258 501 11
615 368 25
153 106 19
440 998 25
589 403 15
108 268 19
620 950 11
