477 380 2
740 346 2
727 200 2
38 856 0
703 435 2
417 912 1
931 104 0

942 615 0
492 691 2
0 5 2
970 834 0
26 574 1
85 301 0
602 691 0

157 394 11
593 163 23
374 94 4
359 388 21
689 881 12
508 233 17
172 556 26
216 934 25
607 20 3
549 622 22
348 131 16
582 77 7
252 852 25
130 885 14
229 453 26
255 412 21
933 962 20
303 310 3
700 972 8
426 654 21
893 906 25
241 771 14
175 901 26
664 482 5
88 737 17
884 23 6
302 678 16
204 98 10
534 150 7
316 929 14
612 822 22
760 416 18
324 591 21
774 255 6
29 344 18
344 228 18
265 439 22
449 973 23
539 365 17
82 690 10
879 816 16
158 845 12
526 189 17
918 515 2
340 133 16
860 582 15
883 890 8
835 9 12
610 900 4
152 334 19
286 213 10
27 371 7
129 168 14
30 508 24
721 720 6
386 604 24
605 401 10
882 554 19
850 192 10
985 571 6
966 35 6
488 516 26
877 898 11
400 972 7
856 358 13
203 51 2
871 539 10
814 741 4
322 78 25
553 396 12
