720 925 2
416 680 2
102 86 0
395 845 0
454 483 0
595 107 1
341 823 2

518 323 0
462 785 1
14 865 2
245 585 0
963 353 1
587 455 1
203 202 1

480 9 23
429 956 5
366 297 5
345 167 4
68 630 16
843 996 6
391 242 18
864 557 24
370 144 6
961 699 9
750 179 20
373 961 26
104 327 25
657 673 18
534 93 25
900 288 23
131 679 17
948 896 24
822 266 20
151 579 19
35 329 26
928 55 12
129 159 14
628 816 14
646 703 10
646 955 23
585 35 26
732 209 19
376 360 23
718 396 5
592 676 10
942 786 14
114 430 23
388 424 12
693 9 24
361 470 18
407 540 16
270 264 24
916 206 12
544 154 26
17 542 25
929 587 12
876 129 6
901 602 20
165 89 5
106 712 20
90 7 18
210 273 17
86 203 5
971 79 11
302 464 4
103 365 6
796 882 22
327 341 9
770 546 15
771 989 22
813 100 3
361 311 2
451 397 7
481 720 13
993 22 2
995 477 19
951 625 4
348 952 20
844 846 9
941 11 10
570 175 22
400 9 17
661 2 16
739 349 20
533 652 20
562 0 25
849 654 22
106 596 8
464 891 7
837 461 10
607 213 19
97 226 23
313 317 22
