372 671 2
710 87 1
406 771 0
808 414 2
305 175 2
549 966 2
666 358 0
249 676 2
63 697 2

659 698 0
404 422 0
121 484 1
410 890 0
871 50 1
801 355 0
379 904 1
745 922 1
671 523 2

669 586 25
782 598 25
355 354 24
951 475 8
987 237 23
145 109 23
466 641 11
181 387 8
958 58 9
210 861 20
410 569 25
33 872 25
139 859 13
136 5 24
534 723 11
297 723 14
581 681 24
388 92 26
133 302 15
829 713 9
527 98 6
52 237 18
815 725 23
687 260 23
821 900 15
597 549 15
111 130 21
684 870 14
335 356 18
848 185 8
930 64 6
237 116 19
403 284 19
926 971 6
172 145 8
313 94 8
176 557 13
721 241 11
164 297 9
978 626 17
7 150 14
289 815 10
120 992 17
433 65 9
969 127 13
509 480 17
586 190 2
727 707 26
878 245 4
95 253 7
809 894 24
983 151 8
942 121 12
478 982 18
495 921 10
573 648 19
947 985 12
374 216 7
778 663 12
333 473 8
606 367 26
568 197 10
659 45 6
645 618 7
337 565 17
297 939 10
855 718 24
722 811 16
496 286 17
422 244 11
173 812 11
907 824 6
913 821 24
568 158 16
561 808 8
769 663 3
993 680 6
182 899 8
383 199 18
569 106 17
800 19 15
649 940 24
770 270 24
546 264 4
77 306 9
772 488 10
105 587 8
341 45 12
329 758 3
914 856 23
421 980 13
179 86 3
963 120 26
