421 984 2
223 372 1
643 797 0
285 803 1

269 0 2
289 368 1
142 482 0
904 399 1

229 983 17
260 257 14
840 30 26
810 606 25
797 601 22
464 886 2
934 155 4
506 797 23
436 196 8
516 777 16
183 37 25
772 877 8
346 687 14
996 837 15
444 301 3
694 588 8
297 94 7
620 518 24
777 306 22
334 174 24
374 130 16
905 828 6
394 825 18
484 269 21
460 315 9
591 964 5
224 584 23
796 714 7
165 625 16
100 351 23
617 608 26
821 2 3
214 486 24
260 946 17
895 890 6
623 466 18
222 614 7
127 882 7
558 47 9
347 500 11
618 117 19
70 290 24
698 856 12
596 116 11
513 11 3
42 987 19
508 209 8
40 336 15
620 246 14
178 594 14
439 564 8
308 634 25
180 685 6
891 281 25
900 794 11
151 188 23
220 697 9
551 89 20
116 710 17
80 240 13
545 31 2
126 339 14
350 520 24
781 763 7
329 663 3
241 166 16
787 386 15
247 289 5
42 757 17
732 837 9
720 382 15
921 861 4
460 563 26
837 674 4
840 915 20
679 54 8
920 301 24
570 149 5
585 422 16
587 234 4
