555 334 0
58 308 2
586 468 2
124 429 0
362 83 0
137 830 0
302 533 2
68 473 1

870 233 1
636 402 1
932 309 1
30 720 0
977 306 0
98 430 0
66 145 2
817 282 1

890 585 12
30 5 12
934 227 20
250 863 24
941 147 9
318 178 4
860 605 17
146 671 12
516 840 20
67 82 7
152 112 12
414 46 15
557 649 5
455 942 3
14 261 8
293 616 15
878 477 22
893 623 19
497 559 19
229 63 6
760 194 23
736 560 9
594 853 3
959 731 5
929 625 5
923 679 22
758 528 8
617 63 10
989 151 21
973 745 26
574 704 8
4 985 8
410 909 14
955 667 17
763 694 26
634 102 24
425 908 19
306 797 23
845 564 18
282 871 12
599 634 8
673 620 10
470 956 3
923 381 12
790 442 11
161 698 11
628 4 11
800 443 15
309 288 6
727 922 4
812 873 13
757 644 23
894 786 17
280 947 16
890 928 22
649 728 16
914 389 6
743 116 6
833 575 3
843 455 24
458 212 18
807 106 6
438 629 9
284 630 12
925 544 3
854 639 19
410 786 26
488 971 26
816 814 8
513 273 23
854 432 4
333 29 18
819 104 4
606 29 23
426 646 25
201 950 13
508 815 13
379 21 20
708 706 24
777 819 19
474 990 23
802 949 4
25 83 15
888 862 11
536 212 22
508 766 24
294 626 16
705 357 12
548 417 18
772 546 14
465 21 5
613 175 6
791 552 14
864 837 9
711 483 12
725 188 21
