542 748 0
528 882 2
540 422 2
915 56 0
415 778 1
396 913 1

77 605 2
164 47 0
666 46 2
269 885 0
13 780 1
214 308 1

393 116 18
369 279 12
898 708 19
989 873 16
649 891 14
543 512 25
299 525 5
803 739 15
541 603 15
702 997 6
270 427 16
617 148 20
229 46 4
446 388 4
725 932 7
273 231 7
941 576 26
786 900 3
496 99 2
375 546 15
770 333 12
925 958 20
957 911 7
728 852 8
454 334 15
178 472 15
681 149 10
684 645 12
734 372 8
524 499 18
352 621 4
464 546 12
159 855 24
889 935 3
835 920 11
376 601 11
786 637 8
296 372 6
704 896 7
721 600 4
423 416 25
359 817 18
488 717 8
950 904 5
106 715 18
218 141 19
145 916 12
970 351 15
268 551 2
626 501 6
488 115 6
357 222 21
950 134 16
440 352 9
234 497 2
444 468 6
935 471 19
243 91 20
620 718 23
549 975 14
111 463 6
92 173 3
789 123 15
905 915 17
515 149 17
40 946 12
269 233 8
404 448 20
453 349 20
592 461 10
846 905 8
323 46 7
638 952 22
953 467 24
470 859 22
807 129 5
264 42 8
164 799 6
134 252 5
79 844 18
487 690 26
421 365 22
478 3 24
450 309 18
572 131 3
997 555 26
478 71 2
759 205 4
38 284 25
481 123 18
830 896 10
578 374 16
