536 944 1
512 703 1
191 369 2
207 577 0
894 487 1

360 592 0
830 472 2
529 355 0
426 785 0
48 228 2

746 764 12
788 276 18
946 272 5
354 984 24
370 814 23
858 121 16
142 268 8
430 56 11
133 968 10
775 914 8
255 620 19
328 990 9
828 751 3
186 44 18
928 895 11
108 381 4
666 156 20
849 763 15
17 91 8
351 316 25
380 496 26
849 818 24
551 98 22
85 558 3
588 224 11
356 426 24
97 443 16
180 146 9
803 526 5
806 318 19
479 168 14
627 719 14
22 804 22
150 744 23
833 550 19
324 82 15
483 237 19
786 767 6
506 574 24
125 405 19
801 758 22
246 908 18
268 694 21
715 880 23
958 556 5
