400 196 0
488 500 0
481 635 1
201 931 1

422 21 1
716 621 0
657 320 2
171 549 0

898 250 5
111 18 9
430 770 7
498 258 8
346 740 18
538 293 26
760 716 23
475 784 19
466 441 16
407 964 16
982 863 16
612 974 11
894 756 6
76 255 16
407 601 8
725 140 2
975 252 20
246 80 4
490 898 22
55 657 11
169 639 24
885 251 25
971 497 7
827 574 14
941 333 15
148 59 7
0 34 12
568 280 19
272 122 17
526 698 16
499 935 20
797 906 17
204 733 18
866 675 2
482 175 13
589 175 22
949 95 4
741 367 3
784 784 6
823 161 17
766 311 23
559 867 7
277 734 9
329 568 9
937 459 6
66 200 25
318 336 9
99 820 21
578 996 10
345 762 23
667 673 17
74 303 26
117 425 4
901 714 13
132 781 15
730 451 2
418 826 8
991 493 8
432 919 11
958 427 21
53 896 23
305 797 12
368 929 20
631 11 21
583 475 23
356 335 4
772 754 5
