540 304 2
886 972 0
715 932 1
199 942 1
837 823 2
933 805 1
128 253 1
838 532 1
593 922 0

968 131 2
457 23 2
935 261 2
588 976 0
409 175 1
171 364 2
167 297 2
238 425 0
191 615 2

12 208 7
754 528 15
627 273 26
688 861 4
33 622 6
673 146 20
107 903 17
333 94 9
91 107 18
287 751 9
825 378 10
625 418 23
752 804 21
407 829 17
425 316 7
93 776 10
833 461 5
893 904 14
809 379 2
605 666 3
740 844 9
148 469 2
769 573 8
365 332 12
755 758 6
162 203 9
121 36 22
38 90 7
763 48 24
591 140 20
776 409 14
520 882 7
151 45 10
558 518 23
778 44 5
701 291 25
705 328 12
