737 119 2
100 346 2
549 475 0
14 367 2
60 553 1
777 867 2
618 142 1

623 436 1
340 702 1
767 18 2
512 107 0
703 559 0
132 460 1
636 826 0

203 887 24
59 16 16
930 635 11
346 610 22
317 302 24
245 70 19
429 934 3
733 989 12
382 121 25
859 758 26
351 313 13
476 353 4
671 22 6
921 619 3
188 49 14
915 134 4
552 868 25
650 728 8
918 250 25
733 726 3
862 750 25
942 671 20
583 774 7
258 329 5
267 256 14
588 995 23
282 265 23
983 351 2
36 213 2
807 303 7
903 886 9
133 598 13
935 208 19
466 475 26
428 416 23
626 50 13
898 422 5
175 886 12
771 693 17
578 948 5
160 81 3
68 834 14
267 262 7
165 889 8
