613 439 2
628 275 2
92 30 2
40 348 2
725 424 0
510 577 1
612 756 2

452 852 1
486 794 0
892 610 1
872 575 2
24 204 2
597 648 1
728 689 0

969 414 6
395 277 10
338 889 17
302 693 21
933 532 18
121 424 3
274 25 9
198 622 8
153 703 24
807 24 15
238 419 17
599 110 9
364 764 4
153 170 13
879 796 13
533 70 13
742 269 13
147 933 17
461 524 14
403 123 24
235 839 15
465 524 12
226 678 9
412 909 5
951 794 2
162 889 23
700 489 24
207 98 9
596 853 7
95 441 21
358 906 22
318 132 2
152 897 14
782 848 8
482 362 22
156 63 12
955 4 26
688 563 26
945 159 4
248 612 26
344 282 11
821 434 8
208 216 8
742 51 20
164 559 10
76 866 17
625 555 7
624 852 17
829 530 23
122 778 13
674 474 22
643 856 2
424 950 5
919 115 16
478 191 8
745 169 13
866 97 3
427 771 2
974 833 25
956 476 9
507 900 9
460 171 26
325 1 18
408 746 12
46 674 7
708 236 2
685 211 10
959 167 11
793 26 13
225 839 9
125 516 11
568 924 9
180 970 8
585 506 25
317 415 9
146 123 21
746 809 9
531 120 26
792 265 5
