262 299 0
324 203 0
14 660 1
660 618 1

876 52 2
151 328 1
432 207 0
896 718 0

857 808 24
446 70 26
335 394 4
642 760 15
589 420 8
524 649 12
440 800 17
552 232 24
570 480 19
129 523 9
516 530 14
842 218 8
19 860 21
209 801 16
229 118 18
769 670 2
868 592 8
686 721 8
543 915 17
208 783 24
295 625 17
128 644 5
74 206 8
89 223 11
104 805 5
272 574 2
25 443 20
906 481 18
14 24 10
854 584 18
928 231 18
374 786 21
680 227 21
665 683 26
768 956 3
245 981 21
963 239 2
107 605 3
165 811 12
7 739 20
473 960 6
936 334 17
957 15 21
554 32 5
955 152 13
931 397 21
702 713 12
602 820 17
230 985 5
442 344 19
885 170 7
392 458 16
332 416 8
407 277 19
918 209 19
114 911 7
549 866 2
941 96 14
144 539 11
438 776 6
693 168 14
635 853 7
943 57 4
284 464 7
128 734 16
370 848 4
325 749 20
452 690 19
917 834 10
726 272 13
705 966 7
142 953 10
348 896 19
875 532 10
398 31 19
676 357 18
171 809 8
115 726 17
598 452 16
210 509 9
342 652 12
975 352 11
369 579 18
227 612 4
963 38 18
856 562 4
439 677 6
504 628 10
545 838 22
