249 541 2
305 408 1
228 611 1
937 343 2
737 387 2
854 724 1
155 898 1

286 127 1
914 897 1
70 389 0
782 638 2
414 943 0
108 171 0
779 109 1

942 198 21
917 53 23
852 560 23
701 198 25
779 464 22
676 317 2
369 543 21
31 674 7
741 969 6
485 886 11
658 90 23
729 144 22
280 275 11
727 554 23
564 582 15
163 270 19
223 232 26
582 891 18
205 972 14
27 252 15
962 980 21
274 288 7
200 803 2
317 613 8
461 530 3
574 753 11
925 687 4
367 244 26
304 272 6
869 234 13
341 721 9
43 995 23
998 547 26
575 865 16
785 253 3
996 178 17
525 554 9
204 423 20
215 764 16
670 509 11
22 437 3
338 244 7
185 381 12
488 378 15
479 476 15
66 1 19
573 557 19
18 124 9
184 247 20
346 269 7
408 291 19
334 630 15
939 167 21
501 655 24
880 552 6
72 477 14
39 847 13
123 32 12
824 786 25
