335 610 2
925 599 0
192 627 0
42 1 1
771 154 1
628 831 2
376 403 1
58 460 0
446 429 0

64 36 0
214 723 2
836 649 2
128 841 0
323 235 1
507 6 2
179 987 1
222 363 0
60 421 1

137 219 16
903 202 26
8 166 20
516 841 5
25 348 14
40 879 26
887 101 16
137 513 14
339 938 21
515 842 23
766 674 11
19 683 4
112 551 20
441 928 20
480 320 24
154 207 2
543 696 15
57 896 17
438 235 6
160 102 23
731 868 22
341 887 7
820 352 10
457 625 11
357 131 20
357 26 17
871 83 13
738 873 23
192 33 2
488 117 20
811 810 10
725 419 9
913 229 11
774 586 17
843 295 20
960 518 5
621 257 3
869 449 14
219 938 6
599 917 23
761 994 18
420 260 24
704 34 12
471 877 7
264 837 26
844 810 8
298 31 9
785 602 24
741 392 25
507 991 18
903 105 12
719 525 22
468 230 9
803 701 11
786 318 26
935 514 13
693 812 22
398 690 16
996 197 10
512 101 17
375 172 17
497 641 24
41 582 21
3 562 25
773 463 24
498 213 15
614 209 14
722 74 15
287 449 15
730 298 8
402 953 4
128 346 12
524 963 8
435 318 21
158 444 11
823 270 10
361 0 9
892 755 14
572 883 10
834 408 25
965 843 20
11 353 14
520 887 8
746 484 23
317 300 13
552 100 16
645 463 21
535 984 9
718 578 19
879 790 20
678 662 24
111 991 11
50 988 24
695 523 10
579 242 14
896 52 22
194 465 6
