483 923 1
11 286 2
510 662 1
846 906 0
29 899 1
521 677 0

43 167 0
843 447 0
972 603 2
165 966 0
277 801 2
830 812 1

936 674 9
88 872 16
318 902 17
583 775 19
622 170 13
675 14 11
884 986 14
350 503 7
382 781 8
689 963 21
634 899 22
241 987 20
107 657 22
873 592 24
315 566 19
277 242 8
50 828 2
381 562 10
864 251 25
160 885 26
131 479 15
71 459 16
943 127 7
985 756 26
394 794 3
140 196 8
742 929 21
125 146 24
175 306 10
124 437 14
412 763 2
709 186 14
950 129 16
406 467 24
807 213 20
983 705 18
692 448 25
611 925 21
133 101 2
893 577 17
958 51 19
595 2 25
711 760 17
583 567 7
953 903 13
519 595 13
367 558 13
361 691 16
456 69 11
661 27 12
53 974 16
927 685 26
619 620 21
877 573 24
488 445 21
899 812 4
587 526 22
377 892 9
744 348 4
453 9 8
