17 76 0
625 518 0
875 977 2
490 793 1
501 355 2
799 735 2
179 130 1

989 856 0
497 344 0
744 749 1
15 767 2
599 744 0
418 619 1
193 461 1

662 962 24
203 292 16
250 634 24
457 875 18
680 242 12
684 193 6
853 611 26
352 156 14
643 818 2
642 296 15
376 500 10
241 750 21
665 320 4
82 777 6
601 810 24
886 494 17
916 347 6
917 51 12
379 695 8
156 337 4
695 714 6
230 307 8
399 972 4
403 407 6
282 8 18
404 246 12
72 162 12
351 79 13
744 615 25
999 662 14
753 244 23
962 995 22
139 398 6
445 681 14
562 437 11
524 509 25
186 860 5
548 999 16
956 95 8
218 200 17
41 162 15
837 653 13
743 450 19
658 364 7
819 889 18
142 75 6
111 284 2
645 690 24
193 261 26
985 302 13
773 491 18
960 235 18
179 893 8
3 206 26
734 104 2
464 567 13
641 212 3
913 757 14
75 516 10
418 828 22
860 8 15
18 196 4
65 551 11
891 285 15
341 101 7
427 743 22
556 8 4
593 98 22
285 173 16
821 944 19
