228 66 1
255 413 0
940 408 2
917 969 2
114 165 2

791 55 0
400 178 2
990 497 1
206 275 2
790 480 0

76 60 7
966 315 20
312 255 5
535 524 24
705 990 14
284 781 22
619 182 25
474 172 22
43 731 25
503 873 5
642 949 15
847 267 5
818 579 12
196 467 13
544 172 3
408 456 9
328 427 18
778 253 18
374 296 24
597 151 22
652 793 24
415 993 16
845 163 23
530 359 17
91 255 14
642 16 23
326 696 2
193 475 6
584 201 4
58 798 6
405 450 26
702 217 19
619 414 7
467 944 19
782 387 26
621 381 17
345 252 14
26 188 15
3 246 15
484 652 17
759 706 11
378 325 25
303 926 10
52 900 16
921 892 18
411 896 17
51 732 19
493 491 2
152 222 3
577 383 24
946 686 26
54 90 3
895 260 22
795 244 14
642 280 4
582 683 12
526 176 5
176 680 2
504 257 10
728 609 16
379 856 3
199 652 25
886 600 19
818 242 25
645 176 10
557 702 12
313 879 19
651 360 9
697 440 21
538 819 2
640 19 4
338 257 5
105 425 26
989 982 5
401 647 9
493 938 20
195 589 7
453 638 23
672 177 17
747 169 13
507 764 25
429 870 25
880 211 10
34 964 7
418 457 20
