62 857 2
672 404 2
681 277 1
959 394 0
167 740 0
950 654 2
713 419 1
399 446 1

979 32 2
556 624 0
491 39 2
975 63 1
552 745 0
241 56 1
151 223 2
812 173 1

484 238 20
139 638 17
264 525 25
732 16 16
56 343 5
785 895 2
143 489 8
239 288 22
509 427 10
874 345 4
623 961 4
349 693 20
293 887 13
218 383 2
199 630 17
107 370 21
189 961 9
509 471 14
467 697 9
394 673 22
666 487 18
592 351 13
492 551 21
384 10 16
728 199 5
713 708 26
125 527 25
234 273 23
304 471 22
286 671 20
392 263 21
647 492 10
489 573 9
292 638 18
918 763 22
