963 471 2
211 560 2
767 818 0
289 436 1
487 495 0
781 375 2

551 245 0
776 753 0
756 955 0
977 298 2
973 613 1
883 824 2

602 591 10
693 880 24
161 719 21
416 501 23
479 404 19
662 181 24
808 289 4
60 266 4
219 239 17
848 474 18
390 429 11
751 122 18
548 635 13
544 51 16
915 883 20
532 897 3
606 705 18
283 117 9
370 279 6
781 30 3
73 930 15
920 274 24
74 233 6
517 868 25
226 831 14
175 85 26
303 808 5
507 589 13
186 14 18
568 454 10
168 727 11
17 801 19
571 318 13
595 544 21
307 72 6
908 375 16
788 234 6
51 772 22
893 624 25
971 713 8
7 730 9
277 654 4
415 601 26
384 260 23
790 520 25
5 308 11
161 712 9
331 605 8
656 518 2
436 841 15
942 200 21
453 628 15
399 771 10
424 776 20
684 937 7
68 620 14
76 277 7
276 713 25
190 655 26
186 257 5
439 290 5
302 42 3
37 818 4
80 854 18
836 922 14
548 998 18
131 275 6
882 3 23
688 191 10
738 630 2
768 284 21
570 321 15
499 401 19
366 589 17
853 490 17
321 973 17
150 879 9
338 762 14
784 450 5
67 540 12
345 308 21
664 230 19
147 96 12
414 301 2
679 622 2
572 124 7
249 666 13
135 11 23
656 28 4
499 182 9
95 329 7
632 95 8
660 775 7
660 699 6
540 980 18
534 326 17
