248 881 1
112 994 2
277 407 1
630 737 0
839 321 2
490 972 2
468 301 2
625 370 1
515 272 1

405 952 1
425 201 2
426 665 0
918 295 2
311 925 2
558 764 1
74 254 2
952 722 1
213 700 0

179 972 11
293 176 5
961 95 25
36 758 25
685 95 20
846 47 18
309 612 20
142 15 10
599 546 7
360 166 7
323 459 11
951 420 6
226 808 16
74 8 10
38 45 5
549 200 19
542 694 11
102 645 7
635 6 23
565 681 9
282 210 12
280 674 17
61 930 11
888 480 13
32 374 10
191 477 5
897 112 13
120 29 21
803 406 5
905 40 15
106 681 6
665 921 13
776 306 12
934 497 16
90 746 5
603 867 10
798 22 18
976 279 10
717 447 23
741 238 20
773 361 26
586 489 7
421 776 5
438 866 26
76 619 17
653 665 21
569 550 5
870 675 16
325 683 9
55 473 25
531 39 23
875 116 18
589 465 8
386 766 16
68 335 19
799 557 19
890 2 6
828 734 14
403 265 3
800 492 21
816 85 11
132 26 26
113 412 20
204 833 5
846 632 13
164 522 17
743 994 21
709 822 5
