820 401 0
229 872 1
901 970 0
346 537 2
742 686 2
280 176 0
468 815 0
0 629 1

126 572 2
684 133 1
422 306 2
89 887 0
984 788 2
171 486 1
106 229 0
133 861 1

116 329 10
341 330 14
732 266 4
51 708 16
594 44 7
160 322 24
250 807 10
516 276 15
949 617 22
363 440 7
701 959 26
172 691 17
302 94 25
318 688 20
123 797 13
767 309 10
639 911 20
725 427 21
788 728 15
885 443 5
891 20 7
906 322 3
982 641 17
750 116 16
914 600 17
360 740 22
423 977 17
93 10 8
599 268 8
902 250 26
894 0 19
35 438 5
485 887 5
198 801 7
690 514 24
262 937 3
277 568 22
140 662 9
