756 200 2
783 352 1
51 524 0
600 590 1
509 419 0
573 138 1
306 463 0
916 54 0
617 472 0

560 730 0
956 838 2
587 621 2
552 673 2
357 625 1
409 486 2
890 411 2
377 718 0
198 634 1

279 603 6
812 163 13
744 119 2
228 58 23
416 962 23
432 81 10
507 323 22
396 898 3
830 177 7
373 437 17
848 665 2
297 82 17
418 211 14
396 871 21
111 619 22
812 449 24
117 186 18
938 560 5
878 760 21
580 57 3
245 476 16
353 392 13
447 140 11
286 768 7
861 237 20
130 405 16
501 338 25
954 583 26
279 871 14
443 318 7
477 559 10
835 198 5
283 188 20
855 172 16
130 745 17
323 377 15
612 820 8
42 297 20
229 774 6
972 410 21
891 951 16
530 218 14
998 893 16
993 900 11
