804 655 2
267 803 2
63 262 0
796 602 2
697 75 2
863 595 2
829 76 0
468 755 1

217 367 2
985 837 1
577 993 1
497 612 2
632 676 1
324 824 1
31 521 2
989 737 0

113 566 24
990 386 4
13 604 24
212 941 13
936 518 8
964 367 21
148 999 24
765 49 10
188 514 3
335 504 15
589 870 21
563 434 12
374 370 7
531 687 26
652 835 26
801 428 4
422 70 11
268 187 12
204 727 2
57 62 8
945 3 3
141 567 12
926 293 10
933 176 22
34 629 14
436 403 9
897 24 23
408 228 25
433 285 14
314 583 20
418 76 12
603 3 5
511 288 7
240 630 19
803 418 24
787 316 23
311 724 3
561 509 16
226 175 26
129 549 7
