9 285 0
5 257 0
431 793 0
205 347 0
192 222 0
78 932 0
327 32 0
849 284 0

493 658 0
834 53 2
542 63 0
920 420 0
668 203 0
59 408 2
539 953 2
397 383 2

785 710 14
79 559 24
947 591 10
508 133 25
706 54 22
161 74 26
409 134 11
708 25 14
229 774 22
683 560 9
774 163 17
960 24 26
560 730 7
933 892 6
157 653 15
141 362 18
431 591 17
103 626 4
838 147 22
132 141 13
473 228 3
249 140 10
79 73 2
984 230 8
374 724 22
142 507 15
685 962 17
139 800 16
598 115 2
775 589 7
328 838 23
612 270 21
139 606 2
672 332 3
567 475 12
406 512 24
223 651 25
539 236 7
996 187 25
722 962 14
379 643 4
345 746 5
447 419 15
625 986 15
310 744 2
957 319 5
405 858 17
986 281 18
775 660 13
402 486 20
652 831 17
710 565 19
237 522 13
416 280 24
831 770 6
