830 43 2
89 511 1
12 296 1
308 410 1
220 489 1
905 476 2
366 619 1
420 711 2
105 638 0

687 65 1
888 895 0
81 337 2
641 349 0
722 9 0
348 581 1
431 487 0
205 205 0
256 625 2

86 731 24
702 418 16
198 306 14
737 388 26
140 381 2
651 804 20
600 236 9
378 793 15
984 189 19
148 388 25
661 969 22
464 160 5
276 163 9
21 115 20
692 270 14
606 843 18
523 343 8
98 256 10
62 917 5
759 733 17
912 9 7
221 383 22
493 140 22
71 746 17
487 269 11
277 782 11
232 893 20
347 805 6
977 26 14
74 793 3
666 899 9
879 744 25
952 815 23
867 655 20
641 927 22
296 210 22
175 539 25
790 614 21
41 632 22
974 511 16
922 331 15
715 457 16
875 229 7
836 842 23
705 236 5
825 562 16
424 235 13
463 951 22
