545 581 0
251 309 1
329 301 2
238 905 0
578 838 2

341 924 2
37 48 2
206 48 2
754 906 0
980 601 2

703 498 8
630 749 18
425 430 21
443 21 26
9 599 16
372 977 16
902 535 14
812 289 21
831 622 24
480 325 23
61 307 22
304 732 5
200 527 26
650 889 25
289 995 15
205 367 19
169 621 4
534 433 20
805 616 17
677 96 19
400 510 3
873 814 10
776 15 15
700 17 4
223 658 26
38 216 18
830 385 16
509 271 26
829 76 17
420 106 14
39 506 26
318 379 17
328 507 9
866 207 26
645 430 12
419 468 3
912 650 15
26 159 12
925 989 15
441 761 23
405 152 7
879 470 13
519 151 21
879 17 3
290 786 4
893 699 5
846 3 7
534 796 20
33 553 25
38 432 22
774 303 23
18 534 18
470 790 8
704 80 19
758 326 20
463 560 23
328 406 3
885 292 26
556 325 4
379 363 13
376 138 18
173 508 3
872 34 25
191 793 3
562 256 13
658 936 19
461 174 14
212 461 5
500 189 20
91 362 3
