585 998 1
434 120 1
689 640 1
805 913 2
321 790 0
56 537 0
196 565 1

765 711 2
612 889 1
982 380 0
185 965 2
646 751 0
59 792 1
339 597 0

1 919 17
760 327 6
515 523 22
80 640 8
403 605 24
809 772 22
683 419 23
915 522 9
957 635 11
537 502 12
34 934 4
890 689 9
339 976 23
817 785 23
612 820 19
510 849 26
201 217 23
697 442 9
584 331 13
346 365 25
100 607 14
108 946 15
477 727 25
696 791 17
242 281 26
662 331 20
422 267 26
231 713 2
469 173 26
34 932 16
385 761 21
261 433 11
986 129 4
354 385 19
223 807 11
774 843 26
43 74 16
918 895 15
92 930 24
103 928 18
414 266 22
516 194 18
5 898 6
304 941 8
669 212 5
559 656 12
381 390 5
964 493 10
981 907 2
478 776 21
995 28 22
