476 677 2
640 489 2
906 595 2
360 694 2

467 468 2
698 513 0
791 849 0
33 395 2

166 684 26
874 361 6
228 190 8
315 830 23
837 88 20
988 800 16
364 267 11
578 965 25
790 756 24
899 141 21
773 308 5
723 182 19
577 763 9
460 78 16
833 267 6
153 255 6
168 619 23
2 549 15
350 340 21
844 365 22
825 88 7
519 17 20
403 829 25
623 168 24
929 336 19
150 691 20
40 41 10
334 293 2
121 490 17
569 667 7
199 538 26
944 941 5
119 762 20
209 385 14
906 666 25
575 168 18
794 208 12
206 15 22
721 584 16
28 135 4
352 431 22
858 550 9
26 111 19
363 370 10
389 945 5
105 91 13
215 796 5
971 2 23
568 76 9
833 456 22
635 809 3
731 19 6
588 45 17
183 409 12
