318 20 1
210 334 0
805 355 2
360 808 0
989 932 0
310 120 2
798 239 2

458 613 1
510 142 0
383 192 0
731 511 1
128 721 1
86 879 0
98 239 1

918 228 21
51 689 10
225 147 23
91 9 16
775 744 10
840 476 21
278 604 20
698 691 24
177 141 13
465 59 18
36 118 9
728 169 23
11 747 22
259 838 7
650 966 26
234 806 2
680 84 9
200 134 2
247 664 18
885 481 4
104 517 25
861 597 19
307 608 18
604 220 7
559 870 23
611 456 6
138 489 18
270 689 4
445 289 20
113 174 26
39 491 18
758 150 4
225 755 24
882 314 21
505 925 5
934 64 19
857 484 24
225 597 26
75 790 6
146 181 23
462 292 23
588 751 20
660 256 20
188 190 11
557 695 25
967 552 9
541 204 26
45 350 7
41 165 24
540 256 18
441 845 19
207 397 18
116 306 15
416 273 17
200 588 21
582 481 26
106 527 3
163 920 18
513 460 25
731 254 22
349 615 4
574 822 26
342 291 7
805 707 5
666 300 6
717 815 2
286 328 14
759 412 20
781 761 13
308 687 10
584 382 3
166 187 13
21 360 23
817 677 17
899 764 9
976 50 13
9 942 13
120 602 2
406 538 9
982 704 24
970 78 11
866 895 15
956 990 12
698 242 26
256 218 4
494 84 17
144 94 12
907 566 14
357 972 5
542 955 11
266 925 14
702 144 10
815 100 2
975 151 19
251 759 15
578 253 24
