996 974 1
830 861 1
289 637 0
837 838 1
864 842 2
937 802 2
867 163 1
7 445 0
52 670 2

333 937 2
106 285 0
877 116 1
187 405 1
630 595 1
627 459 0
908 748 1
513 616 0
927 975 1

508 380 5
276 713 20
476 697 23
924 236 6
361 867 26
989 846 12
107 754 13
380 268 4
168 547 6
401 55 11
656 683 24
849 572 21
680 48 20
682 686 25
444 135 3
655 515 21
834 35 20
340 436 26
875 444 11
893 326 9
361 304 7
418 339 20
693 672 22
463 468 7
339 475 24
835 309 9
878 2 22
329 877 17
464 351 13
630 310 20
532 422 9
678 237 4
458 115 16
640 993 18
963 675 22
378 491 26
791 14 23
530 996 8
925 59 14
12 943 11
771 621 25
701 390 20
418 382 15
784 345 15
380 75 6
679 218 22
133 26 7
420 390 25
481 161 22
131 159 6
709 213 21
402 631 5
441 767 3
154 147 3
711 178 22
633 105 22
882 11 15
156 845 26
403 976 11
582 686 26
503 440 7
158 881 24
236 451 2
278 989 26
52 871 14
728 716 26
777 219 18
809 730 25
256 889 15
555 125 16
33 8 2
142 43 15
31 258 19
