863 71 0
573 402 1
499 677 2
132 927 2

295 962 2
104 439 2
453 17 2
335 822 0

949 306 2
696 761 10
213 976 6
948 902 10
522 753 14
10 886 19
66 181 8
778 637 22
777 80 18
877 776 6
435 989 10
416 289 12
152 812 15
564 174 26
256 592 10
263 722 22
708 807 15
523 497 21
807 275 26
750 504 2
807 292 18
840 708 9
775 212 23
815 777 23
742 33 17
850 648 15
595 709 24
136 232 21
854 142 3
381 949 20
249 789 5
406 916 18
80 731 22
576 473 7
16 675 6
531 271 15
853 759 24
673 214 15
70 801 6
665 402 20
189 240 20
834 816 20
864 185 21
255 595 19
971 66 14
476 489 15
931 154 17
526 827 2
38 16 18
633 850 11
701 715 23
797 610 17
516 246 14
642 853 11
446 301 16
711 584 21
378 110 25
206 148 17
274 781 17
510 835 9
932 984 22
774 501 18
538 495 21
897 182 21
237 692 8
