439 721 0
942 709 1
651 631 1
32 563 2
307 901 1
561 848 0
710 874 0

625 628 0
187 691 2
286 736 0
173 527 1
606 822 1
111 473 2
705 505 1

350 726 18
479 413 23
53 952 17
765 238 5
0 764 7
660 370 4
241 122 2
410 473 3
426 466 16
669 297 6
893 350 8
808 467 24
45 479 8
750 157 16
927 187 5
514 190 2
440 969 21
506 638 18
337 531 21
769 691 13
791 206 8
929 252 12
85 354 21
426 633 8
954 948 14
957 462 6
432 255 25
78 761 14
670 99 22
316 220 16
77 363 22
10 292 26
71 729 5
640 155 16
749 462 14
638 419 26
717 203 8
118 282 20
157 304 21
727 620 18
693 49 6
514 60 25
290 483 4
833 224 23
897 862 19
423 932 23
205 50 7
100 207 11
94 286 8
660 980 9
941 846 21
514 136 4
168 205 5
977 390 4
643 63 26
241 268 26
121 368 10
813 826 26
723 119 22
145 153 16
425 482 9
929 83 23
296 79 13
947 320 8
296 442 3
204 451 17
399 617 20
925 340 14
298 384 24
455 881 2
521 306 12
330 588 20
427 884 24
290 832 22
422 480 16
273 37 17
449 11 11
748 818 17
201 340 26
506 449 25
604 92 9
290 139 4
657 782 17
642 269 7
27 466 14
571 155 2
760 662 3
