654 662 2
69 255 1
397 243 1
740 570 2
959 733 1

333 598 1
323 579 0
25 177 0
74 173 0
515 927 1

134 581 22
924 2 4
252 751 22
510 491 17
156 803 25
702 136 24
858 459 3
698 836 7
980 911 6
557 778 10
942 913 18
989 189 22
291 793 24
837 303 17
952 459 20
153 513 8
978 422 6
886 402 19
615 312 23
623 606 13
564 595 2
211 886 22
258 75 2
149 380 13
842 533 26
24 485 24
17 815 21
198 701 26
514 291 21
679 419 6
149 29 7
274 178 12
210 373 22
11 749 7
183 766 24
130 316 3
831 959 21
196 825 15
167 827 24
733 506 20
537 655 25
29 491 5
174 502 4
156 38 22
954 168 14
157 351 25
676 547 26
191 66 5
914 799 12
407 688 19
282 458 26
688 487 17
466 14 22
994 170 10
639 476 5
953 633 6
227 662 5
678 853 23
956 119 24
886 161 20
960 849 10
877 316 26
107 653 25
437 607 8
698 864 26
344 820 20
141 914 24
