113 286 0
833 837 1
31 677 2
361 862 0
138 620 0

984 466 1
826 216 0
300 273 2
921 465 2
809 732 0

733 197 2
395 30 15
99 414 17
504 127 7
742 266 2
524 602 19
429 780 12
732 80 10
164 353 2
131 514 11
846 642 16
184 93 5
552 598 7
984 216 2
653 997 7
538 81 14
48 245 19
375 729 9
434 75 8
691 921 26
330 458 19
383 362 19
714 480 4
466 486 26
999 376 10
611 425 5
929 800 9
544 278 8
970 960 18
490 695 5
607 610 26
769 676 6
146 143 19
873 142 21
681 753 23
86 34 23
869 499 12
78 44 15
561 366 2
502 856 22
157 464 10
956 233 11
588 731 4
705 956 21
199 989 2
470 76 11
894 297 13
904 375 9
545 289 25
145 143 7
793 301 21
51 257 6
985 197 14
282 454 10
607 277 13
319 523 10
530 779 13
462 174 20
292 967 21
938 18 6
817 355 5
132 418 10
403 53 15
663 12 19
633 565 23
994 54 2
236 748 13
292 917 20
546 49 14
54 452 19
369 468 8
