920 404 2
21 991 1
893 410 0
660 836 1
731 662 1
230 315 1
10 128 2
633 93 2

822 855 2
912 292 1
714 564 0
335 585 0
666 831 0
937 491 0
864 575 0
756 157 1

872 167 23
236 153 18
499 975 23
130 239 17
621 953 7
107 306 25
107 595 17
944 812 19
147 568 26
311 29 23
754 880 25
700 11 14
643 632 17
798 501 7
890 960 13
814 67 11
581 363 23
275 510 18
774 527 11
964 944 25
814 997 11
552 640 20
594 790 23
925 680 8
913 846 3
497 779 16
893 54 4
210 828 8
671 973 24
514 289 20
237 103 17
323 655 9
41 250 24
613 527 7
496 792 5
799 290 10
114 535 16
298 987 9
842 224 12
734 899 20
267 940 22
941 905 24
296 754 16
202 553 8
535 19 21
626 14 18
546 66 16
439 716 3
973 910 4
259 645 3
