146 469 0
930 658 2
722 841 0
780 896 2

869 85 0
357 135 2
925 124 1
938 366 2

73 421 2
831 256 19
224 754 15
310 36 26
597 758 17
292 891 15
838 760 25
3 469 12
823 394 11
724 684 5
211 109 3
587 940 9
106 165 15
447 827 26
446 424 9
638 716 2
900 909 9
552 372 24
828 311 15
712 770 7
350 217 9
24 15 10
808 653 3
484 731 9
271 983 20
880 896 5
884 945 16
572 497 14
369 325 2
107 37 22
362 387 16
796 763 6
654 571 11
580 407 18
412 31 26
858 911 22
36 795 19
728 719 16
792 89 18
167 548 7
665 263 21
379 411 9
461 66 6
195 998 13
661 763 19
111 621 8
808 9 5
803 737 25
942 529 16
111 697 16
316 362 4
261 93 18
968 554 9
599 750 9
638 763 22
707 226 20
688 387 5
817 190 17
17 132 22
306 243 21
495 912 10
300 173 3
516 493 10
134 83 25
530 142 2
898 183 14
628 352 4
744 369 13
741 27 9
787 522 21
195 174 19
48 42 14
808 544 9
318 679 19
592 561 14
92 811 22
331 440 24
408 536 20
478 416 21
547 963 21
141 11 15
229 820 10
433 82 2
895 526 15
892 857 5
241 617 18
959 939 22
704 417 13
323 965 26
469 106 15
10 687 12
95 153 2
859 586 12
