333 311 2
284 133 0
583 792 2
266 829 1
913 337 1
730 958 0
0 637 1

867 66 1
501 850 1
678 930 1
933 264 0
12 900 2
697 484 1
775 102 1

766 15 2
515 746 13
763 170 21
343 781 17
473 146 18
440 195 2
847 970 4
65 603 19
301 701 17
527 87 11
170 850 7
16 375 7
833 544 12
774 337 7
551 536 5
430 324 20
325 390 24
317 691 25
760 570 12
153 461 17
284 254 13
196 440 9
958 566 21
915 118 8
843 548 9
212 225 24
536 543 18
561 655 15
635 680 22
325 964 26
438 512 16
442 737 3
325 581 3
885 145 4
482 681 24
123 242 6
165 580 5
242 370 17
758 818 16
841 613 4
394 290 10
848 175 7
527 10 13
330 524 24
85 220 3
225 737 8
85 283 12
612 678 3
72 526 5
677 53 15
547 484 25
448 498 10
781 179 18
133 475 8
143 877 22
