942 380 0
953 335 1
3 857 2
608 597 0
878 317 0
917 772 2
970 107 2
815 782 1
88 424 1

221 635 1
195 929 0
778 235 1
306 238 0
48 198 2
816 76 1
832 346 1
109 316 0
616 484 1

210 572 10
749 130 2
252 179 25
196 256 2
356 819 2
291 666 23
862 115 14
363 546 13
355 383 22
307 987 26
957 510 16
276 59 24
726 415 18
101 706 11
692 566 23
390 922 8
787 581 20
227 167 15
700 893 7
343 347 15
653 321 11
400 386 11
19 78 4
267 820 3
898 960 10
350 551 22
890 603 17
497 381 21
67 781 7
428 153 12
356 772 10
909 23 20
70 594 21
615 836 24
406 33 23
895 595 26
706 444 7
676 864 16
383 292 19
521 0 16
479 910 16
749 954 10
342 25 4
487 992 15
586 750 25
984 646 23
334 352 17
297 637 26
439 468 11
603 217 16
12 559 18
366 398 10
557 985 13
780 969 9
951 655 13
398 0 12
522 298 26
647 89 19
681 692 13
22 704 24
388 71 23
99 980 10
560 760 6
19 64 12
78 733 9
387 903 23
856 936 16
542 959 22
140 699 20
488 150 25
475 433 4
785 616 12
519 694 22
286 524 8
