609 240 2
335 15 1
780 29 0
407 707 2
825 580 0

945 938 2
810 818 1
921 540 0
262 73 2
453 355 2

677 964 19
988 651 11
531 783 15
444 543 22
615 368 4
124 665 20
435 828 13
358 101 4
933 168 9
312 197 26
565 68 13
580 865 6
951 480 26
605 605 19
198 40 22
962 398 23
266 198 13
643 483 9
728 795 6
777 726 21
829 291 14
665 871 4
44 174 10
144 780 17
261 330 9
558 644 10
604 910 8
365 906 16
999 634 11
479 763 12
848 944 5
637 610 3
427 502 10
167 115 17
651 673 12
534 629 24
615 347 5
531 346 16
242 177 4
327 377 24
407 15 11
359 659 19
837 86 22
95 605 14
35 256 13
620 143 17
820 110 16
573 642 13
665 884 15
519 564 18
318 971 10
727 682 19
495 519 7
117 614 12
854 2 20
617 974 13
10 794 24
749 368 18
835 385 4
451 904 20
444 223 19
804 950 26
471 797 21
638 121 14
956 738 14
770 748 8
694 850 3
612 685 13
414 488 18
133 284 18
527 88 20
251 911 18
