920 815 0
863 855 0
344 402 0
319 43 2
824 138 0
706 558 0
145 506 2
590 845 2

875 3 1
706 948 0
577 868 1
138 83 0
701 427 1
948 98 2
282 923 2
263 629 1

991 364 14
591 591 17
597 650 17
885 227 10
340 717 21
67 719 22
527 1 22
477 264 26
986 543 2
352 534 18
564 477 12
779 75 12
646 312 16
30 653 9
849 656 5
447 723 26
144 251 2
764 80 18
184 983 25
219 115 2
168 143 19
502 344 2
607 144 3
431 288 4
608 405 11
50 770 3
386 863 22
609 399 7
957 618 22
84 874 11
523 42 4
968 897 26
68 504 20
244 288 8
23 896 15
883 946 13
161 685 26
506 294 2
538 603 20
686 687 21
595 562 15
999 530 12
641 547 7
175 923 3
113 806 2
174 967 12
450 825 6
125 363 11
770 401 25
289 996 12
203 996 20
13 744 23
680 738 20
987 913 18
989 553 20
176 3 22
657 129 13
741 899 14
864 541 11
901 744 9
821 757 3
44 790 18
463 777 6
156 968 10
8 309 13
174 142 24
885 235 26
997 451 17
458 705 11
469 923 12
760 738 15
