811 507 2
481 856 2
216 56 1
97 330 2
812 518 2
192 196 0
191 711 1
432 702 1

810 206 1
690 288 2
587 451 1
542 284 0
967 500 0
689 949 0
315 761 2
847 305 1

155 849 22
546 633 24
706 485 20
119 73 23
40 967 7
169 287 10
355 976 9
222 291 23
542 998 6
187 544 17
886 91 10
791 797 21
336 917 21
332 309 13
746 186 2
728 721 11
582 615 9
988 155 4
28 393 22
185 873 14
579 206 25
940 171 6
941 269 17
946 112 18
703 452 25
357 481 19
455 345 4
350 530 2
514 109 10
987 401 6
644 342 25
134 260 2
737 95 7
413 393 21
57 448 23
855 806 4
47 613 26
424 963 8
27 477 19
187 816 21
519 460 15
767 947 26
749 802 16
793 859 14
619 762 10
