848 373 1
288 380 1
363 139 2
157 163 2
716 924 1
384 541 0
384 510 1
410 76 0
104 329 2

947 214 1
551 415 2
797 703 0
205 419 2
930 576 2
362 644 0
600 29 0
272 413 0
985 824 1

23 280 11
294 227 26
107 778 16
645 927 21
915 132 15
249 776 13
451 377 19
841 649 10
94 987 11
774 362 16
784 8 20
397 379 11
511 704 26
905 305 2
943 756 4
11 950 6
494 306 17
360 369 22
637 767 2
46 630 8
870 887 15
471 830 24
800 193 24
131 389 20
449 594 17
481 440 26
522 154 17
30 866 14
2 503 6
354 902 11
762 772 23
476 595 5
650 748 24
422 879 13
942 681 10
984 514 25
333 36 5
701 418 21
438 773 2
942 127 4
76 242 3
449 718 26
652 720 24
49 142 5
478 455 10
75 187 12
27 263 4
479 716 19
251 118 13
255 658 24
291 283 20
842 81 26
