502 395 0
107 110 2
779 670 2
289 903 1
339 376 1

866 784 1
861 962 0
619 131 2
79 638 2
917 84 1

851 586 24
29 45 9
125 466 10
803 805 11
341 23 20
43 884 10
891 855 18
160 935 8
59 204 19
714 55 7
411 84 2
571 329 4
401 454 20
134 609 2
595 303 25
841 346 10
401 238 15
92 750 2
298 639 25
751 562 4
28 963 10
123 449 20
23 397 23
946 238 21
72 208 24
579 451 25
138 853 4
465 233 19
951 356 19
694 731 18
92 29 6
188 136 22
171 258 5
608 682 13
855 261 17
444 540 26
121 358 9
114 309 17
908 355 25
99 799 4
300 510 25
218 973 19
733 303 23
228 221 24
987 687 8
454 947 15
652 398 14
232 278 26
947 930 12
273 85 7
929 304 6
198 389 11
222 444 11
434 24 10
708 12 24
939 818 22
42 2 8
277 275 21
335 556 2
366 107 16
700 329 12
487 115 12
495 823 26
542 114 21
889 343 19
635 309 24
659 351 4
965 981 6
461 34 22
251 734 3
188 573 20
150 420 18
476 315 9
621 204 2
588 839 13
963 850 16
692 168 24
48 229 17
961 691 26
333 294 13
386 482 11
554 985 9
