439 714 1
868 453 0
921 204 1
687 34 0
216 898 0
660 352 0
14 120 2
354 177 0
753 99 2

48 701 1
785 140 2
384 361 0
413 634 0
831 321 2
846 889 1
290 901 0
634 915 2
53 270 0

575 375 13
578 423 14
628 560 6
392 296 19
609 709 4
30 892 2
838 90 17
895 381 18
539 772 8
599 348 8
110 926 8
730 299 14
148 909 25
552 291 19
277 129 10
892 377 18
761 34 10
545 574 9
951 525 7
84 987 11
992 661 18
108 391 17
697 443 20
222 965 26
115 726 13
23 623 12
408 926 12
365 814 5
583 38 24
709 735 19
127 150 15
303 840 11
614 215 10
851 623 11
613 764 24
362 915 3
124 281 20
