613 931 0
733 765 1
876 959 2
737 590 1
418 857 2
689 862 1

725 500 1
676 465 1
327 710 0
744 229 0
522 842 2
78 928 2

591 804 6
864 893 21
746 312 6
905 353 20
471 78 22
309 106 13
274 786 25
294 530 4
464 53 24
917 483 2
136 74 8
665 290 26
137 36 15
818 294 19
361 765 24
756 426 6
969 52 17
892 346 22
397 162 2
744 80 10
371 568 11
802 585 2
478 74 15
467 892 9
161 605 26
933 714 4
164 683 7
377 325 18
329 421 23
413 792 18
274 946 3
426 424 3
615 243 20
449 404 3
401 690 17
130 854 25
560 36 5
980 94 3
994 134 16
222 560 18
173 527 11
369 329 16
170 82 8
685 212 14
235 125 25
869 146 12
166 843 7
481 417 20
924 591 22
258 312 3
349 482 12
130 519 25
118 106 25
634 42 12
221 488 11
248 487 23
761 22 3
815 371 12
950 854 8
650 324 15
114 803 4
899 24 19
885 692 26
665 681 4
854 794 26
708 961 24
43 264 3
267 390 22
752 856 25
632 108 2
351 993 21
725 412 13
291 77 21
268 931 17
619 639 4
693 35 18
270 989 7
522 256 24
