849 826 2
644 334 2
513 376 0
430 627 1

476 754 2
612 471 2
158 749 0
51 259 2

922 961 23
856 272 2
994 121 5
807 766 14
836 279 15
378 709 19
382 537 23
227 149 21
495 659 22
15 711 9
75 985 20
724 193 17
999 539 13
452 346 6
591 534 10
754 912 22
248 647 9
496 226 11
567 721 22
388 736 8
565 536 13
582 887 2
368 691 23
160 388 22
540 484 20
176 51 18
830 963 19
173 528 7
710 110 19
137 831 10
911 808 17
218 968 5
657 266 2
102 442 3
269 913 22
172 95 10
591 269 16
740 468 9
995 36 14
186 46 5
213 148 24
291 417 14
161 941 10
995 532 6
61 430 12
237 170 5
245 795 10
548 934 23
762 472 19
242 685 18
164 977 12
704 490 4
339 837 13
243 898 19
478 136 16
968 145 3
1 46 13
423 808 10
890 51 23
858 567 2
244 271 17
923 962 5
134 205 3
128 35 14
293 921 22
957 889 20
208 891 16
405 908 2
126 363 18
346 772 13
598 901 26
337 546 22
810 503 13
428 711 4
92 458 22
916 863 6
144 964 25
5 435 24
386 782 23
973 732 24
299 69 22
194 879 2
330 307 16
710 751 24
107 20 12
61 164 3
