969 27 0
97 186 0
814 708 2
532 166 2
612 121 0
232 280 1
771 383 2

968 972 2
161 919 2
942 840 1
649 809 2
973 259 0
164 425 1
510 957 1

887 569 21
114 277 12
204 597 11
152 110 6
399 405 23
409 54 8
94 380 19
317 544 19
249 54 4
700 294 23
271 125 4
358 795 6
269 947 17
748 698 24
420 107 3
253 553 8
345 223 5
214 824 11
41 524 7
790 796 7
692 919 21
224 629 16
706 898 16
298 999 14
295 419 24
346 672 4
130 369 2
810 583 2
896 625 3
277 415 24
879 36 26
609 392 26
499 687 22
496 385 21
398 867 15
876 29 25
4 203 19
979 337 6
872 568 17
99 339 11
576 300 3
947 647 4
218 398 22
858 626 26
81 804 2
380 12 15
547 463 6
808 39 9
109 91 10
879 608 10
403 533 25
210 135 15
355 867 2
421 767 17
177 575 6
