125 177 1
365 5 1
666 658 2
244 377 0
952 463 2
567 417 1

200 669 2
693 946 2
743 861 2
500 862 2
943 339 0
130 56 2

285 722 24
816 318 26
129 270 17
163 837 9
74 390 5
915 83 3
623 178 17
509 678 4
988 974 18
645 104 26
307 389 23
979 558 19
381 687 14
598 203 4
880 277 19
536 545 4
952 29 13
629 18 12
997 15 16
421 322 8
920 653 16
89 386 5
176 984 8
805 217 11
824 753 6
279 242 24
912 195 3
223 176 23
861 526 13
250 299 12
733 571 18
774 660 6
503 189 18
434 994 10
643 171 15
749 450 7
23 362 4
327 937 8
648 798 9
347 134 7
470 764 8
561 198 5
221 194 26
