97 178 1
846 341 1
813 834 1
638 642 1

157 41 2
699 132 1
528 512 1
984 232 0

25 402 11
359 432 3
415 881 6
253 79 24
173 244 11
95 883 5
669 392 21
762 91 4
751 972 16
260 308 25
743 685 3
730 397 12
983 812 18
414 65 24
187 590 19
146 685 2
99 354 21
94 469 14
573 220 11
564 833 22
787 928 7
765 10 6
175 993 18
818 408 11
541 947 26
508 445 12
710 896 18
304 342 12
341 915 8
703 479 18
373 619 21
80 384 7
185 912 2
453 82 12
139 623 11
416 483 6
26 545 3
694 201 20
480 895 11
838 598 17
29 323 13
500 755 23
982 292 12
458 98 19
45 237 20
559 31 26
435 726 2
6 558 24
140 396 24
457 425 24
394 277 5
67 260 24
652 718 24
671 763 14
314 343 19
