563 677 2
818 965 0
742 845 0
468 61 1
822 239 2

703 788 0
391 596 2
579 214 2
209 0 2
719 910 1

428 825 3
817 737 18
639 557 6
238 379 21
52 434 11
24 177 10
227 756 24
698 317 25
133 37 12
657 465 14
210 328 9
81 497 23
149 136 7
278 374 13
647 427 23
509 803 25
967 30 9
991 80 26
16 213 15
951 222 6
63 785 11
522 866 9
70 367 20
175 645 22
12 645 26
635 154 4
83 473 11
992 816 16
219 833 7
482 784 4
973 74 9
232 145 26
627 320 22
397 332 17
298 967 23
2 403 23
903 966 22
283 801 9
237 716 9
977 41 8
934 273 5
611 901 26
548 949 5
669 951 8
967 40 5
677 578 2
409 167 20
693 496 12
51 783 12
555 394 15
731 975 16
239 875 17
67 896 20
650 863 12
981 944 7
278 621 10
80 382 5
