957 339 1
52 226 0
179 813 2
259 644 0
52 11 2
180 457 2
825 9 1
100 832 2

492 751 2
629 103 0
349 412 1
434 465 1
770 996 0
908 608 0
9 12 2
596 544 0

675 721 12
962 822 20
125 666 23
62 647 26
389 996 16
759 430 8
4 552 4
414 813 14
820 822 26
238 771 21
348 760 16
768 237 7
566 40 25
605 799 8
461 155 12
665 921 25
654 980 23
23 444 21
466 144 6
730 912 20
661 204 19
238 122 11
164 727 10
872 540 18
132 205 14
558 35 8
806 690 13
177 65 10
698 531 4
627 614 19
145 627 25
314 217 22
523 381 26
883 253 16
399 738 23
189 296 11
720 454 26
584 983 16
892 681 25
696 660 16
765 805 18
785 346 19
259 229 22
625 981 12
197 522 8
508 242 14
157 178 22
223 70 3
173 119 13
737 236 20
689 412 14
183 24 21
578 649 2
416 198 26
549 706 20
137 215 24
663 964 15
926 54 4
238 375 18
476 558 19
295 489 21
447 905 21
741 943 20
188 3 11
398 944 7
975 939 16
179 530 19
148 6 2
