107 999 1
234 132 2
4 457 1
34 67 1
785 753 0
822 984 1
307 399 0
541 991 1
80 24 1

206 760 2
193 219 1
515 454 2
234 458 1
969 844 2
366 630 2
714 804 0
917 463 2
524 4 1

606 643 17
845 189 11
435 704 17
157 290 25
689 611 22
639 978 2
343 44 8
31 962 21
118 838 25
549 377 14
652 336 10
219 533 24
5 969 5
296 519 7
191 511 12
68 854 6
749 237 18
893 355 7
394 256 11
683 260 22
616 479 6
90 485 2
89 379 4
521 571 15
931 639 21
385 741 8
745 416 7
418 384 14
624 475 26
799 95 9
156 536 13
421 988 26
15 726 17
846 232 5
385 993 13
532 90 6
587 860 15
198 635 15
357 792 3
544 177 11
653 599 26
402 966 4
425 902 6
986 434 24
315 21 11
380 848 21
613 756 2
489 652 5
775 305 6
754 656 14
691 81 16
620 67 2
344 734 26
350 92 24
406 705 7
959 194 9
337 970 17
666 372 2
313 126 8
478 817 15
544 790 9
919 767 15
993 117 7
817 876 14
398 835 8
982 524 5
872 542 4
822 207 8
781 685 25
821 230 17
280 627 4
826 898 21
839 891 16
296 708 17
197 665 22
600 840 4
481 973 17
531 794 22
372 426 26
51 253 24
61 741 25
853 199 11
832 366 4
335 564 21
380 164 11
985 997 9
275 880 5
