707 187 0
659 385 1
974 568 1
641 780 0
76 543 2
80 331 1
231 879 2
402 580 0
334 215 2

543 993 2
838 700 2
269 711 0
856 685 1
602 679 1
520 107 2
614 187 1
316 771 0
866 173 1

764 755 7
846 945 9
114 214 20
768 71 8
342 25 14
299 159 13
584 827 9
748 45 9
493 323 20
805 440 25
462 638 21
187 264 5
783 915 16
271 499 20
178 248 16
962 93 14
606 251 6
356 713 19
700 885 24
611 477 22
944 175 12
558 497 21
325 121 23
918 299 23
909 262 18
224 220 19
868 592 22
590 536 24
527 191 13
81 102 12
903 427 8
224 345 8
497 607 22
863 831 19
481 809 22
164 532 26
84 752 20
53 222 25
339 303 2
474 206 4
731 430 2
639 279 9
161 143 17
