863 676 2
788 532 2
480 252 1
959 711 2
958 307 0
181 739 1
563 299 2

150 407 1
58 916 0
426 735 0
486 951 0
584 91 1
687 571 2
804 530 0

234 841 4
351 439 26
804 849 17
184 627 5
454 113 8
399 50 24
663 893 3
456 479 21
260 612 20
155 553 11
349 256 25
115 597 4
720 51 20
276 803 20
276 32 9
948 503 11
263 270 4
573 619 10
975 36 21
596 385 25
41 13 9
575 860 4
3 161 9
263 756 24
486 371 21
649 322 11
95 297 25
491 850 9
587 798 21
837 839 10
120 767 20
97 770 8
282 385 14
229 224 13
151 839 9
691 840 6
153 288 6
651 779 6
258 366 7
954 556 21
312 676 15
883 125 13
614 407 23
17 140 16
876 831 6
58 336 19
537 987 26
866 597 19
346 552 25
18 216 26
456 99 4
17 66 11
316 872 2
190 889 17
904 765 26
459 823 14
653 360 2
627 579 26
320 277 5
568 647 22
