548 999 2
227 389 2
218 905 1
513 1 2
489 448 0
484 735 1
820 650 1
514 926 0
562 676 0

267 529 0
616 77 0
341 656 0
402 874 1
315 387 2
154 228 2
842 65 2
585 237 0
337 751 1

728 901 9
886 594 15
786 996 15
592 311 4
103 817 10
710 659 2
757 244 14
102 933 15
77 541 8
376 462 15
557 542 16
814 780 12
728 919 8
868 511 19
747 966 11
207 28 22
732 785 16
494 239 25
360 316 18
706 602 26
71 768 6
733 848 25
40 716 13
9 816 4
796 23 8
241 756 20
931 602 10
906 962 26
422 205 23
104 912 2
684 68 19
746 470 6
851 266 4
632 507 12
550 790 15
60 48 2
887 822 10
758 926 22
584 606 7
178 291 25
972 251 11
835 997 8
514 848 24
217 832 8
27 735 26
792 795 24
453 793 23
830 907 23
430 231 24
