118 742 1
832 13 0
552 153 0
931 994 2

3 355 2
704 331 1
871 590 1
611 965 0

702 479 5
118 85 15
588 270 3
788 822 8
561 754 5
664 757 10
452 813 16
382 684 8
32 295 24
862 350 5
965 909 23
161 379 10
100 967 5
51 108 5
663 37 16
821 490 7
662 224 16
446 608 14
195 470 14
423 436 25
971 597 6
957 49 23
860 101 8
122 976 17
64 149 9
819 811 11
610 609 19
49 156 15
536 903 25
317 860 25
714 73 3
570 11 16
800 486 17
716 550 16
473 721 4
807 331 16
750 733 22
515 571 2
716 460 8
514 777 18
714 843 16
15 414 5
629 566 16
571 282 18
662 108 14
565 267 20
429 369 3
801 884 2
754 600 12
610 467 14
326 181 8
468 197 24
973 178 15
964 102 25
505 764 8
767 681 25
712 462 22
391 264 6
641 18 7
