222 21 0
614 853 2
113 621 2
863 858 1
185 787 2

936 927 1
144 874 1
319 677 0
156 111 1
73 553 0

874 127 14
635 93 17
791 422 25
306 959 12
779 895 14
4 391 14
376 710 16
779 219 4
115 292 7
681 518 12
620 153 5
412 595 14
825 738 13
801 44 22
211 176 18
901 532 9
465 908 22
706 39 16
58 155 10
316 836 3
53 456 8
531 220 6
921 45 19
732 198 16
503 762 17
521 663 24
930 480 9
741 948 6
929 669 25
936 553 20
242 474 17
934 558 16
375 61 3
640 934 18
789 865 25
199 267 15
296 361 13
900 437 5
692 719 26
292 7 4
112 249 5
329 183 14
393 911 25
571 903 12
764 693 2
789 244 19
352 540 5
696 484 14
845 128 21
