821 496 1
857 600 0
66 811 2
901 732 1
598 769 0
631 938 0
498 673 1
815 908 0

301 993 0
607 355 0
376 529 0
107 386 1
358 452 2
32 706 2
285 304 1
294 935 0

646 434 6
507 601 16
185 902 9
465 510 17
770 238 23
571 697 9
889 440 19
186 725 23
603 19 11
311 17 20
341 876 23
630 61 2
265 527 14
478 221 2
87 546 10
148 787 25
916 973 2
698 240 18
941 564 8
942 181 10
804 140 10
257 618 8
408 57 6
966 205 18
743 165 23
190 215 13
359 59 22
52 0 13
158 942 19
144 99 11
779 356 4
741 82 20
282 398 19
149 142 11
945 684 26
982 43 12
190 958 7
609 102 8
168 881 15
697 868 6
283 609 14
426 243 12
395 393 6
231 24 13
991 328 11
104 870 19
160 479 23
666 647 6
861 979 10
383 153 25
690 35 16
681 266 17
67 257 21
253 362 18
45 874 23
770 774 19
129 910 8
33 645 14
681 335 24
372 368 17
750 87 14
946 853 8
388 674 20
513 804 5
45 189 25
82 222 13
506 595 6
196 35 19
495 871 9
