715 308 1
651 85 0
563 794 1
894 696 1
157 377 0
252 502 2
413 724 0

57 22 0
996 465 0
503 803 0
842 518 1
307 522 0
894 437 2
265 331 1

272 840 13
783 444 17
304 209 16
954 267 16
377 263 6
980 767 9
726 961 5
780 268 4
271 163 16
242 52 14
305 835 8
176 175 25
657 508 19
942 234 5
745 367 25
774 990 13
888 899 19
685 494 21
322 799 9
755 22 26
397 886 24
307 414 24
480 71 9
772 13 21
377 110 13
250 236 5
456 161 26
677 835 25
734 590 24
635 340 10
982 647 24
239 603 13
208 980 26
896 582 12
575 221 14
505 29 25
929 59 11
102 429 18
