215 910 2
420 372 0
275 691 2
376 262 0
919 667 2

837 39 2
496 444 0
327 784 0
157 174 0
545 844 1

50 412 26
888 832 23
841 459 17
403 835 4
624 106 22
944 944 11
54 792 7
413 119 16
786 277 18
692 174 12
781 224 26
133 112 8
504 306 17
919 61 4
294 629 7
30 36 24
211 801 20
527 587 22
370 631 21
706 765 23
805 898 12
89 754 18
409 975 17
445 269 23
777 651 9
901 862 13
144 742 25
665 112 9
711 170 24
982 976 24
718 417 3
111 248 4
566 9 6
706 806 25
827 935 4
648 981 10
780 357 18
779 340 21
676 410 15
680 521 16
357 439 2
362 145 9
987 325 19
264 14 6
756 14 12
341 912 10
687 45 17
556 176 9
752 205 21
366 885 18
580 242 7
155 956 5
889 296 7
