337 127 0
432 11 0
195 328 2
553 455 0
659 167 2
840 90 2
3 951 1

689 683 2
716 771 2
626 602 2
93 291 1
552 723 2
642 918 1
35 824 0

702 483 13
454 675 4
32 679 7
616 720 15
659 436 11
611 62 15
404 507 8
677 60 8
313 702 2
277 89 26
283 597 12
312 981 18
293 949 15
308 608 26
95 219 15
483 975 22
515 5 9
621 318 13
998 596 2
236 928 19
339 238 26
802 546 9
53 641 5
366 477 6
538 992 13
123 965 8
761 316 6
489 867 26
179 51 23
979 742 13
729 544 9
86 949 26
367 667 3
884 681 14
815 442 7
571 643 5
376 822 9
774 801 26
410 530 23
593 969 22
769 336 17
70 959 25
67 195 6
29 10 25
660 409 9
510 981 2
815 357 24
172 484 25
272 894 8
620 487 2
565 608 15
53 745 21
609 127 6
242 1 24
167 816 8
266 989 17
814 613 12
597 233 26
753 250 7
452 769 23
508 35 14
49 201 2
836 799 10
462 148 13
611 126 9
112 648 17
93 753 17
