398 626 1
360 627 2
257 206 2
541 976 1
358 535 0
427 133 1

916 410 1
309 740 2
947 939 2
143 590 2
294 340 0
487 53 1

876 203 9
693 962 12
320 271 4
467 570 20
591 713 13
356 359 3
99 198 6
821 872 19
101 748 24
358 93 15
150 409 9
428 454 21
115 774 17
543 241 14
261 833 3
274 541 12
276 992 13
682 813 10
751 266 8
914 127 12
692 671 18
509 566 10
897 179 20
998 454 11
810 82 3
821 764 18
704 868 9
688 244 11
764 510 14
602 9 21
894 701 19
620 108 17
465 458 21
499 620 3
420 498 14
230 538 10
664 655 21
578 609 5
892 167 19
303 140 4
893 605 12
415 686 2
9 107 2
472 689 16
530 705 21
451 284 5
381 684 10
13 928 4
510 124 25
622 413 7
355 180 20
