426 663 0
986 178 0
702 65 0
956 637 2
46 870 1

485 57 2
370 70 1
849 980 0
155 231 2
992 177 0

678 603 13
79 590 18
739 292 8
637 600 20
569 835 2
782 205 22
221 406 4
887 561 13
775 553 15
125 583 19
138 662 11
329 753 5
938 390 7
183 562 5
299 131 15
825 265 22
772 839 4
52 726 17
563 501 23
251 626 8
895 116 23
481 798 26
359 736 17
541 271 6
721 923 14
957 872 20
936 924 21
476 839 25
274 91 3
656 338 20
201 531 6
93 73 2
547 794 25
836 883 25
391 840 25
784 128 26
256 956 16
581 231 9
532 239 22
952 291 17
170 844 26
124 290 24
702 189 20
202 26 3
803 769 20
628 905 25
377 161 7
350 979 6
73 931 24
615 102 18
689 578 8
834 483 26
362 638 20
731 266 25
88 314 8
828 16 12
807 89 21
248 746 3
356 935 11
654 769 21
330 131 9
775 214 25
126 498 20
638 586 9
596 767 3
534 574 19
755 356 26
78 956 23
331 312 10
865 319 6
234 1 14
241 777 6
514 903 4
135 893 17
717 841 9
20 727 11
413 482 17
214 912 23
410 244 12
245 109 8
201 344 10
289 937 14
943 452 17
447 587 12
889 656 3
531 442 15
