391 766 2
413 126 2
813 613 2
986 17 1
370 936 2
724 314 1

436 485 0
253 425 0
810 225 2
133 90 1
425 834 1
580 247 1

540 412 10
321 399 4
609 769 17
325 282 18
254 887 19
439 697 19
95 183 9
469 960 20
313 540 20
218 754 6
170 363 2
317 440 7
709 694 19
526 486 19
920 581 2
404 403 12
723 716 5
641 352 14
323 570 18
255 504 24
951 173 14
851 112 22
470 32 3
920 437 6
682 160 25
985 153 4
73 476 24
266 881 19
175 489 25
664 74 10
468 747 7
46 19 19
28 701 6
78 39 11
804 730 21
222 258 10
495 457 3
294 473 4
328 296 6
826 116 5
356 163 24
676 543 2
507 621 16
492 453 5
953 257 13
999 831 23
183 327 7
511 973 6
913 301 2
944 479 19
722 188 9
871 864 2
73 371 25
963 863 3
668 168 10
456 168 17
502 703 21
358 214 19
687 479 23
664 423 4
758 497 17
15 368 6
167 441 5
940 756 18
166 777 14
2 233 9
669 736 12
15 446 3
334 485 7
955 149 7
400 275 24
905 443 17
133 383 24
576 902 26
672 277 22
507 292 20
260 626 5
492 934 5
147 694 15
299 94 15
171 999 8
837 484 19
611 413 23
162 953 4
946 626 8
819 485 25
941 590 12
246 738 6
459 389 26
947 913 2
231 102 14
898 713 4
