205 377 1
265 932 1
499 113 2
306 620 0
958 381 0
112 572 0
15 402 2

937 324 0
871 538 2
210 587 0
949 793 1
762 410 1
646 909 1
338 567 1

767 525 6
548 990 5
502 357 7
67 294 7
519 517 22
987 727 11
239 677 4
220 791 16
161 127 18
808 246 19
189 794 11
142 297 18
498 716 14
530 587 7
452 927 9
961 166 13
616 387 4
680 521 18
654 682 22
548 842 18
967 32 13
376 174 12
494 24 5
906 906 18
836 358 20
846 672 13
884 640 2
714 672 23
332 679 7
78 227 25
69 194 9
642 416 12
498 322 18
941 511 4
311 709 26
847 593 18
123 307 15
102 718 21
127 787 17
119 989 5
79 839 5
124 939 22
365 414 5
278 685 22
223 787 17
394 266 6
47 922 20
103 1 9
833 299 15
74 822 8
376 298 22
271 15 13
826 294 24
373 869 13
638 263 5
43 23 7
887 878 8
820 711 7
885 137 7
41 865 5
489 488 21
350 315 17
249 688 11
936 679 26
241 722 2
26 756 3
409 576 16
739 813 5
244 854 20
400 695 8
219 46 25
36 647 16
722 935 20
671 176 17
448 903 18
74 312 19
115 403 7
293 0 14
336 400 9
418 7 5
657 81 15
919 453 19
780 901 24
396 328 11
941 443 16
946 89 16
510 777 16
