994 955 1
939 622 1
58 508 2
737 751 2
606 234 0

886 997 2
783 869 1
676 396 0
871 42 0
415 664 2

647 658 17
580 950 17
820 8 25
658 97 3
20 703 12
355 589 11
512 372 5
306 401 4
258 624 21
97 686 21
640 618 21
805 791 6
830 449 4
606 469 7
968 176 24
328 40 23
908 699 24
237 957 23
609 172 14
644 621 2
338 261 23
334 66 14
691 248 13
145 206 9
302 175 13
49 855 3
521 763 4
745 353 14
242 962 11
481 606 7
407 297 21
655 983 14
342 674 13
478 171 19
787 474 21
273 523 26
152 396 17
729 494 20
968 88 7
27 569 15
60 328 12
354 983 21
379 155 19
899 295 18
593 568 18
495 72 17
160 802 11
530 122 24
510 150 18
800 562 24
36 268 7
255 686 10
269 317 12
160 910 8
279 405 5
155 447 7
252 309 9
270 110 21
969 498 16
300 105 2
660 957 20
527 227 12
773 18 5
576 164 25
886 319 24
900 546 21
396 515 21
160 167 26
479 707 12
664 749 2
318 450 14
793 336 10
715 654 11
299 554 7
537 110 17
538 73 21
497 552 5
682 568 4
959 33 26
255 703 4
