266 642 0
425 207 0
553 908 0
705 59 2
635 666 2
580 786 1
309 258 0

618 73 2
725 533 0
775 793 1
426 412 0
289 189 1
294 742 2
141 800 1

984 367 5
511 676 13
562 294 13
964 371 23
109 146 17
314 572 4
513 862 18
920 508 12
234 1 14
960 880 26
353 864 20
883 728 23
533 606 15
820 382 13
124 896 2
617 168 10
204 754 13
944 67 18
118 420 10
364 655 13
637 327 5
847 141 5
284 961 12
998 85 10
573 702 3
9 906 10
445 850 2
114 321 24
908 26 7
163 583 18
673 431 11
251 67 22
772 991 11
501 0 19
984 797 22
886 911 20
560 558 9
194 982 19
712 655 2
371 259 21
343 823 12
400 595 3
511 96 5
881 432 2
101 670 16
936 314 2
180 379 7
207 102 18
302 446 16
814 846 14
