150 120 0
76 492 1
322 4 1
654 887 1
443 919 2
452 285 0

382 934 0
849 694 1
91 267 0
590 653 0
387 155 1
71 232 1

356 554 12
833 560 25
93 3 21
756 456 9
259 838 18
515 131 8
344 73 12
384 460 17
247 883 26
603 240 5
964 425 18
564 518 21
435 626 4
592 237 18
683 546 9
172 413 15
929 758 13
339 494 25
256 741 11
758 345 3
461 661 3
429 225 23
49 12 26
476 605 14
94 640 12
752 813 26
892 742 9
106 433 3
131 41 21
40 799 18
893 613 4
819 42 6
967 443 19
742 920 26
106 366 16
16 470 6
692 715 23
724 697 26
442 590 14
470 762 7
426 729 25
395 823 22
969 929 16
536 298 13
267 342 3
741 821 26
947 951 5
47 394 20
759 216 9
417 390 14
239 711 21
428 599 21
792 867 13
518 608 9
770 607 12
678 555 13
931 602 7
126 713 25
84 932 20
123 349 10
985 940 21
481 721 23
275 513 15
412 383 25
721 153 7
906 183 14
43 114 16
925 593 7
469 152 15
952 489 5
498 971 26
996 246 16
9 10 25
982 732 5
915 990 14
402 385 5
844 311 23
790 508 6
578 812 23
658 662 21
460 659 17
774 668 5
472 3 14
676 270 4
415 672 15
268 868 3
542 9 2
874 587 14
695 598 26
839 58 12
581 832 8
686 305 11
523 333 8
703 748 5
268 368 24
496 435 20
763 330 5
