720 370 1
700 205 2
420 272 0
154 197 1
70 692 2
701 158 0

413 191 0
808 762 0
11 456 0
907 264 2
7 336 1
539 388 1

182 808 12
757 962 10
255 384 2
973 86 12
867 499 4
633 660 18
728 671 24
850 930 15
437 937 3
393 477 16
555 11 25
692 768 14
888 568 13
617 553 25
108 281 24
971 569 19
223 314 23
862 221 9
662 914 5
777 589 5
276 292 4
861 533 24
649 502 2
98 611 9
324 342 12
368 917 26
889 132 23
427 923 3
184 412 6
481 62 8
332 512 21
816 434 17
432 758 12
617 127 4
468 368 13
541 494 8
528 921 6
457 729 8
678 913 20
392 431 21
906 679 16
191 648 20
746 468 13
432 10 8
265 890 6
978 377 26
346 513 23
129 906 6
