803 525 2
347 692 1
247 682 0
993 103 0
844 516 1
27 66 1

679 188 2
212 212 0
705 791 1
962 534 1
915 689 2
140 37 1

941 629 2
533 825 20
997 853 11
779 884 2
473 97 16
33 802 10
954 32 11
534 468 11
381 761 15
683 294 15
501 643 20
163 247 2
504 633 6
989 344 23
9 298 5
718 372 5
816 907 23
550 640 11
265 323 6
805 824 26
199 562 26
829 77 25
556 582 10
437 923 5
84 932 3
692 72 2
477 337 25
908 495 24
334 46 14
535 875 16
984 783 25
769 220 24
547 304 8
976 771 11
777 440 6
837 133 4
537 962 18
560 870 13
759 204 9
521 740 11
361 76 19
486 845 17
535 745 21
517 721 19
501 498 12
655 335 22
882 872 9
799 784 6
562 543 10
372 65 2
408 778 5
268 800 21
