71 68 1
380 418 1
482 892 2
656 590 1
841 320 0
331 454 0
272 413 2

461 776 2
540 91 1
467 313 0
625 737 2
231 469 1
471 951 1
35 960 2

214 801 7
444 484 13
727 109 26
232 570 4
677 462 20
656 907 23
313 138 19
4 348 6
562 563 9
144 7 21
180 734 5
630 966 2
559 996 16
228 767 20
914 775 4
985 88 19
425 482 4
539 541 2
685 73 11
588 55 5
765 615 3
404 195 20
324 109 20
152 446 8
469 675 13
728 682 18
270 573 11
820 258 10
105 198 15
11 719 2
574 548 7
507 17 10
918 118 11
163 198 18
157 468 19
691 289 2
299 746 26
963 158 16
593 521 11
419 602 7
705 528 5
86 387 24
846 658 19
355 821 17
898 978 13
15 22 4
743 321 2
317 636 10
558 582 6
519 353 10
77 496 2
352 342 10
744 49 7
687 948 12
960 638 3
141 157 6
276 682 17
939 111 13
