723 614 0
783 556 2
909 733 2
101 250 1
976 708 2
190 255 2
740 193 1

848 444 1
326 391 0
366 285 1
645 360 1
866 143 0
580 404 1
322 857 1

984 376 24
477 117 17
904 317 14
77 644 5
885 10 17
862 7 2
805 225 22
537 128 11
914 222 25
712 51 17
54 955 10
841 384 6
372 621 18
187 483 2
715 289 2
385 946 8
448 207 4
270 122 26
468 186 5
121 434 22
102 158 18
93 697 4
443 412 20
18 150 16
752 962 26
418 384 8
444 852 19
522 340 11
908 813 20
30 915 5
773 8 3
0 803 15
34 278 4
893 14 2
224 810 7
741 685 24
850 945 13
746 327 3
799 100 14
66 673 16
379 708 21
359 744 17
100 989 8
578 213 19
908 306 6
930 508 26
766 254 3
982 308 8
249 374 7
691 106 17
410 817 13
726 917 2
759 495 15
251 755 23
132 686 6
958 804 13
111 26 19
423 610 4
155 653 12
131 141 23
656 253 21
746 504 26
142 989 14
399 947 21
910 59 22
827 776 8
404 199 20
708 707 23
470 654 13
697 786 7
546 794 10
890 893 16
831 786 5
477 696 16
149 875 19
182 632 18
825 340 2
473 811 7
537 860 20
