720 653 0
587 677 2
956 513 0
147 63 0
858 654 2
976 463 2
847 982 0

857 935 1
243 418 0
835 979 1
814 700 0
115 639 0
530 596 0
431 743 2

368 601 26
80 930 14
838 129 23
674 986 9
422 229 4
699 416 9
905 583 9
6 228 21
112 11 16
282 732 20
458 812 2
746 2 6
628 98 26
956 798 17
615 55 25
974 172 24
919 995 16
608 277 23
603 736 10
880 834 12
934 905 15
327 534 13
301 842 13
43 457 21
17 431 20
41 403 3
909 283 2
257 238 13
417 119 24
65 732 18
354 385 10
792 429 19
286 798 25
657 191 5
558 836 5
454 98 15
979 355 5
593 773 24
392 352 5
97 770 14
688 476 2
121 268 8
715 907 6
740 564 24
521 474 12
624 928 10
714 259 18
394 852 16
842 245 20
47 694 15
336 383 18
11 856 14
467 572 21
73 312 12
222 185 13
208 809 16
291 875 2
82 270 5
267 863 21
657 199 6
524 211 13
11 30 12
757 104 26
419 326 12
555 534 23
971 178 26
646 612 21
651 878 25
377 411 12
140 774 20
475 883 24
827 302 2
12 209 14
358 180 19
284 827 6
128 705 17
140 357 22
15 180 10
90 909 23
