829 180 2
695 818 1
867 98 2
650 766 2
2 420 0

562 237 1
380 856 2
913 604 0
627 9 0
671 65 2

549 941 4
224 160 2
539 810 18
554 164 13
930 79 3
539 811 11
637 704 2
129 375 17
306 235 13
543 361 16
168 252 3
560 806 18
723 736 22
476 628 8
86 292 10
652 929 16
227 410 17
220 716 4
458 732 16
638 275 4
329 795 6
183 355 12
849 431 24
946 907 4
854 993 21
840 997 3
946 797 7
951 255 16
740 245 18
242 927 13
996 110 21
908 311 2
557 609 11
834 463 7
756 655 4
959 537 4
572 835 3
254 786 9
668 526 6
709 120 8
898 468 20
442 377 6
769 934 15
3 769 6
583 525 13
161 836 25
315 408 11
267 663 22
474 331 26
630 393 21
714 291 17
764 854 5
229 857 26
510 441 3
447 954 14
272 269 23
933 536 13
381 362 19
355 993 14
801 59 7
68 318 17
291 664 6
342 174 24
919 973 3
683 246 22
856 531 9
692 912 23
212 619 16
124 773 2
32 841 21
672 554 3
575 891 19
72 162 17
523 846 15
595 702 22
204 395 9
176 607 6
492 83 4
562 140 3
483 586 19
450 658 6
390 533 2
929 480 7
999 685 4
