596 678 2
493 474 0
627 597 1
78 502 2
37 435 0

56 57 1
12 488 0
272 516 0
856 611 2
674 262 1

960 859 16
677 704 18
977 331 17
857 762 19
532 151 5
431 207 14
778 572 2
335 844 20
425 700 7
615 374 21
951 686 7
318 364 12
511 341 18
594 434 9
674 866 16
163 644 15
140 332 9
633 757 12
90 724 11
810 28 25
740 698 16
727 209 9
694 510 9
774 456 20
798 997 8
513 137 15
721 123 24
981 213 25
967 375 5
992 468 3
381 195 12
463 889 25
447 16 6
866 374 16
135 38 3
100 111 26
174 92 14
973 59 17
151 52 10
28 785 5
465 601 22
413 400 13
170 618 14
761 121 16
997 256 4
75 709 15
924 883 9
339 208 20
129 360 24
387 740 10
535 323 11
598 493 5
388 606 3
702 955 11
406 31 20
869 955 4
128 294 12
446 423 24
169 810 16
677 3 26
138 890 24
999 841 19
127 229 25
80 283 5
290 689 11
560 558 19
362 686 13
725 484 14
799 653 26
966 682 4
690 820 22
737 820 13
127 380 2
932 22 16
417 582 26
209 297 14
647 374 23
509 173 2
886 139 9
265 829 7
535 918 4
998 899 3
690 26 10
17 959 7
33 728 17
607 289 14
