181 739 0
364 861 2
658 19 2
517 669 2
312 469 2
23 114 0
753 857 2

622 375 0
30 199 2
569 755 0
798 288 1
415 652 2
368 311 1
501 180 0

681 844 7
202 219 23
376 947 8
887 899 15
255 697 5
682 833 23
733 367 24
915 569 21
212 237 21
717 965 20
950 919 25
923 413 23
751 127 15
936 161 25
432 534 11
460 268 5
685 183 2
129 395 16
250 465 6
718 73 22
417 177 25
580 113 11
928 898 23
314 358 16
419 43 26
446 524 24
710 126 16
940 445 6
440 866 9
747 584 7
820 1 11
20 933 2
381 213 25
277 879 8
845 745 5
292 808 7
556 100 2
587 540 18
769 640 4
377 460 6
161 832 16
411 213 5
559 843 9
418 988 8
672 833 6
450 477 16
355 385 16
57 973 6
273 94 21
778 471 8
932 985 15
371 748 6
909 78 12
92 750 23
373 200 25
462 908 11
651 965 11
733 591 7
454 369 4
636 653 16
1 376 14
932 753 24
469 106 6
65 480 9
490 294 17
949 298 7
85 31 23
577 287 24
286 581 5
283 897 17
648 619 16
19 380 20
618 981 24
132 558 11
456 467 15
261 908 10
109 724 14
