230 608 2
622 236 2
13 857 2
623 192 2
454 856 1
657 35 1

119 780 1
345 756 1
645 181 0
223 294 2
260 876 0
933 851 1

615 864 13
875 487 5
958 941 13
443 950 23
284 421 3
657 766 10
690 763 16
21 986 13
948 531 15
952 147 6
813 374 18
480 127 13
776 764 9
853 421 25
38 464 16
52 485 2
65 18 26
955 319 9
343 271 6
300 436 7
743 6 17
128 486 19
166 263 8
274 468 7
488 910 8
816 328 4
742 283 23
199 978 21
156 278 9
486 22 15
853 502 2
996 668 17
286 794 20
430 282 7
764 450 10
116 192 20
787 392 24
515 738 3
955 592 5
882 940 26
72 194 20
434 481 16
785 27 24
595 495 19
41 634 13
113 67 13
167 934 26
773 197 5
19 983 13
58 638 3
732 775 6
857 722 26
235 228 5
548 396 15
247 992 7
891 166 4
826 292 26
604 663 10
567 721 25
794 806 25
400 663 22
501 189 11
237 776 16
41 324 12
131 923 4
111 166 23
215 993 17
517 949 5
802 517 3
725 663 9
423 63 24
731 802 16
496 195 15
656 326 14
184 4 25
499 521 25
829 323 19
880 400 7
314 371 13
728 102 17
783 607 15
572 768 4
527 304 11
828 803 9
726 632 8
