622 509 0
277 295 2
321 230 2
393 472 0

77 504 2
225 405 1
589 885 0
346 429 0

946 45 24
1 14 12
528 636 24
746 913 21
154 586 26
851 979 26
113 634 12
466 575 23
141 921 4
745 219 26
417 220 16
530 748 4
152 846 18
421 352 6
596 773 21
776 238 7
362 704 7
833 197 3
437 942 22
87 712 19
751 242 18
403 394 16
321 167 19
14 36 22
610 812 10
841 526 14
646 711 13
725 149 6
22 236 18
540 339 12
158 94 6
622 768 25
791 946 14
164 960 2
661 922 17
45 763 18
484 762 5
473 487 6
695 401 8
580 559 2
211 534 22
9 677 18
598 193 5
224 855 3
682 88 5
591 613 4
708 660 5
164 240 15
67 803 26
737 812 3
354 763 24
634 987 4
485 353 8
804 387 21
532 450 8
748 393 23
825 102 9
303 618 26
693 685 5
617 775 19
718 115 21
72 953 26
678 757 14
724 289 16
980 389 11
554 214 13
788 870 9
262 915 19
892 885 21
687 456 2
244 526 18
789 950 21
390 628 5
27 352 19
818 685 11
