543 399 0
711 491 0
327 341 0
391 414 1
711 971 0
816 664 2

83 918 2
933 130 2
333 249 0
713 186 0
893 729 0
565 440 2

589 119 9
265 511 25
84 222 24
116 390 15
683 825 8
471 110 15
646 508 25
298 401 6
890 260 16
124 526 2
125 962 26
97 430 18
85 114 18
343 937 3
731 312 24
720 310 7
895 608 11
799 957 5
495 199 15
959 323 18
286 448 8
187 897 15
478 982 4
946 677 16
173 760 5
77 727 24
361 878 6
532 685 6
625 972 6
520 990 11
824 936 16
66 461 26
619 8 9
835 86 11
660 799 15
441 116 16
422 648 26
726 273 23
830 307 10
832 179 25
169 3 11
183 421 23
957 393 8
564 228 19
251 888 21
816 330 14
755 104 12
731 830 12
680 12 21
788 197 25
238 718 6
624 901 2
120 210 22
329 127 3
271 730 16
279 653 4
841 384 9
677 416 24
523 204 21
197 794 14
380 891 2
576 220 6
352 844 11
368 561 9
67 841 12
851 587 22
45 784 16
957 362 12
122 742 4
704 22 20
640 743 7
123 810 25
258 679 9
482 533 23
771 384 10
968 781 21
607 738 10
18 212 4
672 62 25
546 118 24
