267 99 1
94 233 2
768 128 1
194 495 1
527 857 2
18 540 1
182 345 1

999 162 1
286 124 1
471 844 2
110 463 2
139 558 2
907 326 2
647 872 1

985 399 25
616 770 17
335 952 14
514 951 26
982 237 26
685 60 22
916 522 10
949 661 20
864 568 21
260 567 20
250 521 15
243 856 17
580 722 20
80 57 7
56 742 19
876 10 16
511 960 2
705 176 22
576 436 15
320 939 20
815 541 16
728 784 24
113 797 5
870 853 25
687 729 10
378 592 22
378 297 24
883 9 18
149 89 4
271 386 19
73 721 19
421 760 25
802 868 17
1 870 18
637 9 12
563 244 23
31 394 14
284 17 2
253 837 3
287 332 13
988 464 3
281 267 23
223 620 19
402 173 24
938 840 11
841 94 25
69 753 19
655 93 8
732 726 2
28 950 23
547 342 7
75 744 5
848 870 12
14 161 4
550 2 25
276 596 16
560 665 20
177 673 15
611 405 17
311 785 17
984 333 9
915 408 5
370 608 3
382 975 14
587 877 18
885 153 14
650 714 7
520 243 5
525 518 24
851 121 20
930 492 3
231 226 3
45 813 6
213 51 11
625 53 25
407 573 19
510 408 25
722 934 18
720 803 25
402 655 21
845 585 15
627 565 7
883 778 8
293 755 11
416 163 11
135 25 22
61 748 8
