726 583 1
493 409 0
215 746 2
452 287 1

49 542 2
836 111 1
255 488 2
280 149 1

695 843 17
514 784 14
721 863 22
191 356 8
521 572 4
340 376 17
54 426 11
492 614 22
729 870 12
140 150 11
592 197 7
84 711 16
243 976 13
699 497 12
902 189 13
744 243 14
128 87 4
976 816 26
311 309 3
148 901 25
828 337 14
644 885 24
324 480 25
360 179 25
320 433 16
656 529 12
771 10 24
148 986 16
99 649 2
200 149 5
850 329 17
564 974 4
63 298 9
539 10 15
864 682 26
378 690 5
38 961 3
404 60 5
79 612 4
7 463 9
272 27 10
126 91 10
108 630 20
973 494 2
272 224 19
453 65 6
643 103 17
172 507 5
350 586 17
38 217 10
373 343 3
6 803 10
1 776 6
678 401 5
46 854 22
