434 775 1
80 272 2
998 664 1
557 34 0
487 896 2
747 370 1
816 630 1
544 199 0

946 451 2
653 935 0
656 722 0
503 154 1
241 152 0
983 62 1
146 549 1
595 648 2

763 465 5
911 9 6
979 308 7
491 961 20
146 617 17
281 472 21
687 65 26
215 547 14
568 142 12
349 168 12
254 499 22
609 990 8
489 457 17
865 215 18
290 351 7
925 995 14
378 696 7
840 950 6
341 516 11
393 486 6
918 327 15
509 544 6
500 495 13
38 785 14
70 62 11
359 440 8
464 280 10
420 890 24
367 583 18
803 977 4
9 895 8
904 256 24
930 716 25
289 427 16
697 891 23
408 664 14
30 383 24
521 539 26
850 900 24
858 573 5
410 477 14
809 395 10
345 325 4
944 966 6
66 32 15
892 234 16
797 855 21
236 665 16
705 289 2
530 296 3
19 216 12
