349 586 0
781 807 1
402 34 0
566 938 2
545 760 1
772 78 2
960 67 2
170 875 2

280 87 0
302 131 2
248 832 1
888 613 0
75 16 0
472 934 2
692 479 2
282 604 1

615 718 4
175 20 10
5 287 26
323 804 17
888 86 21
883 707 14
883 760 21
261 935 19
120 430 16
794 301 3
402 625 7
590 100 5
903 45 23
654 929 8
123 542 20
317 663 14
132 477 14
159 597 22
473 391 23
900 146 25
482 340 17
880 834 13
401 840 19
34 963 11
602 281 24
366 765 2
823 749 18
995 484 6
111 987 14
678 867 25
833 6 6
665 974 4
242 530 5
416 353 4
334 450 8
398 798 17
155 261 4
194 939 24
420 231 19
133 64 26
514 334 11
176 351 13
955 593 18
658 361 23
463 48 26
911 305 10
