124 353 0
701 741 2
171 748 0
448 263 2
896 80 0

546 485 1
157 979 1
236 445 1
668 61 0
238 263 1

382 740 5
329 612 21
635 412 10
569 308 17
898 206 2
295 599 3
531 620 16
820 858 5
19 592 22
572 121 13
219 802 2
965 437 14
975 358 24
66 257 5
641 729 20
548 377 19
899 908 16
16 80 26
396 100 19
516 24 15
77 243 19
954 561 6
243 536 14
192 602 23
347 596 3
865 144 5
334 395 15
424 411 21
723 807 21
967 675 20
332 752 16
499 58 4
418 493 20
341 840 18
672 392 9
963 816 23
982 891 7
948 543 12
39 43 21
691 498 24
375 962 10
466 956 18
405 629 12
387 944 5
