500 182 2
145 97 2
100 873 1
992 755 1
276 16 1
385 622 1
532 569 1
615 873 0

895 567 1
493 301 0
187 153 2
453 298 2
754 751 0
30 95 1
159 372 0
209 109 0

798 642 11
64 257 11
863 504 3
562 997 6
254 536 9
128 990 10
943 127 6
894 286 5
862 847 15
803 646 7
699 925 22
2 839 21
607 446 8
716 574 23
124 26 21
283 969 23
890 216 11
868 78 9
308 233 7
38 548 19
729 599 21
821 208 8
902 925 10
844 685 7
491 927 23
259 456 12
741 846 12
402 852 12
63 673 21
521 927 23
554 252 24
613 97 11
994 940 13
590 67 11
969 679 17
581 420 15
500 460 21
781 397 26
627 951 3
227 565 2
511 911 19
723 853 14
434 822 20
601 403 17
614 144 23
556 644 9
702 857 9
521 638 6
620 618 8
324 845 25
476 708 11
569 783 16
433 217 14
976 818 19
291 785 14
665 341 10
499 43 19
856 916 8
963 889 3
21 565 25
644 41 8
530 962 17
269 395 11
183 723 7
501 367 17
773 531 3
451 702 10
200 719 19
381 249 8
698 519 6
428 870 5
611 996 11
189 789 3
35 240 5
719 519 25
413 252 25
70 951 21
953 474 8
448 902 3
678 865 24
88 406 15
941 441 7
423 932 20
22 767 26
18 195 11
99 995 15
51 673 5
350 113 11
791 54 2
471 551 15
471 974 24
341 748 21
464 122 14
