397 402 0
577 529 0
839 598 0
519 107 0
764 820 2
154 645 1
793 862 1
954 554 1

568 778 1
23 318 2
937 67 2
323 645 2
695 836 1
986 707 1
348 471 2
952 626 0

134 419 19
843 725 25
397 293 3
901 668 23
753 928 13
733 975 24
663 313 6
52 14 4
910 966 5
765 452 26
834 296 3
809 693 22
562 595 15
633 897 23
260 383 4
584 398 19
615 450 8
118 712 26
850 15 25
739 372 12
635 496 12
811 109 22
485 661 23
316 779 12
818 729 17
420 931 9
318 758 9
261 558 22
800 297 19
587 932 18
673 96 2
845 763 22
416 248 8
226 735 21
141 507 2
424 177 12
883 438 21
728 590 18
298 178 3
364 203 26
539 400 14
111 816 15
345 957 9
357 184 19
451 677 3
829 453 5
964 336 18
10 417 11
354 715 16
630 431 21
354 322 21
193 433 15
281 778 22
638 488 8
82 291 11
33 120 16
161 437 5
80 799 22
941 153 14
980 135 20
83 316 8
556 307 21
