39 280 2
834 630 0
982 99 2
489 135 2
911 919 2
199 751 0

207 455 1
992 566 0
168 390 0
252 821 0
241 861 0
593 47 1

690 29 9
389 870 20
944 781 16
267 333 18
27 884 18
141 52 9
434 304 5
707 897 18
909 842 17
92 532 21
375 921 19
793 865 2
834 484 10
275 476 2
875 855 11
42 997 15
951 783 21
681 843 18
273 752 10
263 196 17
635 571 15
604 551 14
665 178 18
265 406 25
102 448 24
990 751 10
535 432 3
612 673 26
779 660 25
963 510 25
581 776 6
54 878 6
893 696 24
994 475 9
19 695 23
761 869 18
405 832 4
809 819 10
838 48 5
887 575 20
509 820 18
815 538 16
363 299 10
404 705 19
308 285 9
988 447 5
898 637 4
677 608 16
563 495 19
533 356 16
199 216 10
44 31 24
643 150 7
885 811 18
423 698 2
2 727 12
168 642 9
910 527 17
177 78 8
610 122 16
934 356 12
558 351 15
590 237 26
556 833 2
321 608 2
724 610 6
734 779 23
944 41 2
509 570 5
643 533 5
807 467 11
70 377 12
835 968 26
59 876 12
786 198 20
212 274 8
716 360 14
215 304 5
592 166 26
696 161 9
274 320 3
560 390 6
197 225 26
424 636 2
484 423 2
504 635 26
135 703 14
897 270 18
53 863 11
