68 587 2
506 207 0
444 962 2
979 19 1
189 49 2
246 356 2
737 996 0
201 358 2
419 919 0

276 627 1
719 695 0
131 554 2
759 350 0
131 330 2
870 519 1
270 117 1
675 206 0
880 407 0

465 827 6
136 455 10
203 174 8
775 416 12
303 548 19
798 40 7
102 67 14
764 765 25
46 253 6
954 457 5
910 19 13
772 146 4
633 449 2
527 651 23
941 449 15
471 551 8
208 657 8
705 422 23
28 820 26
807 126 10
113 389 6
724 161 3
751 146 2
377 615 7
115 86 9
921 647 18
27 352 15
12 301 5
317 377 16
768 128 13
20 159 14
630 652 17
239 925 14
505 305 16
546 907 22
406 634 12
715 84 22
751 104 7
842 659 22
957 250 23
720 755 5
33 60 22
68 157 21
525 698 21
71 449 2
128 966 6
721 808 17
967 117 17
318 376 26
53 409 13
775 830 21
181 464 2
302 887 3
880 15 19
134 736 2
242 863 12
519 917 21
855 44 26
701 541 17
681 609 10
623 95 21
725 847 2
945 819 22
354 61 11
685 140 24
62 841 17
860 77 23
878 111 9
911 734 4
680 812 4
857 109 23
228 463 11
814 954 19
317 991 11
9 134 26
876 994 6
824 872 17
381 135 3
33 168 17
885 25 26
556 605 16
993 419 22
10 88 14
871 657 21
573 666 8
0 542 2
823 747 14
876 132 7
742 18 8
716 926 13
