93 869 1
565 72 2
694 535 0
263 30 0
348 959 0
158 554 0
803 240 0
742 530 1

536 4 1
969 228 2
874 674 1
437 239 0
801 285 1
369 900 1
578 600 1
945 110 1

193 913 12
731 7 19
971 895 26
699 90 5
586 880 21
745 402 11
974 980 11
162 277 22
608 471 12
295 554 22
513 877 17
241 611 24
422 549 4
193 799 11
250 896 13
911 870 21
820 384 25
192 993 23
475 153 5
15 240 19
772 834 7
620 256 6
347 449 8
108 51 4
272 962 2
416 135 11
541 327 6
138 157 22
289 632 2
669 0 20
313 772 4
568 744 12
373 92 13
885 824 4
960 592 14
772 134 19
928 272 3
867 248 12
596 816 7
557 460 3
62 420 22
349 544 6
668 473 5
145 198 20
606 874 7
419 93 7
4 689 25
686 622 19
460 342 18
290 313 26
385 15 22
967 683 20
172 828 19
