203 143 1
543 532 0
15 219 2
241 523 0
305 297 1
605 54 1
131 28 1
258 852 0

333 453 2
713 764 0
610 967 0
643 510 2
800 877 2
826 470 1
608 128 1
372 733 1

516 864 12
613 808 17
919 873 8
33 928 14
711 106 12
265 714 15
468 438 25
725 307 14
10 562 14
499 175 23
441 446 21
499 797 7
524 723 12
59 756 17
823 819 25
58 436 14
221 629 11
534 991 23
321 842 25
269 635 23
91 134 20
748 658 20
885 69 26
950 893 23
473 951 9
62 725 14
90 298 20
424 832 14
448 127 19
22 570 5
392 671 16
486 556 10
708 332 7
166 747 9
880 837 7
575 613 17
262 638 23
144 439 2
13 813 25
30 691 2
114 379 11
442 87 19
722 605 18
431 837 7
87 413 20
279 675 11
977 171 2
802 184 15
550 201 20
969 231 14
297 697 18
131 140 7
650 214 15
916 646 2
371 85 15
792 364 16
851 341 14
53 495 24
716 398 25
936 719 8
848 16 6
491 148 21
222 798 10
910 715 8
435 438 18
374 230 9
477 486 23
799 554 21
781 691 7
937 183 5
881 757 5
391 667 22
900 454 11
141 180 16
99 872 2
749 350 13
895 501 18
439 528 11
703 661 4
335 598 12
115 831 19
693 222 13
339 122 18
775 616 23
441 67 23
541 816 25
128 712 3
957 558 17
984 893 17
195 360 23
514 54 23
501 745 20
113 855 24
661 335 13
63 956 16
935 249 22
475 796 8
