638 678 1
439 736 0
912 712 1
301 510 2

901 95 1
305 148 0
662 6 2
398 639 1

584 467 21
173 436 20
953 426 23
929 865 12
984 129 24
289 430 10
99 684 5
29 989 5
102 3 13
824 753 4
933 337 21
927 510 10
845 815 11
793 745 2
478 81 8
876 371 14
136 822 25
139 204 16
994 306 21
208 482 24
60 415 12
732 694 22
840 891 13
126 515 18
8 391 16
672 527 14
372 18 18
61 365 26
105 925 11
902 985 3
389 69 23
387 909 14
848 636 26
758 114 17
101 474 10
816 498 15
705 870 8
798 283 25
197 740 25
431 995 13
433 384 7
420 971 7
45 81 23
537 183 23
772 999 21
535 704 19
669 502 4
167 51 20
943 835 17
704 620 26
886 453 25
978 873 23
410 270 5
957 807 15
330 932 14
201 467 20
321 656 2
791 599 14
256 655 9
457 541 12
782 872 13
79 282 8
809 239 18
722 921 25
986 123 17
954 66 6
128 739 12
705 882 13
118 490 18
150 948 9
988 82 6
699 161 16
32 970 7
173 692 4
246 678 2
139 984 20
520 464 12
205 170 19
193 288 10
484 790 10
