904 314 0
26 76 2
129 554 2
926 949 1
388 530 0

431 2 2
512 999 2
905 104 1
293 581 0
579 926 2

429 830 17
172 208 21
268 337 25
12 264 2
647 4 7
122 435 11
37 300 12
562 205 19
67 499 2
719 78 3
920 859 10
788 383 19
732 651 8
582 664 24
382 663 3
64 785 14
749 174 14
136 88 19
628 507 18
54 226 24
291 287 19
33 371 22
464 953 13
512 336 2
563 400 14
541 638 4
886 618 14
729 24 15
651 782 14
137 73 3
415 786 14
967 702 16
304 104 20
825 884 3
637 613 3
27 617 12
565 106 10
93 112 18
641 990 15
142 405 4
331 372 6
272 29 12
715 901 10
148 726 21
552 715 10
980 743 4
190 660 10
473 753 22
214 746 12
