995 12 2
583 217 0
603 139 1
212 200 0
886 640 1

466 424 1
518 110 2
398 786 0
131 354 0
657 643 2

203 638 16
125 176 26
305 445 20
804 963 6
791 361 19
571 493 23
829 502 16
231 57 6
998 997 2
333 123 4
808 610 20
834 798 24
853 103 19
297 907 7
203 50 21
293 803 20
335 386 3
14 384 25
267 718 25
696 526 12
866 712 10
663 566 16
905 863 25
462 66 26
733 313 25
497 606 3
116 941 16
817 575 21
318 271 24
428 137 11
689 152 4
53 57 17
676 871 10
350 102 7
153 570 25
343 714 8
269 884 10
787 982 20
373 671 22
526 724 6
893 753 3
327 455 10
425 158 14
482 663 10
481 358 24
139 627 10
373 892 12
229 31 20
575 405 16
720 931 18
627 824 21
405 503 3
788 929 13
977 763 2
385 244 10
860 736 15
218 109 9
131 690 16
674 265 21
240 338 4
531 965 3
927 722 9
131 510 15
492 487 3
869 225 23
605 437 11
968 655 22
575 786 12
214 812 5
610 53 20
937 936 12
441 216 9
448 347 21
736 191 10
787 413 12
435 18 24
819 338 5
664 265 18
552 832 6
57 442 11
900 380 24
60 821 15
294 621 14
38 357 8
973 144 21
134 932 16
731 103 6
336 768 21
728 672 3
284 729 21
245 981 3
142 41 26
608 687 22
