236 117 2
676 434 2
763 524 2
548 877 0
708 88 2
400 292 1
590 708 1
96 343 2
402 680 0

960 977 0
843 566 0
997 242 1
212 357 0
644 905 1
195 966 2
486 366 0
851 308 0
669 405 0

112 159 18
40 471 23
983 666 14
748 664 8
595 228 15
966 872 21
918 68 14
685 779 20
422 891 6
190 283 3
288 618 21
600 366 10
858 961 15
122 279 13
643 198 8
130 157 16
983 450 26
496 135 7
415 909 25
196 452 8
97 740 26
17 693 18
952 551 6
116 673 11
504 668 11
312 150 18
26 485 18
157 749 13
707 945 15
640 764 26
106 68 2
885 184 3
296 40 21
905 352 24
592 91 17
206 798 15
271 339 12
77 979 26
928 437 19
979 674 6
407 971 21
750 900 5
483 141 13
549 85 6
717 291 7
830 915 23
666 273 16
710 604 15
939 363 13
888 452 10
256 422 14
488 604 6
59 646 26
961 312 26
300 375 7
665 314 20
2 227 13
567 410 7
343 177 15
387 433 12
426 921 17
32 293 5
956 593 5
431 612 24
892 179 9
323 564 12
909 907 14
497 646 24
860 72 22
827 805 4
440 837 22
70 793 17
723 981 2
43 764 15
859 241 17
348 91 15
270 303 15
817 482 20
633 68 12
9 111 26
997 53 10
516 953 19
