705 694 2
517 216 2
309 788 2
445 581 1
399 907 0
627 245 0
788 263 1
213 108 2
756 216 0

796 520 0
426 226 1
261 95 2
436 404 2
617 849 2
333 600 1
31 228 0
757 16 2
703 581 0

434 337 10
410 485 8
138 911 11
912 172 6
255 961 12
97 911 14
421 294 19
637 51 12
821 107 18
113 541 7
621 951 17
354 442 6
313 706 3
367 961 16
177 699 19
541 148 8
153 569 2
257 380 13
932 466 9
282 502 21
346 31 22
799 126 24
466 485 22
422 769 14
330 369 12
31 547 21
161 528 7
150 468 11
338 23 23
690 912 5
79 594 24
634 65 5
414 807 6
569 310 24
505 951 16
567 641 14
13 409 6
297 452 20
350 531 14
124 173 14
445 159 6
300 991 7
35 758 17
639 679 2
403 751 19
117 117 6
673 766 8
141 116 16
555 592 16
595 37 25
382 725 2
872 717 8
672 428 17
519 653 14
25 326 5
983 468 23
839 970 5
13 670 20
882 404 22
509 276 14
657 427 5
602 946 8
665 972 10
493 307 5
790 132 5
30 972 26
308 337 23
331 200 9
410 802 5
493 819 4
551 313 12
781 455 19
35 485 18
611 146 5
209 774 24
211 800 2
841 589 22
