408 713 1
848 940 0
319 447 0
76 554 0
276 766 0
221 833 1
862 25 2
184 520 2

390 648 1
273 666 0
609 74 2
31 274 2
76 594 0
842 22 1
735 298 0
968 871 0

320 270 2
694 12 25
131 285 16
127 247 17
836 630 16
837 706 12
285 901 10
706 956 7
660 715 18
140 82 2
288 213 15
46 880 17
912 717 25
373 3 26
856 291 15
989 349 21
346 10 12
150 142 9
876 782 24
239 236 17
201 634 22
441 546 15
91 919 20
831 117 13
975 463 25
187 253 25
787 403 17
821 631 26
69 222 12
9 423 21
181 216 19
71 660 14
964 951 16
853 134 10
739 109 26
987 649 4
