917 401 1
787 844 0
287 211 1
198 50 1
948 243 0
78 601 2
81 580 0

889 679 1
797 307 2
675 39 0
378 956 1
821 96 1
869 383 1
233 581 2

256 881 18
269 959 19
574 41 26
993 930 5
465 79 14
688 106 4
377 484 10
115 306 6
697 527 17
195 760 25
391 368 7
534 638 18
603 558 16
958 23 22
323 441 15
333 556 21
440 605 25
930 800 10
353 543 5
10 77 18
627 708 8
636 311 16
928 621 14
650 242 5
479 917 21
792 603 4
763 43 12
261 325 12
849 41 12
818 668 20
999 304 8
738 584 7
852 235 26
31 714 19
2 858 24
882 973 17
367 586 17
652 457 22
185 658 13
796 476 8
466 827 13
800 565 24
755 770 9
304 801 25
123 155 8
545 37 6
362 404 17
152 409 26
325 594 12
538 742 15
420 561 18
