664 32 1
568 427 1
815 525 2
487 995 2
832 894 0
453 739 2
100 300 1

663 480 1
286 765 2
284 516 2
486 180 2
496 749 0
667 916 1
803 755 1

471 588 13
804 41 2
998 493 4
877 794 25
398 78 16
430 916 24
199 413 25
43 80 16
764 235 22
481 58 12
92 863 5
794 213 23
279 684 2
879 82 5
996 865 21
293 416 11
357 223 4
779 57 14
141 501 2
544 296 18
440 93 24
196 372 10
746 252 20
726 248 12
932 936 14
674 293 14
38 566 23
809 255 12
887 277 13
549 252 8
275 184 19
276 861 15
446 900 8
469 893 23
788 54 4
200 837 8
984 631 10
373 870 14
361 419 16
243 46 26
60 210 11
523 487 23
763 285 23
922 754 18
543 542 22
805 78 18
389 451 13
953 813 8
418 408 4
419 468 15
