385 519 2
137 878 2
192 232 2
249 292 0
844 972 2

403 154 0
173 562 2
422 279 2
396 50 0
506 687 0

9 424 20
49 561 25
488 754 7
898 355 26
287 200 23
342 603 4
95 128 16
771 902 23
269 157 12
893 166 12
36 567 25
366 306 12
615 945 12
189 639 17
916 734 22
558 857 24
831 300 25
164 814 25
951 202 17
300 963 25
754 329 8
916 296 3
278 485 17
595 402 26
40 312 8
740 143 8
738 297 4
246 813 20
271 117 22
864 417 10
512 523 14
818 440 11
69 70 21
311 666 25
935 706 12
416 798 7
550 889 4
252 135 18
121 406 10
543 270 4
577 134 4
302 725 17
697 971 16
260 740 17
965 290 6
320 894 18
136 367 26
421 911 22
475 840 8
126 434 15
566 233 4
