553 816 1
78 179 0
291 53 2
661 927 1

943 834 2
114 479 0
466 742 2
871 730 1

380 450 16
950 266 4
793 820 20
39 898 26
440 541 6
665 202 8
657 611 25
177 77 18
763 301 25
566 681 25
808 984 18
380 169 13
429 609 6
235 626 9
616 754 6
934 293 24
427 56 25
323 135 20
615 997 24
78 377 18
792 158 4
46 393 6
855 361 12
162 249 2
779 611 4
780 262 6
462 937 16
832 552 13
979 983 17
296 775 2
573 173 20
829 29 8
191 191 8
669 623 17
87 402 5
266 534 19
420 996 7
709 828 9
347 160 19
714 456 19
239 381 20
509 211 24
141 754 17
