354 16 2
526 814 0
803 263 1
929 85 1
538 461 1
634 316 2
436 178 2

312 196 1
300 192 1
520 704 1
881 411 2
774 289 1
947 92 2
618 373 0

148 911 13
508 898 4
834 647 6
91 299 25
616 820 6
37 126 26
124 744 2
649 892 13
635 753 11
289 762 23
474 596 22
855 688 21
428 304 16
132 164 3
258 641 24
522 277 22
183 918 9
179 392 6
174 247 19
469 27 25
455 239 14
155 371 5
333 981 23
255 740 15
422 262 17
342 445 11
25 977 5
656 151 3
975 972 7
598 260 19
433 67 10
747 222 8
577 907 15
49 163 7
162 585 19
905 280 16
214 305 20
267 313 24
920 288 21
601 886 8
70 319 26
779 418 25
562 996 8
975 397 23
480 911 8
599 816 13
516 382 20
409 650 8
806 922 21
528 875 8
861 946 4
886 639 23
417 967 20
463 447 6
446 399 23
710 915 7
278 324 7
160 483 7
681 363 7
89 224 5
169 135 9
