266 207 1
446 267 2
116 163 1
708 504 0
396 295 1
664 682 2

742 985 2
248 179 1
89 239 0
674 104 2
468 371 0
348 817 0

336 286 9
270 346 15
311 95 12
980 759 20
822 853 5
133 101 12
326 543 26
539 217 7
805 685 3
982 385 23
426 73 11
848 654 4
311 987 16
104 809 19
234 294 23
544 621 16
445 160 8
179 299 7
77 77 6
261 462 24
496 663 4
825 974 18
914 430 2
857 16 22
253 561 20
544 6 5
52 809 25
597 989 26
527 418 4
531 32 18
231 528 8
585 353 9
926 268 14
76 477 6
873 82 19
291 626 2
222 678 12
822 275 3
721 154 21
50 686 3
194 269 8
0 854 12
133 780 7
695 208 9
626 434 16
118 77 19
969 299 24
981 121 24
982 195 3
205 439 12
536 792 16
221 925 23
878 972 9
660 599 18
876 69 20
70 38 22
942 19 20
95 755 13
561 70 23
860 948 21
367 961 22
660 189 16
30 260 7
700 202 26
196 996 7
886 91 12
822 877 24
902 624 22
773 538 19
570 398 18
339 117 6
59 129 20
848 159 7
380 212 12
932 408 8
837 646 26
849 821 3
821 723 5
993 496 18
236 66 18
779 757 10
635 168 14
680 369 25
986 749 12
198 681 22
54 518 19
353 367 15
881 540 15
34 534 13
518 253 14
428 888 8
467 568 4
666 906 3
428 104 10
