107 555 1
119 927 2
695 919 1
2 231 0
182 531 0

741 313 2
124 304 2
217 112 0
656 290 2
510 167 2

648 626 15
246 745 17
108 792 13
647 147 19
808 329 2
239 422 16
934 116 9
929 772 25
656 634 19
991 283 21
529 529 18
346 989 11
83 988 8
402 797 14
253 388 12
769 538 11
589 472 2
873 753 26
448 762 12
191 753 20
912 283 26
730 981 17
989 416 6
747 819 5
187 424 18
697 545 8
458 486 6
983 359 9
984 808 23
619 351 2
890 263 12
689 993 18
830 335 10
311 434 6
941 621 7
607 670 2
544 463 24
679 799 7
575 419 8
225 309 23
510 350 19
164 843 15
18 136 14
0 743 11
527 259 17
912 186 5
445 762 26
328 339 12
319 683 22
498 847 17
463 865 4
402 217 24
12 744 8
454 284 16
712 993 16
188 322 6
973 149 10
461 468 18
481 318 15
696 133 7
400 536 24
848 900 18
906 354 4
120 713 2
873 778 21
387 966 18
241 940 17
1 401 12
92 234 7
537 683 26
909 883 3
377 789 9
782 135 26
44 116 9
809 117 12
746 210 21
1 592 4
389 130 14
666 391 22
77 250 25
25 32 10
751 460 10
443 504 26
428 665 18
813 411 5
433 764 23
