350 439 2
997 728 0
691 35 1
222 115 0
31 375 2
11 171 0
937 792 2
892 885 1

72 946 0
526 353 2
76 55 1
426 404 0
762 95 1
379 669 2
997 701 0
199 712 0

951 1 16
641 246 3
850 318 26
253 196 6
29 273 12
244 51 18
574 544 8
20 541 11
545 740 23
241 43 2
808 239 16
833 492 12
562 522 12
699 118 14
241 10 4
878 585 26
536 957 17
896 502 10
319 95 3
744 826 17
756 819 24
942 382 21
318 674 4
346 904 14
622 441 23
439 689 2
997 360 22
951 105 25
523 629 6
245 923 15
841 27 24
646 666 21
969 457 10
794 455 20
67 758 2
517 51 25
602 574 6
859 819 4
497 660 8
569 568 6
668 200 25
319 199 18
115 168 26
600 315 8
93 734 18
396 251 19
571 206 19
375 65 15
454 914 3
560 836 21
