812 453 1
724 580 1
757 704 1
322 612 2
703 366 0
840 722 0

699 62 1
388 908 2
481 888 2
899 19 2
759 831 2
280 907 2

466 17 25
391 339 15
209 394 6
127 586 6
519 285 20
430 673 5
421 506 19
232 406 13
966 517 22
154 797 6
625 615 23
801 358 14
589 568 8
95 47 19
575 770 14
367 2 22
531 969 14
878 475 13
132 452 5
404 253 14
366 194 7
75 642 6
369 670 23
949 342 24
555 918 20
19 637 24
889 520 20
628 398 22
164 531 25
667 287 5
663 432 19
493 802 14
241 103 9
339 10 4
559 29 16
781 270 12
870 82 9
243 120 26
882 361 7
116 611 24
358 745 19
120 422 20
632 469 9
358 991 9
398 265 13
871 860 10
145 742 21
227 959 26
968 427 12
90 785 7
834 257 4
887 918 16
730 276 7
537 27 24
581 395 26
553 623 12
577 943 15
564 33 2
297 219 10
