181 931 2
117 174 0
29 439 2
821 96 1
357 476 1
100 854 1

7 347 0
115 135 2
871 836 0
469 671 0
564 204 2
774 321 2

738 702 22
727 875 20
980 332 2
766 691 26
213 806 12
709 29 23
25 499 21
704 542 23
535 632 26
157 359 26
526 389 12
626 603 20
213 664 25
636 689 26
731 88 18
381 792 12
353 327 20
379 836 4
928 63 21
881 716 9
743 694 12
411 907 26
461 543 17
362 626 5
679 8 24
889 713 26
732 92 14
287 372 2
133 787 17
250 20 10
757 763 4
219 526 11
345 988 6
160 350 8
415 381 18
188 707 2
728 479 13
895 82 10
778 839 25
707 411 2
543 756 15
922 269 17
280 684 24
646 499 22
429 39 4
304 790 26
290 117 14
401 247 6
274 954 17
674 497 25
414 771 19
505 52 6
329 50 5
424 832 19
578 136 11
79 40 8
80 358 3
97 385 25
265 656 3
344 985 5
274 761 12
892 340 24
3 771 16
985 183 26
435 10 10
781 442 21
432 892 8
933 763 7
205 380 14
233 725 24
311 999 11
621 599 26
412 584 12
887 19 24
797 152 16
66 585 10
230 427 6
44 660 6
491 323 7
52 897 3
305 870 2
682 283 11
242 522 7
164 319 10
880 738 22
489 162 17
212 392 19
497 280 4
678 684 2
181 24 7
492 266 4
822 782 26
657 662 14
719 716 21
436 32 7
