420 999 0
958 854 0
418 814 2
380 103 1
543 221 2
733 225 1
937 125 0
870 668 1
276 575 0

217 752 0
432 524 2
336 834 0
937 604 2
158 337 1
140 880 0
797 613 2
391 903 1
810 125 2

355 753 8
946 970 12
658 402 13
721 90 22
639 28 3
724 538 15
321 476 11
308 219 14
421 29 16
722 340 21
58 414 11
228 53 14
706 777 5
170 41 8
513 715 9
174 23 5
738 796 10
427 350 23
221 260 6
338 982 23
857 392 12
456 679 20
542 714 4
577 889 4
465 55 26
243 966 23
502 642 15
420 450 19
115 786 18
852 328 8
304 257 22
132 88 24
108 553 6
434 742 10
295 327 2
961 181 19
599 601 21
917 716 7
316 225 20
438 709 10
188 817 13
777 977 18
529 624 22
104 585 5
673 537 8
692 806 2
849 241 23
77 700 10
612 888 4
532 10 13
700 539 12
196 643 25
576 316 12
558 360 20
608 209 13
479 325 24
737 938 14
517 639 22
247 419 16
170 996 9
600 514 8
811 797 4
