170 149 0
246 63 2
803 174 1
100 299 1
739 425 0
999 11 2

485 742 2
465 908 2
35 532 0
946 385 0
359 907 2
905 153 2

386 308 15
660 408 15
538 500 17
718 499 3
15 984 21
833 449 4
546 836 13
336 135 25
912 494 7
286 751 13
428 137 21
391 149 7
6 687 7
47 406 6
450 421 17
596 606 19
650 152 5
236 840 17
911 753 13
142 39 14
230 819 3
626 211 2
431 569 17
736 968 23
892 419 21
33 367 5
371 166 26
482 660 17
697 242 12
901 300 21
793 388 15
739 281 11
810 666 3
488 641 21
671 746 3
342 469 21
933 1 25
470 654 18
590 447 9
889 701 6
467 541 24
915 906 17
17 310 24
640 582 2
131 53 7
275 995 6
807 25 22
620 266 25
923 797 8
493 64 16
885 700 18
229 717 3
377 489 15
834 764 10
90 571 12
237 543 3
437 346 14
179 621 11
837 466 3
401 352 3
