64 245 2
449 407 2
460 979 2
308 125 0
803 607 2
312 326 1
108 698 2
258 669 2

703 145 1
975 494 2
250 910 2
915 712 0
461 524 1
274 184 0
636 987 2
812 299 0

460 760 15
560 370 9
393 73 6
158 48 25
691 917 25
966 4 11
485 804 25
874 617 10
326 433 5
426 235 5
512 617 4
112 935 8
19 194 7
977 383 5
530 806 7
508 484 17
238 263 2
266 52 7
915 565 24
942 29 11
30 68 21
60 599 3
365 459 12
455 698 2
132 316 5
87 584 22
11 526 26
222 852 5
256 434 17
791 816 11
60 876 12
488 594 23
576 886 15
804 973 24
949 337 2
475 911 6
630 54 9
730 310 20
531 162 15
115 51 12
186 980 23
926 784 24
250 86 11
453 913 24
115 626 14
508 898 15
70 430 4
892 990 10
677 529 15
349 455 25
346 58 13
32 511 26
629 18 22
281 485 23
595 346 22
658 416 4
236 276 2
168 168 20
151 845 24
115 546 4
863 892 14
401 276 25
500 258 21
848 539 6
643 732 21
821 900 16
989 404 12
686 519 10
190 734 3
105 135 6
178 987 14
974 835 5
883 646 13
598 463 23
790 452 4
