0 191 0
476 833 1
609 893 1
179 907 0
501 148 1

539 49 0
8 485 2
291 176 0
179 768 2
378 704 0

767 57 10
186 533 18
885 494 12
55 673 21
598 527 19
788 418 18
164 426 5
140 69 7
437 601 2
51 979 7
416 99 14
325 285 24
418 522 18
405 577 16
693 316 11
785 480 15
713 973 11
396 813 17
678 581 18
17 258 5
889 677 2
607 434 6
998 734 7
917 427 24
253 564 6
368 630 4
553 800 16
338 548 6
455 578 13
23 595 21
876 836 25
603 443 10
908 794 21
740 711 25
889 316 15
519 685 20
473 238 22
71 384 26
904 636 8
654 239 4
839 499 23
758 240 11
72 0 16
965 826 4
362 16 10
308 439 21
833 622 5
305 878 16
261 884 8
263 482 24
502 363 6
816 680 7
721 43 25
906 703 15
475 536 14
803 841 19
120 455 3
28 820 2
83 436 10
83 660 26
212 514 15
341 331 22
649 404 15
972 310 19
87 785 7
143 60 6
995 88 3
570 524 14
980 607 2
682 171 16
747 512 22
492 513 3
281 838 13
431 245 3
812 592 19
170 276 12
17 121 3
269 402 16
881 736 20
872 168 16
923 980 10
415 346 25
783 702 23
110 707 2
608 229 6
971 247 2
847 868 6
552 283 23
646 155 16
