429 112 2
153 113 2
726 159 1
211 267 1
549 761 0
16 671 1

339 420 0
605 760 2
46 368 0
700 601 1
608 31 1
701 536 2

102 262 11
140 473 5
527 23 16
860 391 13
713 731 10
853 688 20
483 734 15
439 786 16
263 395 24
847 96 10
897 550 24
458 690 23
286 217 23
228 78 16
489 143 22
874 996 12
667 832 24
180 623 10
646 886 7
144 733 5
529 983 6
177 441 21
298 80 16
146 308 19
708 375 12
718 42 19
815 574 17
51 572 3
681 716 14
112 598 24
741 775 17
949 923 7
268 308 8
82 16 8
893 87 2
887 254 26
153 657 24
656 339 17
245 451 17
817 544 17
183 604 19
980 906 17
86 526 26
44 961 19
26 854 8
753 741 13
703 246 20
577 255 11
519 500 14
727 853 15
820 833 23
187 919 26
863 316 12
908 342 16
39 95 10
821 79 13
