628 419 1
450 614 2
145 12 1
619 124 2
170 338 0
657 858 2
607 864 0
260 645 1

186 426 2
567 627 0
731 256 2
671 58 1
833 555 0
749 174 0
447 697 0
207 706 1

70 313 2
932 574 24
700 112 25
122 680 3
834 763 11
966 786 21
63 620 26
525 721 3
112 168 2
388 727 8
523 797 22
225 82 23
346 609 17
99 443 7
460 761 19
879 177 16
206 54 14
257 907 12
865 430 11
283 580 5
892 927 14
532 378 9
288 839 21
182 70 25
48 276 4
635 335 21
94 944 5
281 810 12
36 881 25
751 657 7
780 831 21
28 879 22
330 866 10
879 594 16
389 212 16
259 249 22
357 838 22
382 942 6
489 3 6
436 135 14
802 845 12
487 349 25
117 580 22
556 322 9
945 581 8
567 938 24
314 672 18
71 161 23
125 949 8
362 106 23
831 261 20
519 748 19
519 865 25
114 774 24
922 71 5
330 639 20
577 305 17
470 376 5
366 501 7
397 216 13
943 399 24
687 918 23
156 904 14
