127 409 0
637 199 2
910 210 1
199 309 0
564 698 2
337 788 2
50 793 0
860 452 2
232 936 2

517 989 1
251 468 0
191 457 0
876 368 0
91 567 1
565 483 0
588 172 2
809 222 1
328 434 2

933 18 25
854 535 14
151 786 7
114 206 10
934 297 4
63 214 12
154 964 10
564 292 19
426 577 12
576 784 22
364 287 10
971 496 15
36 962 23
469 896 22
173 959 14
8 850 18
719 356 7
652 272 2
19 50 6
756 627 15
28 343 4
87 666 25
827 55 13
720 698 23
882 58 25
183 782 6
108 154 8
315 910 12
305 291 5
583 378 24
356 557 4
444 34 5
429 754 5
725 989 16
223 540 21
429 75 3
260 184 7
142 851 20
2 156 11
409 244 9
914 673 15
118 750 4
732 325 21
476 107 22
354 367 8
387 861 9
330 216 17
564 774 9
753 19 26
660 933 2
673 51 4
28 135 5
102 57 20
811 387 11
677 303 12
391 288 14
40 300 24
67 973 3
300 628 4
791 679 6
934 490 18
645 519 23
130 153 8
225 544 21
339 937 21
387 356 21
424 853 5
678 715 6
879 793 3
247 791 22
918 273 3
124 499 24
618 838 13
884 63 23
709 840 2
162 518 17
543 769 26
252 0 22
155 248 13
225 166 11
801 643 10
626 613 26
