526 859 1
902 725 0
349 520 1
10 748 2
532 948 1

300 651 2
938 511 2
978 127 0
541 116 0
797 479 1

740 5 10
736 259 12
787 609 7
766 971 6
647 504 6
56 804 7
628 743 20
748 721 22
601 614 15
618 411 19
577 239 11
888 378 22
718 497 21
649 144 25
529 552 6
411 181 26
805 929 23
325 882 14
666 853 3
133 197 6
958 775 23
395 15 26
792 733 25
161 383 19
34 264 22
416 675 3
738 510 16
551 176 21
479 661 19
558 620 21
581 367 11
881 321 4
276 707 20
871 123 21
999 664 5
56 402 15
347 305 16
844 784 3
186 695 25
7 628 17
491 611 3
60 845 24
365 121 9
