576 732 1
688 351 0
653 158 0
159 287 0
572 685 1
515 497 0
781 481 1
817 313 2
245 609 1

734 687 0
784 615 0
582 303 1
592 308 1
722 819 0
587 391 1
750 258 1
782 392 2
223 209 2

779 893 21
388 29 11
979 279 22
470 866 15
998 616 26
24 751 18
882 974 4
406 33 13
9 904 11
445 635 25
938 741 10
510 211 3
473 210 22
47 586 23
365 820 24
931 767 25
863 776 4
472 573 16
397 111 4
526 401 22
287 911 9
913 736 21
508 136 7
206 501 4
230 746 6
639 30 23
212 893 26
42 717 25
858 114 13
437 992 14
642 545 13
768 964 3
898 750 24
225 792 16
773 3 7
136 440 25
548 198 4
575 192 24
338 928 5
886 696 19
639 669 15
786 721 26
316 619 4
90 844 21
582 969 24
187 105 17
137 5 17
15 580 10
969 157 12
113 796 8
