486 30 2
307 860 0
650 291 1
976 222 1

552 348 1
592 718 0
137 21 2
220 339 2

650 892 8
116 303 10
230 141 15
73 448 2
985 98 19
881 74 16
11 979 16
567 923 12
542 60 8
16 632 23
839 282 17
722 751 20
6 981 13
319 54 11
14 272 13
405 284 17
144 203 15
954 97 25
138 113 8
309 952 17
76 675 18
795 33 24
358 704 3
18 901 19
127 915 19
530 817 8
968 771 5
467 909 21
950 570 25
67 647 2
584 794 10
433 152 17
985 522 18
279 2 11
198 17 8
49 548 25
807 516 24
311 335 10
632 637 6
257 705 5
558 641 24
243 74 3
633 411 26
277 691 3
836 241 20
419 291 20
468 98 12
992 761 22
425 745 10
781 3 17
784 913 8
933 156 7
235 142 19
59 771 12
237 607 3
432 378 21
176 198 22
436 190 10
383 616 6
968 749 9
610 534 22
