829 45 2
597 762 2
461 618 0
838 140 2
250 195 0

383 591 1
345 458 2
123 695 0
742 413 2
941 158 0

325 988 15
560 937 3
208 750 21
896 941 13
216 543 11
453 926 4
590 271 12
79 746 9
767 489 22
420 430 6
536 107 21
50 667 8
678 228 9
572 124 25
311 692 20
597 145 21
474 736 19
161 815 16
896 935 7
691 355 14
997 244 22
291 646 14
875 324 19
209 248 19
484 911 11
302 508 9
398 334 20
765 848 12
231 744 24
186 435 7
924 785 3
769 76 24
633 303 25
726 864 25
295 700 12
556 2 22
963 752 9
458 518 7
121 101 3
718 288 13
23 564 23
924 685 2
823 670 7
398 396 22
222 43 24
309 952 4
256 267 6
890 726 26
372 199 3
598 917 18
260 293 9
58 569 19
285 745 14
362 378 10
164 987 3
719 877 4
495 250 5
21 848 22
539 460 17
621 519 12
388 156 7
178 324 2
364 239 20
945 602 23
479 766 10
280 837 15
159 333 15
237 706 13
584 246 26
225 867 22
787 608 3
742 138 3
544 502 19
712 799 21
611 630 15
496 910 4
259 421 12
624 10 19
838 947 17
512 172 11
57 959 19
110 53 7
677 625 16
