419 650 0
100 640 2
57 452 1
609 837 1

256 104 2
534 804 2
875 393 2
992 130 0

393 59 10
178 271 10
917 42 11
625 142 26
195 552 5
122 161 17
523 418 23
913 304 3
434 180 23
715 524 4
922 917 15
130 448 13
189 717 6
599 537 2
753 11 16
743 534 9
793 234 22
141 950 21
268 224 16
158 707 14
320 248 6
524 498 25
825 850 26
589 946 13
123 488 13
961 281 24
684 422 26
578 43 26
742 553 10
706 873 8
59 972 3
248 738 2
59 861 17
22 174 25
220 858 24
71 789 17
795 883 21
578 590 21
961 625 21
490 36 20
469 360 19
650 961 9
425 20 22
288 967 7
662 38 21
728 834 6
699 764 21
895 78 24
489 920 12
407 389 23
826 39 9
983 816 6
353 208 26
898 848 18
5 511 7
901 591 18
680 642 9
50 537 12
397 379 8
132 138 24
580 965 16
989 948 9
419 302 20
595 552 20
387 909 6
937 490 18
69 892 8
632 641 12
115 774 25
339 706 17
955 696 16
388 115 20
733 710 24
926 449 10
983 18 20
630 955 12
272 377 5
803 361 21
65 828 22
465 167 4
831 123 25
497 863 17
817 596 4
689 522 4
822 505 24
117 488 7
