847 264 2
553 969 1
231 433 0
682 949 2
92 963 1
516 421 0
180 907 2

386 521 1
749 993 2
497 621 1
641 469 1
915 374 0
770 605 2
500 639 2

28 732 22
910 600 18
73 781 3
673 268 19
732 765 16
692 406 12
268 674 11
165 796 18
496 296 8
444 364 23
720 748 19
869 773 13
12 857 3
713 169 13
672 687 9
940 535 8
496 16 12
136 444 26
377 888 17
643 830 14
804 194 23
82 322 25
119 387 21
830 411 8
690 352 19
198 848 12
383 985 6
640 107 15
354 911 11
925 994 11
398 113 23
393 296 10
74 338 12
643 536 12
580 271 22
609 130 11
231 181 26
813 821 10
226 175 22
193 596 6
626 23 19
763 18 7
71 560 10
756 791 17
