743 922 2
781 664 1
247 789 1
218 73 0
751 883 0
540 962 0
721 112 0
350 20 1
655 593 0

902 32 0
580 127 0
694 908 2
693 507 1
949 725 0
967 828 1
144 720 2
384 441 2
751 791 0

652 798 21
487 633 9
277 327 19
83 20 26
678 969 4
347 289 7
899 785 3
766 522 21
97 273 15
96 278 13
392 249 16
879 717 26
520 478 19
524 178 10
5 429 23
558 195 22
904 292 20
42 740 23
331 484 24
320 556 12
294 435 4
595 381 6
916 254 12
910 778 15
967 45 17
262 950 11
182 992 2
381 323 11
828 995 18
716 289 5
373 152 18
960 415 21
373 961 9
957 190 4
344 724 24
119 105 24
730 286 20
854 322 21
839 47 25
782 7 15
151 380 26
360 300 6
263 609 23
115 953 23
312 72 3
185 155 16
914 259 16
660 450 15
911 232 23
851 96 5
405 711 15
502 827 18
518 433 7
436 700 17
325 712 19
262 200 15
290 403 13
909 662 4
152 337 22
643 161 11
224 597 13
416 275 26
410 241 26
839 25 4
493 530 19
638 350 12
812 994 23
124 570 22
135 338 22
465 406 3
280 597 6
276 729 11
86 541 7
330 153 17
877 364 16
314 275 4
605 438 21
42 255 3
