511 694 0
896 393 0
61 320 0
108 542 1
73 301 0
5 457 0

288 557 1
721 309 2
121 467 0
530 701 1
104 212 0
562 109 2

381 522 24
221 631 18
298 56 22
597 349 12
609 422 21
751 73 17
11 529 6
318 443 17
18 176 15
742 749 23
9 48 4
929 965 15
306 914 16
593 875 13
837 207 8
253 311 8
370 322 14
699 992 9
490 10 10
803 753 9
451 762 9
803 43 24
568 349 13
34 943 14
922 132 23
353 385 9
298 807 26
182 297 14
347 255 8
557 410 26
379 978 25
468 364 20
432 286 3
955 991 15
790 552 23
947 202 5
448 384 4
312 626 8
929 325 13
12 882 25
786 614 5
262 434 19
680 866 5
583 821 21
872 611 23
268 910 2
823 711 11
27 23 14
683 953 14
946 965 22
971 104 13
974 366 22
341 398 13
994 982 11
990 854 25
538 474 10
288 649 21
774 676 22
886 711 25
323 9 17
995 980 21
281 954 14
1 647 13
939 641 22
51 983 26
774 521 2
759 161 26
456 935 2
176 173 15
201 848 24
191 196 4
638 477 10
450 831 7
13 122 25
