566 140 1
830 821 0
190 4 0
846 856 0
758 232 2
75 757 2
982 668 2
797 70 1

938 683 0
206 243 1
201 161 2
930 343 0
258 533 2
859 380 2
355 138 1
192 214 0

92 345 12
701 635 20
123 842 15
568 325 21
534 935 5
504 794 10
683 150 25
446 694 14
318 345 12
468 491 20
113 966 12
2 742 7
403 311 7
148 845 17
778 702 14
788 737 16
936 183 10
561 711 22
413 292 6
850 646 26
683 402 14
488 902 9
581 680 13
468 468 2
209 404 12
292 55 15
73 969 26
995 490 5
408 255 25
139 106 23
613 789 25
750 629 4
85 562 9
473 30 4
599 591 11
259 884 18
773 309 14
153 555 18
199 521 9
0 271 14
702 708 26
437 182 9
