609 954 2
335 994 1
975 199 1
287 680 1
109 501 0
799 734 2

203 991 1
857 261 0
745 958 0
239 244 0
937 205 2
458 893 1

681 868 24
869 507 5
266 969 6
465 120 17
154 323 10
255 532 22
684 277 5
492 516 2
287 806 9
389 264 4
837 945 22
484 814 7
164 80 3
993 897 23
260 403 23
519 658 5
391 695 7
648 474 7
158 52 18
256 537 9
213 701 16
139 47 15
537 659 19
258 178 4
393 143 11
349 424 3
170 935 6
288 543 18
572 756 21
550 784 3
567 42 8
669 298 2
578 443 20
314 792 20
266 315 5
270 603 23
163 176 6
757 464 3
751 14 12
52 933 4
235 880 11
692 549 9
292 479 2
36 794 22
204 60 12
659 682 17
