302 193 2
386 874 0
200 275 0
276 784 0
746 428 2
221 390 2
789 367 2
349 312 1
169 652 0

652 788 2
389 90 1
247 828 1
555 29 2
379 305 2
768 51 0
483 624 0
486 413 2
659 763 0

750 284 20
989 288 10
820 677 25
197 924 5
447 831 9
677 562 16
690 331 20
484 166 19
668 652 8
572 663 23
8 754 22
16 927 25
114 124 26
52 952 20
16 643 3
135 720 11
8 860 2
813 868 8
133 94 14
364 498 16
509 515 9
986 251 14
980 980 12
627 467 9
288 475 21
715 640 14
897 251 25
709 984 2
646 117 23
858 833 22
22 343 14
469 309 23
115 929 16
834 996 6
773 245 7
948 955 17
544 836 5
817 444 21
205 559 25
421 393 23
926 166 19
33 114 24
125 939 25
730 354 19
468 310 12
887 854 23
615 671 18
984 228 4
634 650 23
281 928 16
525 313 8
372 791 24
172 478 10
431 560 17
875 28 2
335 915 6
632 882 4
725 219 9
377 205 11
775 838 16
692 363 5
723 735 23
808 690 11
573 566 16
648 901 8
929 885 15
881 962 11
765 692 17
300 467 5
114 511 21
594 586 8
865 984 16
966 792 8
316 13 3
272 942 15
463 175 5
872 940 22
839 592 16
645 59 3
814 5 14
70 871 23
586 189 17
145 817 7
917 133 22
