404 576 0
850 23 0
385 355 0
823 63 0
380 321 0
897 275 2
695 99 2
953 791 1
303 264 0

497 777 2
159 182 0
13 384 2
876 769 2
155 945 0
200 325 2
74 574 2
360 269 0
949 222 0

437 878 7
315 375 11
322 887 20
553 252 4
120 635 23
497 187 25
195 262 24
520 622 18
944 923 17
512 712 22
344 28 23
954 350 12
449 256 14
978 888 7
276 737 21
899 932 8
96 452 7
577 605 2
223 911 4
460 361 10
949 690 5
918 20 18
20 195 14
778 643 18
511 909 16
238 792 12
141 827 11
551 128 26
729 47 23
302 942 16
632 584 18
624 102 11
876 341 3
86 679 21
560 172 23
623 157 26
519 305 25
712 959 20
451 701 18
829 309 4
688 186 22
340 624 4
359 536 26
557 283 2
884 906 10
610 425 17
611 489 26
554 941 4
570 479 15
522 308 24
576 997 10
972 689 12
998 957 6
26 194 14
53 767 6
854 673 24
545 117 12
42 694 11
78 666 25
286 415 9
118 793 5
855 356 12
