864 12 2
886 695 1
986 214 2
967 959 0
110 9 2
328 413 1
224 458 1
408 200 1

312 159 0
16 245 1
445 109 0
614 996 1
249 334 0
468 301 0
718 763 2
797 91 2

72 316 4
926 76 4
480 388 15
811 404 10
869 849 22
292 463 18
797 885 6
441 603 19
446 401 13
216 825 6
445 751 7
875 583 20
463 394 24
297 616 25
592 260 15
235 21 4
212 819 14
491 612 20
886 410 21
372 978 23
526 424 26
756 299 9
726 114 4
323 707 5
361 942 3
815 507 24
155 350 13
98 236 23
794 960 2
315 838 3
291 946 4
498 672 18
100 772 7
670 95 14
500 808 9
352 976 16
726 483 18
713 933 5
461 727 17
836 394 6
339 685 2
141 183 2
58 636 24
738 658 22
159 863 8
700 589 16
592 302 24
512 952 22
143 292 9
971 843 8
815 411 2
94 570 15
142 863 9
516 935 25
618 799 3
465 943 22
350 664 7
418 987 3
540 148 22
766 594 20
884 788 8
569 657 20
17 627 19
815 442 3
24 686 25
335 227 23
58 993 17
703 199 13
619 436 4
750 5 11
250 960 2
790 22 5
138 432 25
728 135 24
964 754 10
693 856 17
727 376 15
