485 709 0
614 138 1
451 536 0
127 450 1
10 473 2

198 804 0
229 830 1
96 846 2
670 243 2
763 132 2

605 617 19
512 584 9
626 35 23
665 514 23
333 524 23
897 723 2
206 304 9
245 401 6
148 187 8
956 144 2
825 8 13
185 634 23
81 299 13
779 984 14
950 881 12
277 440 17
439 801 20
38 301 7
121 609 3
810 619 20
833 52 20
371 831 6
434 781 15
219 411 5
661 846 15
856 637 18
286 321 15
595 483 11
891 317 14
878 46 17
131 59 13
422 916 25
865 743 2
258 727 25
611 13 23
751 961 7
511 852 24
323 338 14
670 755 16
799 634 12
339 117 23
