495 681 2
278 122 2
436 886 0
27 622 1
946 263 2
970 520 1

388 124 0
950 807 0
180 444 0
627 765 0
585 260 1
482 890 0

876 327 3
758 706 26
877 652 16
783 974 11
241 362 12
338 313 21
560 472 6
493 410 18
459 244 9
899 121 13
879 108 24
443 243 23
879 485 11
439 823 26
510 12 21
674 572 20
603 417 5
496 228 25
39 58 4
209 937 14
31 732 7
827 611 17
338 50 16
183 586 5
677 541 24
932 38 3
432 966 10
701 358 18
905 567 7
217 950 14
773 777 2
381 334 16
610 870 3
115 899 19
37 831 9
188 264 3
171 317 11
246 440 5
660 565 9
685 731 2
112 112 14
804 74 9
730 189 8
407 767 5
922 454 15
857 152 14
210 616 3
897 420 3
454 502 17
910 52 21
549 811 14
805 746 5
378 215 12
114 814 8
620 671 12
857 881 5
559 778 26
687 584 3
