77 397 0
148 27 2
842 999 1
154 443 0
662 58 1
637 508 0

427 882 1
473 863 0
908 37 2
188 623 1
105 701 2
285 849 1

49 44 20
343 198 15
65 860 24
741 497 7
781 277 14
293 102 2
472 10 16
217 550 17
459 655 18
451 941 19
470 342 13
840 686 11
258 977 2
520 622 5
998 95 15
864 664 18
354 475 23
545 279 16
290 749 9
726 942 22
713 948 25
912 826 21
934 956 21
714 954 18
504 171 9
845 525 10
842 423 14
483 713 15
115 791 9
785 504 7
910 768 8
880 377 19
469 233 3
501 79 6
361 273 4
500 756 17
741 872 8
714 152 12
808 783 6
815 252 15
346 819 19
825 320 25
665 413 24
648 688 9
136 94 6
745 161 8
730 620 16
731 428 26
460 243 6
775 237 12
169 935 6
836 760 3
260 777 18
907 426 7
916 914 3
845 659 14
278 742 11
42 473 14
294 285 10
798 413 24
760 582 12
541 419 24
643 679 2
509 938 5
418 700 4
