767 645 0
85 462 2
545 43 2
564 860 2
51 480 2

14 142 1
35 137 2
975 447 1
456 36 1
353 370 0

499 137 5
343 574 17
853 471 13
963 387 25
542 438 6
525 804 23
21 840 12
190 167 9
695 975 23
2 328 20
958 179 9
911 523 8
679 376 6
842 691 18
865 585 8
369 110 13
367 483 5
503 674 22
437 721 24
760 723 2
635 296 6
743 975 9
322 169 25
640 35 11
397 756 23
711 979 8
230 177 4
157 630 12
263 618 8
245 361 11
3 676 17
989 73 26
623 77 24
302 307 3
575 325 17
986 279 3
214 634 5
182 623 3
258 61 10
458 430 4
936 60 16
765 117 8
224 608 13
653 535 13
443 521 19
270 88 4
