324 391 2
179 265 1
670 543 2
679 137 2
799 128 0
493 703 0
250 586 2
214 926 1

157 670 0
428 401 2
14 77 2
676 256 0
726 926 2
293 958 0
271 109 0
9 602 2

967 204 4
982 770 7
277 707 4
315 722 8
97 398 14
144 124 18
438 770 3
870 41 12
783 51 14
751 370 20
953 352 15
785 474 18
936 751 25
840 67 22
411 660 24
279 450 19
40 456 16
929 207 11
22 512 13
885 649 14
28 938 16
527 778 10
99 952 26
70 715 11
518 994 11
87 99 9
712 68 26
96 442 15
184 327 15
747 356 3
413 235 8
498 334 12
747 757 2
656 627 21
