398 611 0
311 407 1
341 234 1
848 672 1
554 694 2
933 488 0

950 423 0
845 419 0
957 431 2
117 876 2
729 626 2
614 937 0

98 631 10
531 479 8
687 385 4
449 671 17
988 819 14
148 776 22
241 246 23
118 327 24
958 941 14
205 40 20
390 923 26
896 962 11
448 764 7
841 533 6
657 521 25
596 22 3
967 263 24
213 381 26
438 339 18
393 286 8
378 983 9
411 824 18
65 833 16
890 782 13
843 749 3
43 962 9
569 400 25
37 352 21
545 97 10
370 845 3
527 608 5
570 25 15
487 267 22
73 110 21
275 153 11
209 723 13
835 760 16
356 658 13
164 634 7
507 4 2
186 884 12
41 806 12
729 293 4
552 367 16
123 994 22
657 555 22
287 747 17
930 771 8
682 957 19
42 998 26
779 79 19
898 107 9
518 116 15
565 412 7
372 51 6
746 40 2
439 82 25
82 997 15
451 765 13
