293 121 2
675 471 1
863 526 0
125 244 1

387 329 0
338 324 0
251 693 2
986 586 0

218 580 22
834 724 11
69 369 8
306 45 6
451 260 7
468 124 9
963 462 8
193 66 4
729 52 15
992 270 22
865 457 23
201 526 17
659 832 14
588 636 25
43 372 12
94 841 14
826 804 3
235 349 19
689 78 23
377 423 19
397 841 4
462 501 13
0 133 22
812 579 15
101 758 19
853 345 20
670 34 26
892 763 24
736 112 14
37 861 5
864 323 6
227 600 21
875 952 6
812 218 20
181 71 17
899 94 26
48 338 14
620 426 3
184 815 14
238 31 15
788 485 22
330 896 9
500 77 8
16 977 2
917 377 17
582 350 20
358 534 10
348 772 16
13 269 24
278 57 10
887 361 16
497 213 18
305 499 25
770 81 25
13 791 9
423 491 9
512 504 3
211 135 12
314 575 4
480 72 18
723 602 24
944 907 25
894 29 6
842 394 23
676 817 14
635 329 21
511 892 6
465 603 20
495 435 17
738 158 19
210 454 3
534 348 7
290 542 26
838 219 20
878 854 26
422 718 19
453 867 8
171 684 13
465 179 25
830 269 10
150 480 15
728 366 15
