678 65 0
170 885 1
239 560 2
755 85 0
701 796 1

105 420 2
848 212 0
269 973 0
836 866 0
683 560 2

365 239 21
994 761 6
358 352 18
440 107 6
205 160 2
262 617 24
453 818 11
932 275 3
708 959 13
986 324 4
330 670 15
559 29 17
632 26 12
7 288 5
154 93 23
866 743 12
550 676 12
101 736 21
213 722 22
267 405 18
731 964 24
898 17 20
173 1 21
609 8 10
14 515 5
237 381 24
547 931 2
484 33 15
381 598 14
601 865 19
844 948 11
116 847 5
209 20 7
681 981 15
441 347 7
294 584 13
891 483 20
868 968 5
581 349 5
369 302 20
561 147 21
70 615 20
949 825 17
421 299 21
177 593 8
313 837 16
733 705 9
186 639 10
589 8 13
131 344 2
899 645 4
39 826 12
513 247 11
335 424 7
630 823 26
840 10 17
398 951 2
611 513 24
971 644 20
947 543 15
99 583 18
771 783 17
26 524 7
470 507 5
620 347 17
112 97 21
613 709 9
387 680 4
505 627 22
561 541 6
101 312 14
418 339 16
473 809 25
296 894 21
898 246 13
952 751 17
549 371 21
730 284 12
711 385 2
475 804 18
116 629 2
