110 441 0
624 810 1
688 709 2
387 345 2
776 378 1
480 330 2
821 101 1
511 390 2

502 227 1
225 566 2
166 28 1
884 652 0
541 693 1
533 80 0
948 208 0
860 41 1

291 862 6
194 725 23
794 227 3
559 805 19
142 971 22
167 855 26
355 748 19
251 281 2
493 582 12
417 86 18
173 280 18
672 426 23
398 985 3
690 480 26
362 647 9
38 354 7
56 606 16
868 565 17
272 982 3
538 508 11
881 180 12
452 578 25
180 620 5
880 982 4
787 20 9
83 638 16
306 859 7
972 131 16
75 21 24
811 902 4
974 707 7
474 887 4
102 119 13
81 906 11
63 701 14
3 136 5
395 443 14
352 767 20
291 194 18
739 6 20
718 980 4
