120 709 1
550 167 2
334 199 2
834 571 0

816 705 1
310 312 0
624 911 1
285 499 1

833 902 20
258 404 24
73 524 11
363 427 3
163 761 2
353 948 25
622 116 5
902 426 19
146 50 5
945 687 5
390 521 9
883 131 15
381 557 17
940 272 19
18 435 7
295 140 7
48 17 25
617 515 2
98 461 15
78 851 13
960 735 21
598 468 5
407 130 15
463 425 6
818 920 21
540 937 6
192 35 17
180 113 20
393 425 7
90 376 2
221 897 19
887 712 19
693 530 14
614 820 11
552 712 24
358 905 11
273 437 2
744 183 2
949 273 3
975 968 20
112 190 19
380 77 6
424 122 11
389 736 9
673 288 21
895 999 26
505 624 14
932 368 22
432 670 22
309 645 15
379 109 7
346 489 11
25 266 8
234 655 19
968 328 10
63 576 9
414 433 8
203 365 4
175 797 24
420 458 21
986 837 5
741 183 22
926 560 13
