524 516 2
908 47 2
99 484 2
731 100 0
536 373 1
487 477 2
213 652 0
387 41 2

27 557 2
275 795 2
289 671 2
688 579 2
98 679 0
743 410 1
464 298 2
881 137 0

965 702 9
267 89 2
834 744 7
987 33 3
8 721 8
724 819 14
277 914 24
281 378 24
514 577 14
373 844 5
274 730 24
84 916 18
689 255 2
317 263 25
173 339 22
412 968 11
8 261 4
93 127 6
232 500 26
460 126 8
158 210 26
599 251 6
426 921 21
327 446 12
47 859 6
33 920 8
398 929 21
282 254 25
681 66 4
514 224 16
263 176 20
619 954 16
590 281 12
900 680 21
531 714 19
412 464 23
231 122 26
57 155 17
9 21 19
523 636 20
993 607 26
32 197 8
870 449 15
566 981 6
183 393 21
729 4 13
649 235 12
823 292 19
416 653 15
585 177 3
877 555 9
810 425 8
424 991 14
455 175 10
599 256 14
287 906 26
97 81 19
414 849 22
430 364 24
197 756 8
745 988 3
755 939 10
