254 573 2
643 894 2
816 389 2
450 478 1
368 523 2
398 792 1

836 184 1
427 558 1
419 85 1
812 634 2
818 241 2
623 236 2

147 622 24
88 810 8
539 8 4
11 173 16
331 991 9
224 966 20
12 769 23
541 414 4
900 265 4
753 853 15
612 67 4
381 606 13
883 969 13
724 300 6
806 525 22
125 889 18
848 783 7
427 683 25
230 114 15
358 220 20
297 184 12
176 565 21
64 800 15
125 525 18
881 683 20
251 808 11
94 9 19
352 436 5
875 18 21
515 729 16
8 378 2
569 554 17
88 619 18
928 96 20
69 978 3
87 581 14
699 676 25
741 28 11
716 770 11
133 699 20
998 139 16
16 68 13
911 489 18
490 929 24
229 628 2
977 721 7
513 893 12
68 609 9
704 441 15
287 925 6
814 557 15
780 47 19
328 276 22
