521 816 1
685 182 2
871 219 0
863 432 1
822 20 0
72 476 2
248 766 0

99 990 2
233 63 1
975 40 1
652 561 1
632 598 0
577 469 2
127 684 2

900 858 4
124 931 7
949 179 24
348 278 16
762 863 6
407 191 21
436 195 9
281 827 8
660 757 4
610 236 16
992 136 24
394 260 7
976 209 11
973 909 16
664 672 7
418 79 25
212 867 20
272 148 22
930 160 6
409 770 17
573 762 5
901 485 2
738 810 14
204 475 11
886 893 17
759 458 10
827 82 10
75 12 21
431 421 18
672 995 6
400 943 16
644 286 14
456 491 16
207 489 19
342 668 26
626 743 15
422 175 14
340 199 11
21 951 4
237 689 14
426 145 5
648 996 25
367 339 19
169 317 12
982 739 14
732 16 12
158 253 26
222 680 21
425 770 10
709 770 6
835 490 20
277 659 12
814 993 3
879 915 10
790 770 15
5 855 6
617 365 11
566 587 16
12 364 14
775 612 26
345 889 10
881 56 6
859 935 21
484 435 25
363 52 17
848 619 6
364 631 22
651 879 23
61 654 10
960 999 2
775 444 20
946 713 22
239 198 9
388 913 12
605 761 8
410 126 16
