819 991 2
379 590 0
632 998 1
529 761 2
247 963 1

102 33 2
345 660 1
328 248 2
654 2 1
469 780 0

574 963 12
579 844 23
946 92 14
254 546 24
882 243 11
419 924 9
467 578 13
138 399 18
744 747 20
693 733 2
880 308 17
418 239 12
716 537 6
978 791 4
284 445 21
543 912 26
804 403 26
198 499 25
191 193 10
868 73 20
509 491 12
994 208 24
275 538 18
102 164 18
172 800 15
519 344 3
795 500 8
119 698 7
894 242 25
755 110 24
923 971 17
683 965 2
126 694 7
944 867 7
736 533 4
449 251 21
770 282 3
662 317 21
763 650 13
754 128 8
909 425 2
868 721 25
20 740 5
222 189 7
667 614 15
452 399 15
296 514 17
85 620 21
216 881 21
918 97 6
6 965 4
979 337 21
310 912 12
540 579 2
480 505 13
351 957 14
891 606 3
81 691 25
752 259 6
496 177 4
577 535 21
731 866 11
625 176 23
413 68 4
463 549 9
601 252 18
491 143 24
894 576 17
918 329 3
822 177 7
824 755 19
496 486 11
505 464 14
426 229 8
630 692 9
987 645 13
653 136 8
278 31 9
