54 113 0
296 727 2
811 643 0
217 965 1
349 754 0
469 144 2
127 921 0
641 125 2
800 984 2

438 168 2
340 222 2
253 870 2
961 681 0
867 250 2
185 952 1
610 421 0
530 901 1
474 894 1

359 694 8
748 485 2
467 825 26
298 430 22
115 611 8
184 467 5
56 826 2
912 575 12
937 394 14
889 44 19
359 605 12
214 72 25
320 411 24
730 79 7
562 220 25
998 756 18
977 812 19
2 725 21
864 14 17
903 903 12
372 614 19
584 829 17
408 501 5
186 144 13
377 121 2
746 475 4
43 691 19
733 946 24
820 318 16
278 311 23
806 43 5
765 505 26
685 519 24
206 820 7
620 685 10
215 315 23
311 473 18
992 238 24
466 534 17
789 471 15
234 156 9
506 722 23
469 481 22
731 687 19
312 659 4
147 226 19
646 537 17
187 529 7
586 348 19
