262 344 2
148 979 0
293 915 0
126 671 1

803 29 0
919 742 0
212 917 2
729 124 0

458 865 26
132 205 4
982 819 26
922 967 7
386 612 24
533 90 21
713 894 2
997 813 21
876 377 14
477 106 13
821 916 3
973 48 10
452 382 4
628 305 23
652 641 24
696 867 16
183 697 23
147 870 14
975 843 15
9 648 22
213 276 4
385 412 25
521 970 3
572 101 13
209 149 7
224 685 4
697 832 25
86 159 20
876 168 18
49 382 22
878 119 11
751 992 6
905 91 5
700 663 8
486 225 7
491 801 19
546 498 3
887 813 6
656 862 15
701 740 9
510 844 3
641 749 20
746 449 10
952 287 10
659 130 11
52 676 11
628 795 25
364 35 13
621 691 2
369 254 13
