8 610 0
127 525 2
356 83 1
36 740 0
227 279 2

694 700 0
266 749 0
701 910 1
374 730 2
102 514 1

867 874 21
792 353 21
493 745 23
681 973 3
729 19 5
965 637 5
639 339 17
550 713 25
90 815 14
473 35 13
467 179 18
338 206 2
369 814 18
747 780 6
227 419 20
618 321 8
91 411 25
430 237 12
209 395 25
836 39 2
208 82 12
554 803 2
270 551 7
976 130 3
669 100 2
427 191 13
1 973 2
313 616 9
453 177 4
504 13 20
254 222 3
90 128 8
874 727 17
75 396 17
302 176 11
941 177 9
816 842 3
748 296 5
75 152 21
794 406 18
947 848 23
903 292 23
763 166 25
105 594 24
547 896 25
181 837 4
141 654 21
69 402 19
822 478 21
293 624 5
986 923 5
807 178 23
379 293 16
428 298 7
651 479 19
755 972 23
702 41 3
944 216 6
691 509 7
196 496 7
901 303 12
899 34 6
64 64 6
822 844 6
477 496 11
