350 981 2
800 653 0
760 340 0
923 456 0

645 729 1
276 666 1
972 215 1
270 425 0

777 123 12
572 44 24
402 747 6
358 547 11
695 659 3
463 582 10
235 579 16
540 207 7
318 180 24
518 579 25
128 503 22
953 906 21
369 126 14
329 361 19
18 254 26
373 572 8
648 906 11
348 776 17
523 904 21
95 209 4
414 968 20
633 186 10
511 556 12
323 237 25
67 256 4
19 981 4
502 629 12
436 329 13
302 853 19
671 948 4
245 348 11
503 211 19
240 886 6
43 325 21
320 827 2
855 616 7
166 918 12
86 941 12
863 591 2
960 836 2
436 932 25
218 271 6
903 666 6
274 987 10
275 194 26
492 799 12
327 14 3
878 974 16
128 219 8
942 7 17
290 225 15
275 755 20
433 382 15
208 987 5
238 159 18
166 389 19
283 869 13
91 811 23
831 101 23
194 397 6
575 672 12
859 666 9
487 270 15
266 860 24
707 379 15
474 662 10
813 753 21
159 936 25
82 482 22
487 57 22
647 353 5
541 212 23
841 317 6
65 24 10
679 851 22
162 16 2
808 175 15
556 609 22
