317 697 1
964 428 2
354 566 0
344 960 1

474 27 2
772 984 0
292 667 0
95 622 2

175 754 9
645 382 23
686 700 21
397 664 26
798 370 17
838 66 4
144 540 6
844 313 16
388 53 5
235 228 11
167 225 19
913 263 21
709 661 12
723 297 23
825 793 13
955 637 3
421 333 11
554 721 14
818 475 21
62 741 9
6 450 22
296 107 5
692 285 23
981 240 13
934 13 21
493 567 20
457 876 26
649 46 4
418 109 20
803 115 22
848 82 6
705 730 16
858 775 3
157 756 20
445 690 8
66 536 25
409 993 3
188 413 8
78 769 8
485 474 15
999 684 15
150 841 23
893 638 16
1 705 2
324 114 20
227 527 15
824 715 6
883 475 26
57 554 20
665 39 19
355 390 4
469 892 22
690 785 11
954 786 16
106 462 7
252 41 10
392 217 2
946 100 3
421 509 9
16 526 23
734 882 15
488 703 7
83 745 19
669 52 5
960 158 19
718 410 10
651 155 2
3 101 5
831 874 16
213 891 20
986 977 4
149 465 7
556 900 4
748 922 6
78 882 17
870 600 4
458 959 13
313 790 14
677 356 7
272 342 9
749 844 26
281 752 4
559 501 26
888 579 10
728 450 11
331 857 16
440 315 25
651 628 16
779 680 12
