325 211 1
190 478 0
119 845 0
943 128 2
364 443 1
597 53 1
646 988 0

183 884 2
18 425 0
17 809 1
66 134 0
97 325 1
554 796 0
699 91 0

994 405 12
60 51 25
429 234 12
175 605 14
830 974 23
275 392 10
932 489 12
767 820 17
77 232 18
728 661 5
615 837 12
279 19 11
752 646 3
712 579 19
997 647 14
431 696 9
308 558 10
993 326 8
83 755 15
224 835 4
304 802 18
989 81 14
0 186 10
403 898 16
935 31 11
317 339 20
878 332 23
611 415 5
576 991 18
555 648 20
371 637 4
910 990 17
96 393 15
860 41 13
83 645 10
453 875 19
501 486 11
305 415 3
793 694 15
20 604 7
137 700 26
801 913 17
64 889 20
359 972 15
992 778 16
310 279 2
746 936 19
822 936 15
898 730 9
