154 319 2
553 996 0
402 449 2
360 456 2
18 838 1
662 674 1
459 431 1

413 457 1
914 196 2
435 681 0
610 835 0
716 741 2
590 495 1
32 855 2

549 226 13
966 888 14
679 113 2
316 27 25
217 425 19
434 141 10
999 84 7
366 116 12
189 17 15
202 983 4
242 492 4
360 171 17
288 487 21
411 158 9
216 727 9
560 161 2
293 513 11
225 879 4
660 421 22
674 975 7
882 578 23
597 218 13
43 981 21
600 197 24
934 109 12
673 979 7
98 666 5
830 946 23
703 828 3
452 777 21
688 820 2
82 773 2
556 707 11
544 821 16
44 495 20
776 196 12
281 646 5
108 532 4
384 984 8
230 24 4
57 106 2
434 15 11
921 911 8
595 717 24
650 587 9
302 323 20
436 553 19
38 963 3
413 749 20
199 670 6
455 832 13
558 567 24
209 162 19
506 635 23
641 292 9
635 728 15
4 766 5
480 531 4
323 730 25
429 538 9
843 96 26
259 164 26
306 148 15
940 790 7
249 777 10
464 781 26
642 614 7
570 289 15
168 719 3
302 562 26
4 254 9
867 514 26
718 172 24
207 112 16
987 713 18
