917 79 2
143 387 0
687 997 2
790 271 2
73 455 0

379 34 1
175 574 1
438 545 2
523 693 0
878 337 0

471 606 2
667 750 16
417 437 14
722 579 12
516 383 3
751 558 3
497 349 25
270 872 18
512 102 6
983 573 12
533 592 14
175 10 26
462 84 6
724 774 12
441 642 21
193 745 6
519 243 5
742 865 4
11 377 6
265 360 7
477 246 24
440 421 11
191 235 22
522 959 23
858 752 15
929 945 11
558 464 6
889 559 21
91 570 24
748 187 11
978 16 9
152 808 7
689 0 19
309 874 3
56 732 6
796 13 3
282 572 20
11 813 4
958 256 26
966 686 8
601 839 17
