241 276 1
965 238 1
141 469 2
278 262 0
583 635 2
703 19 1
20 489 1
273 130 0

931 890 2
246 542 1
188 135 1
962 101 1
681 242 1
495 520 0
931 455 1
68 510 1

835 530 15
684 803 23
509 685 8
578 226 18
923 188 21
507 869 15
911 717 12
578 0 17
233 68 2
907 255 10
422 291 13
420 535 2
309 396 15
740 974 16
658 898 4
678 757 26
643 668 18
129 247 20
69 832 13
872 739 20
693 934 22
621 243 20
234 983 20
73 993 20
452 23 2
53 667 20
371 796 19
427 89 15
420 646 4
57 692 13
797 547 16
692 972 9
485 776 10
35 830 2
606 201 23
423 891 17
425 670 9
813 91 5
67 148 22
255 377 12
686 526 9
452 219 8
