234 295 1
953 851 0
76 686 2
866 949 0
582 268 0
823 707 1
45 316 1
235 359 2

24 914 0
827 266 2
804 501 1
967 806 2
16 882 2
16 100 1
720 682 2
971 858 1

460 255 20
654 490 5
411 514 21
454 694 12
213 850 15
620 817 21
230 186 6
526 202 6
124 274 14
991 245 22
916 706 2
510 712 19
463 123 11
682 577 5
519 142 5
210 114 23
706 344 9
85 223 13
565 347 12
99 607 16
726 117 3
195 932 3
179 966 7
857 837 24
738 47 16
84 754 12
968 191 10
406 756 10
118 835 23
740 364 24
468 560 8
319 739 24
99 949 12
374 687 11
115 123 17
200 443 9
509 849 17
517 967 3
215 44 16
521 136 8
295 605 20
26 728 10
888 454 24
798 569 22
813 769 15
372 630 16
688 499 9
191 715 5
332 588 16
118 264 5
576 504 11
426 302 5
398 468 26
462 840 9
78 528 8
310 71 25
290 404 13
55 242 24
128 851 13
478 321 4
908 249 9
144 675 13
597 74 6
524 888 24
81 966 4
489 629 26
613 919 5
676 326 24
623 455 2
512 285 23
664 546 23
985 640 24
116 164 12
88 597 4
293 86 8
217 51 4
897 728 6
