551 936 2
176 91 0
261 459 0
638 631 2
451 890 1
248 58 0

437 499 2
897 698 0
967 59 2
307 262 2
972 813 1
60 989 1

478 250 25
119 692 23
732 293 8
962 730 7
924 979 8
688 946 17
190 605 4
199 578 19
497 638 9
886 468 11
86 100 4
917 220 22
990 304 15
122 266 22
104 543 4
785 231 25
877 773 8
879 973 11
47 470 26
556 709 21
667 795 21
20 65 18
417 55 23
107 529 16
879 634 9
631 419 18
682 297 16
338 528 14
924 927 12
148 835 23
544 503 18
688 875 8
405 644 16
778 751 20
417 630 4
952 614 24
718 296 23
257 986 26
122 910 4
457 410 14
853 954 19
396 642 21
5 399 15
669 177 16
214 947 24
42 899 13
537 226 22
313 348 7
17 805 17
557 10 23
599 759 17
869 116 19
134 137 21
151 351 20
798 393 21
411 386 13
672 275 15
567 589 13
724 606 21
291 163 8
812 115 19
327 336 10
594 470 22
391 621 26
486 771 21
