865 474 2
405 461 2
598 11 1
6 786 1
709 735 0
476 267 1
791 819 2

360 235 1
771 682 1
264 473 0
949 338 0
6 96 2
514 46 0
317 52 0

628 114 5
479 590 23
980 733 17
269 217 11
912 430 25
417 788 23
384 302 19
714 971 24
182 599 13
209 411 14
499 752 10
728 22 2
288 607 9
320 519 16
43 936 5
214 673 9
784 387 8
406 922 7
494 660 13
172 869 26
584 720 3
870 736 9
779 409 3
118 804 17
598 371 15
733 155 4
839 913 3
896 407 13
384 579 9
312 180 20
240 380 7
558 304 2
684 553 9
823 937 15
182 221 6
494 820 26
462 765 13
192 566 20
726 806 25
631 160 18
368 106 2
100 281 15
115 464 11
489 924 16
863 386 9
549 578 25
17 304 6
218 287 16
884 330 13
206 698 22
82 150 3
247 266 19
281 913 24
175 402 23
241 265 10
73 167 15
471 184 22
676 402 9
392 286 15
531 845 13
776 927 16
302 174 7
645 807 22
417 334 26
466 575 16
584 500 24
542 245 13
168 552 12
657 854 13
784 621 6
558 87 8
950 988 9
508 902 9
603 487 11
101 29 6
237 211 7
570 379 11
830 37 18
616 153 19
561 938 17
398 798 19
958 659 22
990 262 11
226 363 17
356 952 3
