815 466 0
541 145 2
879 458 2
939 832 1
106 215 1
112 751 1

140 863 0
871 250 0
694 994 0
375 154 0
112 321 0
972 862 0

603 741 13
400 680 20
748 787 13
255 251 14
792 743 4
71 614 4
463 661 23
689 36 2
978 500 24
86 473 11
339 428 5
50 180 12
946 281 26
409 888 2
271 680 22
675 566 23
349 607 11
824 938 13
973 24 11
985 715 16
738 765 24
875 63 5
327 95 25
598 795 3
453 322 19
456 397 2
28 272 17
881 72 17
974 400 12
747 350 8
975 185 6
875 585 26
918 390 23
986 455 5
472 264 4
372 292 2
40 526 26
