529 571 2
131 847 1
827 35 2
457 233 1
341 262 0
374 79 1
660 690 2
708 148 0

419 463 2
423 400 1
985 281 1
803 413 1
836 592 0
548 49 0
519 390 2
285 765 2

265 905 22
317 680 24
976 665 6
558 821 21
987 657 13
164 361 19
907 86 21
989 498 7
570 115 14
967 433 19
765 761 9
844 671 7
40 10 14
476 813 23
961 18 25
188 183 13
181 90 25
302 431 23
69 321 25
261 438 13
471 634 9
853 674 19
541 150 10
489 463 3
162 652 13
549 185 6
22 839 14
345 397 18
359 432 5
695 255 15
55 108 14
72 1 17
607 491 7
161 653 9
897 554 21
428 928 11
59 761 5
49 120 12
830 815 17
245 870 3
574 254 20
630 415 26
286 93 11
722 836 11
555 896 22
558 297 17
539 707 4
692 633 9
687 615 26
596 295 14
80 17 25
541 924 21
912 569 23
645 108 7
24 152 15
658 192 8
708 880 17
126 476 12
638 908 4
987 450 3
583 214 12
477 968 18
