435 358 1
744 930 1
507 693 1
428 885 1
725 647 1
378 538 2
673 764 0

926 86 0
450 458 2
157 296 1
54 83 2
431 827 0
693 334 2
945 762 2

274 840 13
437 218 26
641 243 15
156 169 3
86 619 12
599 128 8
768 183 16
296 966 21
905 956 20
294 230 12
330 19 7
256 660 25
595 168 21
723 254 17
310 206 23
193 974 6
160 622 24
954 376 8
434 634 17
29 928 24
464 259 19
821 867 6
190 538 6
283 848 12
504 42 14
908 202 11
630 508 15
363 942 24
405 972 2
322 610 6
626 31 20
451 574 8
531 857 7
168 361 26
132 621 3
279 724 4
804 754 18
293 76 5
297 702 11
115 506 12
824 389 19
980 42 3
133 761 8
794 443 2
749 722 26
