384 345 2
910 852 2
143 832 1
467 876 0
23 216 1

271 247 1
112 627 1
48 243 0
140 489 2
952 448 1

516 184 10
106 94 14
925 589 21
861 57 25
297 80 16
624 703 15
99 168 18
572 568 13
341 709 4
768 13 2
6 881 14
941 987 8
728 264 23
348 125 7
548 774 14
612 399 19
627 498 14
270 70 8
508 764 19
235 532 7
763 539 13
475 480 2
281 561 16
423 773 14
68 400 14
880 23 12
261 531 26
703 767 8
846 357 5
521 990 18
812 372 4
876 558 13
67 334 11
656 402 13
744 282 11
254 544 20
880 599 14
686 110 21
914 182 20
357 994 17
709 223 3
870 290 12
156 946 14
842 42 23
904 648 19
497 528 19
209 567 6
803 951 16
106 217 23
399 574 20
417 635 18
993 505 10
903 13 6
567 207 26
513 111 24
356 608 3
54 972 23
970 78 17
69 830 18
162 247 3
830 592 10
788 495 23
44 414 5
343 927 17
