991 363 2
965 398 1
838 297 1
855 508 0
376 904 1

833 87 0
305 435 1
381 668 1
592 563 0
414 428 0

768 419 18
719 385 16
954 575 16
602 782 24
651 510 3
60 344 16
896 649 3
355 382 21
966 974 11
747 740 15
200 860 9
368 580 21
799 137 4
171 140 16
800 200 10
164 449 11
667 156 20
487 474 19
221 222 11
384 774 22
319 143 2
638 726 13
533 877 2
562 48 17
101 200 20
337 364 19
573 384 25
192 871 25
136 444 24
821 181 23
718 500 16
195 490 19
206 375 21
707 937 22
347 391 22
534 653 23
333 197 21
426 225 2
543 772 18
737 978 18
929 737 26
601 629 6
990 164 11
411 849 9
407 807 20
848 964 2
173 742 4
999 285 26
315 23 6
358 184 19
339 113 6
63 66 10
219 57 26
29 468 25
