371 84 1
495 277 0
553 314 1
316 170 2
427 293 1
385 441 0
494 471 0
661 636 0

132 923 2
786 354 1
471 725 1
781 572 0
188 125 1
359 441 0
760 220 2
342 605 0

946 452 18
787 113 5
609 597 3
906 735 9
853 988 6
997 176 8
808 887 24
789 999 22
836 640 6
727 779 21
255 388 21
59 294 6
216 631 15
451 836 5
257 186 8
189 994 20
913 136 20
858 904 14
113 92 4
467 819 8
639 427 23
408 838 19
264 54 25
328 505 14
731 763 25
663 304 19
833 217 7
3 76 11
515 541 3
19 8 25
950 647 4
973 407 17
290 672 23
728 435 21
51 98 25
720 284 17
587 155 11
389 174 22
714 477 21
818 450 6
408 741 5
610 412 17
579 463 18
852 183 4
695 61 16
965 649 21
597 104 25
768 922 25
347 682 18
950 438 2
905 401 14
648 980 2
489 185 13
318 232 24
82 549 23
354 326 13
800 923 19
723 44 18
448 391 25
267 342 16
417 599 19
332 247 26
709 88 13
270 406 20
245 489 20
868 195 21
882 995 22
743 870 9
168 489 26
32 907 26
156 520 11
722 622 3
944 974 25
210 717 21
868 885 10
867 270 19
665 222 13
952 660 13
997 816 8
532 944 23
188 821 16
909 689 3
120 557 23
589 375 22
650 392 19
