981 636 2
768 892 1
658 541 2
844 974 0
88 319 0
117 360 2
735 115 2

132 757 2
189 715 1
414 335 1
295 668 1
981 788 0
450 798 0
446 643 1

329 200 3
260 419 5
645 608 20
580 22 5
703 669 26
817 101 13
935 27 14
378 533 26
99 146 20
577 791 5
770 724 4
651 427 25
200 241 26
889 410 4
25 123 4
156 58 8
370 535 16
784 266 25
485 365 23
605 943 14
333 65 15
787 716 17
911 268 10
37 158 20
744 44 6
250 766 16
816 551 7
564 36 23
200 327 8
313 467 2
587 736 18
605 832 12
34 434 3
351 251 6
933 167 20
529 978 14
772 530 18
729 195 12
399 93 12
555 32 25
981 24 19
834 375 20
591 308 13
736 190 18
523 314 25
341 395 20
994 901 17
481 456 24
57 54 13
113 35 14
307 221 16
753 812 2
366 548 19
957 423 8
872 90 8
739 572 16
638 629 20
175 94 7
79 506 20
379 872 21
221 181 19
377 963 11
281 766 7
687 638 23
993 378 22
460 16 3
980 543 24
536 983 2
17 62 9
310 793 6
504 14 13
474 743 26
560 25 17
743 712 8
16 57 13
861 517 6
39 850 25
311 738 10
336 755 24
868 417 17
273 922 8
