848 549 0
820 184 0
710 307 2
75 283 0
212 455 1
311 399 0
995 682 2

514 564 1
256 239 0
869 338 0
504 538 1
169 359 2
106 421 1
434 848 1

280 61 3
400 367 12
994 234 2
356 842 18
271 711 6
441 216 20
160 737 6
415 196 2
978 982 25
824 262 11
126 590 11
531 342 5
266 336 14
918 692 7
809 315 20
39 756 13
159 916 26
638 332 24
538 662 6
638 487 18
448 965 10
334 496 3
587 114 16
75 33 11
757 194 26
464 744 26
515 382 10
762 272 23
991 911 10
834 711 2
268 45 23
396 632 12
860 59 22
721 816 17
546 671 2
479 135 22
680 650 6
566 412 4
762 755 17
797 589 3
645 605 7
607 466 17
603 187 10
793 85 6
568 916 18
440 949 18
695 515 7
574 629 14
364 778 4
865 927 13
763 572 21
293 179 14
883 134 3
994 927 14
775 848 7
610 335 23
293 909 2
730 625 7
109 490 9
698 605 8
892 899 13
904 134 22
455 128 2
702 948 15
908 558 3
630 851 14
332 582 15
813 43 7
220 741 13
904 633 12
412 697 2
689 493 8
580 104 14
681 86 16
395 418 25
383 583 18
214 156 10
2 60 20
689 827 12
158 591 9
460 281 2
666 447 25
172 27 4
