990 467 0
320 386 0
987 764 0
220 245 1
826 404 2
714 460 0
726 103 2
642 508 2

52 310 1
64 413 0
8 755 1
230 75 2
688 414 1
762 634 0
250 813 0
644 879 0

45 605 23
191 599 8
247 4 18
951 68 9
413 429 16
342 11 19
90 814 20
119 64 10
200 709 14
93 106 19
442 650 20
298 897 24
817 849 20
140 957 12
607 967 11
489 409 2
709 528 17
523 967 11
991 618 9
709 184 24
383 676 8
420 284 25
156 773 11
322 224 21
350 230 24
132 753 18
951 912 21
186 973 7
490 776 18
615 933 18
150 992 2
564 314 3
411 664 8
783 148 11
474 417 7
784 720 22
880 906 20
161 942 4
118 784 5
77 901 9
53 581 14
170 190 7
377 326 5
497 207 13
591 720 5
393 838 14
323 549 16
539 626 19
746 255 12
620 308 18
157 719 9
547 241 2
355 618 5
883 468 14
669 59 9
750 804 24
878 370 26
396 117 6
83 89 16
0 598 12
984 146 3
159 501 24
365 736 17
910 507 9
456 352 11
305 748 3
762 184 19
878 536 17
66 520 15
142 32 16
541 397 4
56 174 12
416 669 16
330 477 19
614 134 19
367 248 3
1 193 12
940 687 19
731 229 16
259 637 17
544 972 4
603 718 2
870 332 13
589 51 12
141 260 14
580 262 9
540 554 23
884 285 2
273 544 15
541 440 12
618 380 23
820 602 7
