795 151 0
524 161 0
361 180 0
465 451 1
274 256 1
503 627 2
263 448 1

733 33 0
31 590 0
728 308 1
670 456 1
446 980 1
183 693 2
682 158 2

618 785 22
209 551 24
404 636 7
665 667 24
462 747 10
475 769 16
992 216 23
880 433 2
542 403 12
812 671 2
61 880 6
512 764 9
845 239 4
634 232 20
108 902 21
923 783 6
248 677 9
711 841 5
461 254 10
115 12 21
758 852 23
68 716 12
125 562 4
304 548 11
699 656 15
424 180 4
406 243 22
411 56 26
296 524 15
466 282 19
289 350 11
525 475 23
763 831 5
428 677 11
229 101 18
706 508 11
377 271 18
653 568 17
294 386 24
786 675 26
347 552 3
470 256 10
