126 9 2
67 280 0
963 198 2
272 625 2
136 717 0
925 827 1
161 109 0
168 732 1

461 902 0
648 584 0
479 710 1
289 129 0
261 445 2
338 717 1
522 853 1
722 130 0

768 644 16
985 812 25
28 625 3
700 625 12
949 745 6
682 7 3
577 220 25
555 942 7
360 62 26
626 399 15
624 780 15
714 976 22
614 277 17
643 959 26
469 628 24
364 205 21
46 472 3
921 450 2
327 304 14
967 19 17
64 633 19
555 628 5
404 449 10
422 981 3
836 27 26
312 300 3
539 612 3
547 291 10
202 323 14
646 230 19
402 986 20
785 290 10
726 712 18
428 548 20
930 752 10
334 299 26
42 685 11
121 239 11
185 238 16
722 425 18
732 504 7
723 932 8
412 168 24
47 854 23
973 896 11
158 369 2
17 554 15
459 783 5
35 664 21
262 522 4
909 570 9
208 543 7
192 53 2
767 423 6
386 769 24
969 374 14
56 761 5
75 128 13
684 390 11
462 651 8
326 403 7
576 523 5
733 456 14
25 194 10
822 164 9
561 572 20
965 648 25
162 498 19
768 944 5
177 551 7
155 284 13
719 309 7
52 484 23
111 397 21
931 362 21
922 355 6
616 124 2
127 923 2
959 430 13
