13 398 2
426 150 0
352 478 1
879 53 0
259 326 0
833 494 2
833 809 2
916 865 0
96 851 2

31 121 1
900 486 0
622 264 2
1 969 1
348 848 1
179 459 0
532 645 1
841 478 1
798 394 1

207 843 24
720 874 22
157 126 8
343 748 25
199 802 19
771 981 5
669 513 25
671 152 2
442 712 20
417 784 19
512 941 22
446 637 22
996 669 23
163 868 25
882 639 8
412 660 21
236 426 3
241 450 7
884 661 6
353 174 22
300 972 11
995 968 5
94 717 14
470 717 3
621 959 3
277 600 23
996 485 11
500 190 12
188 982 10
178 103 9
153 925 26
554 547 10
758 176 11
206 524 23
315 377 15
951 675 8
910 759 22
486 299 6
896 163 8
633 494 14
607 400 13
779 68 15
502 736 17
415 687 19
172 949 6
119 787 5
48 36 20
407 412 13
607 4 12
245 897 22
411 28 16
102 530 2
169 298 16
264 822 17
118 941 5
623 341 16
292 748 3
213 928 2
173 526 2
995 937 5
513 561 11
795 943 26
198 566 17
840 216 12
736 781 15
988 306 16
490 301 4
21 188 20
82 701 6
