541 738 1
101 71 2
770 713 0
39 343 2
905 862 1
370 710 0
493 778 1
268 38 0

526 747 1
415 353 2
817 246 1
988 347 1
888 117 2
249 508 2
141 765 1
352 488 2

137 981 20
75 249 10
664 127 7
170 542 10
204 700 4
14 588 23
537 189 9
483 34 12
625 172 20
193 247 21
151 264 24
209 434 18
267 605 5
928 175 20
483 302 26
70 927 25
639 472 25
160 976 14
809 185 25
1 804 5
859 8 17
754 410 7
605 628 2
305 202 7
494 12 17
118 13 21
698 269 2
6 882 24
636 72 20
485 85 24
669 475 19
501 969 8
166 439 23
987 490 17
889 578 22
152 584 4
793 791 18
290 660 11
182 681 13
276 182 7
205 688 14
945 929 19
165 81 6
619 906 26
145 900 9
702 693 3
343 336 13
154 870 20
440 146 2
48 880 3
