648 263 1
758 665 2
800 250 0
210 386 1
556 434 1
558 881 2
210 710 0

24 478 1
195 679 1
645 813 2
924 813 0
144 923 1
477 723 0
66 286 2

188 842 22
984 752 5
266 314 17
905 691 20
162 238 24
524 808 2
356 304 25
205 133 25
305 199 13
790 739 7
62 75 10
430 246 19
123 409 8
495 365 19
32 889 2
382 598 8
655 155 17
356 460 16
342 603 8
523 665 8
407 15 21
50 139 7
283 986 22
400 371 14
677 105 12
258 113 17
325 469 5
598 334 2
679 142 10
454 902 26
476 304 17
906 587 5
443 368 7
78 978 20
220 304 14
733 846 12
309 525 6
117 332 8
293 808 12
608 66 26
262 472 17
638 915 12
768 993 16
11 566 22
75 741 20
951 475 16
513 784 18
217 253 2
176 547 10
86 507 2
288 121 26
441 880 12
32 892 3
927 319 22
70 622 24
411 135 8
629 705 13
538 967 20
315 607 18
565 788 3
82 581 9
592 613 3
21 540 24
191 962 22
321 354 14
707 534 20
345 425 15
490 92 24
756 9 12
135 91 18
42 36 8
545 57 23
719 248 12
516 788 12
449 109 19
86 168 3
957 513 5
147 3 25
