246 562 0
698 869 1
744 709 0
470 514 1
469 732 1
841 941 0
373 315 0
864 869 2

226 504 1
712 123 0
142 369 0
142 67 2
157 811 0
981 633 2
594 102 1
164 943 1

675 669 7
127 533 26
385 111 8
63 824 6
843 318 2
537 460 19
101 617 7
375 950 15
739 61 15
904 88 9
736 215 19
438 952 6
996 367 7
677 210 25
196 201 5
93 795 5
27 668 25
565 693 4
388 420 3
24 968 4
630 796 7
639 703 13
505 828 5
459 990 9
980 369 2
453 429 19
645 994 12
47 734 10
548 759 3
251 741 25
233 927 17
659 918 20
322 423 26
776 234 16
108 566 10
460 19 14
477 664 10
540 63 19
23 611 5
474 214 21
74 448 25
564 459 18
758 781 18
132 557 2
496 665 18
581 478 14
95 955 5
603 847 18
197 870 7
551 345 21
645 771 21
81 578 19
952 7 17
541 454 24
795 409 22
463 606 17
95 509 14
942 155 11
236 878 22
990 892 18
321 707 22
783 11 6
723 552 10
971 699 19
66 163 2
46 200 19
832 789 22
954 131 16
170 8 15
316 681 24
536 465 12
115 540 14
294 929 4
694 665 14
956 63 17
372 849 12
912 371 22
425 687 3
