438 764 1
542 941 0
917 168 2
502 320 2
753 83 1

203 136 0
120 642 0
983 213 0
54 171 0
107 958 1

911 290 10
628 559 4
882 62 26
674 167 10
207 722 23
795 843 15
789 178 3
771 233 24
522 692 9
998 514 7
591 426 24
124 54 9
178 288 21
363 874 12
309 669 7
898 458 11
376 103 13
658 102 2
689 45 3
361 169 9
593 700 23
239 253 15
404 968 14
940 277 8
22 527 18
283 579 25
777 955 3
315 965 7
16 6 2
27 313 24
200 905 2
40 309 20
402 601 24
785 976 2
626 259 8
49 389 13
928 704 5
908 72 12
934 567 7
481 946 22
728 498 2
580 538 14
48 940 17
497 725 18
122 703 5
678 105 21
541 33 25
370 293 25
557 227 17
112 60 15
684 788 13
810 720 3
689 618 20
758 740 25
86 771 7
155 312 15
280 34 9
478 591 13
595 55 24
10 740 14
923 902 10
374 203 5
117 244 23
