375 530 2
94 715 1
998 459 0
392 571 0
40 740 2
134 335 0
307 349 2
548 304 0
150 562 1

50 917 2
508 644 1
541 738 0
632 88 2
530 833 2
646 873 1
399 8 0
595 667 1
377 216 0

370 718 7
685 769 2
975 170 12
453 802 2
742 684 10
556 82 19
844 29 11
833 406 4
126 128 23
982 165 19
228 58 20
440 511 24
741 606 10
226 209 17
233 117 26
952 961 5
987 146 11
941 272 17
262 254 7
479 942 23
424 382 11
171 475 17
306 702 26
23 240 6
952 579 2
638 520 2
453 783 6
786 839 20
849 671 12
322 95 21
306 267 22
897 925 24
48 49 11
317 73 26
898 377 7
626 15 3
232 607 4
200 808 25
462 130 21
459 436 15
753 86 15
862 755 15
196 631 11
997 609 7
933 842 16
61 394 24
211 209 4
618 599 3
409 352 16
249 566 21
514 482 2
156 679 10
165 676 20
996 962 14
785 375 8
735 586 17
814 44 12
