132 918 2
269 573 1
395 268 0
964 456 2

21 382 0
225 930 0
990 304 0
909 891 1

700 254 12
857 308 2
767 440 20
674 62 21
261 457 14
842 421 20
99 795 5
337 20 10
948 10 16
663 272 9
506 972 16
43 181 24
869 948 17
964 974 4
633 235 13
922 77 11
668 529 6
796 218 26
206 167 14
272 182 11
582 688 8
146 83 14
370 952 14
387 917 13
466 902 23
2 825 26
312 493 7
416 641 25
541 199 19
28 823 26
139 405 16
134 626 2
346 13 21
884 480 26
305 834 3
156 146 23
536 563 14
487 456 15
604 836 13
904 975 21
595 197 24
18 683 2
746 29 16
742 913 23
641 570 7
717 79 6
638 967 21
552 454 2
0 262 14
525 379 3
466 473 18
239 115 13
494 184 19
248 175 12
269 79 16
394 97 4
699 403 9
888 704 17
