615 566 0
654 957 2
452 177 0
938 269 2
659 248 1
115 803 2
194 304 0
885 751 0
598 732 0

749 734 2
220 702 0
574 708 1
761 160 0
640 99 0
273 110 0
70 225 1
231 771 2
682 8 1

103 707 4
800 279 8
988 966 2
90 607 3
813 232 15
911 886 14
342 920 22
876 512 6
494 615 15
605 184 25
719 524 19
346 967 26
72 132 10
378 181 26
267 875 22
812 103 11
668 597 26
75 400 7
475 472 7
842 818 26
168 243 8
727 855 3
40 852 13
412 665 16
296 685 15
147 917 12
767 344 15
922 172 12
954 366 7
953 535 25
437 614 8
838 554 18
124 946 21
285 358 13
114 154 18
474 921 14
587 195 11
172 502 3
928 807 15
278 244 4
836 434 8
624 843 13
285 744 20
983 858 24
599 333 22
912 920 19
748 445 21
337 355 25
689 192 10
948 172 20
801 796 14
364 433 10
934 416 19
658 368 4
303 632 26
496 380 21
542 980 23
396 669 6
495 711 23
380 659 22
175 812 20
814 528 3
198 463 21
440 473 16
367 777 23
918 625 4
563 167 11
65 411 16
38 143 2
535 318 16
828 133 20
