678 743 0
568 64 2
630 222 1
9 716 1
975 88 2
709 442 2

837 991 2
62 131 2
333 449 2
571 395 2
725 426 0
808 994 0

509 624 22
61 22 22
136 212 15
657 626 21
158 959 21
157 530 18
279 416 15
952 277 16
199 128 2
163 358 15
415 908 26
253 566 2
222 76 11
993 234 19
512 256 2
104 887 18
395 191 22
309 391 2
561 906 13
774 474 8
714 241 16
513 494 9
291 717 11
27 62 20
294 574 3
169 31 18
812 426 9
485 649 9
596 775 10
479 489 2
271 355 21
628 646 15
62 673 5
82 320 4
227 654 15
934 739 3
385 224 4
277 652 21
702 275 26
974 904 24
314 318 24
47 464 11
759 691 15
898 977 4
476 714 5
703 808 5
253 140 10
452 466 16
1 781 10
576 850 13
118 249 4
854 9 20
244 259 24
373 735 14
