635 849 0
617 114 1
277 377 2
902 825 1
422 275 0
589 21 1

123 227 0
337 843 0
86 808 1
128 579 1
265 215 0
548 184 2

121 716 17
834 138 17
874 79 15
542 892 12
376 978 23
505 459 4
624 724 19
945 272 6
380 561 20
503 742 5
141 652 10
711 546 2
771 922 7
992 427 16
145 403 17
864 348 17
120 728 5
838 625 14
624 511 7
900 367 2
904 508 6
814 571 2
396 687 3
636 184 6
951 401 7
891 521 10
744 712 12
983 336 24
739 237 18
589 493 3
795 307 25
195 923 18
869 319 5
322 307 17
178 259 18
383 502 14
669 599 26
579 582 15
353 673 4
494 614 24
496 409 6
69 604 6
985 825 2
940 499 10
80 678 21
973 413 25
36 82 24
162 14 9
977 367 7
29 214 22
926 710 6
482 131 13
313 468 13
464 760 13
789 717 7
598 694 26
728 76 17
473 2 2
91 150 3
27 614 14
815 888 7
633 231 23
217 498 3
883 639 20
915 237 14
314 965 17
280 791 20
307 771 9
818 862 11
183 409 16
115 42 23
214 611 23
515 494 12
885 409 26
738 708 9
917 185 19
751 982 11
242 633 16
515 847 3
48 247 9
47 196 10
363 286 20
823 871 14
53 140 25
