449 472 0
392 60 1
373 216 1
899 223 1
842 392 1

231 676 1
140 263 0
425 914 2
332 862 0
656 951 2

903 752 21
27 144 6
60 869 23
201 121 23
918 963 16
281 546 17
997 38 8
583 815 22
844 500 9
606 156 12
528 411 14
274 438 11
729 851 5
752 52 26
350 322 16
989 604 15
588 536 21
433 380 21
492 339 4
854 867 16
616 494 4
356 327 10
957 677 9
874 19 15
689 28 18
542 968 5
563 753 12
732 597 26
851 67 15
730 295 15
461 651 17
596 960 19
53 834 15
833 66 11
88 981 14
724 714 11
698 476 14
892 327 7
932 409 4
195 222 5
785 818 17
43 43 25
710 228 18
696 317 25
436 393 16
772 91 19
560 336 23
767 268 7
269 816 5
774 601 25
239 358 24
539 402 19
715 464 23
308 512 17
883 948 10
524 721 3
641 281 16
643 669 3
21 682 15
196 574 17
413 641 8
211 949 20
490 351 25
129 788 25
741 431 19
817 854 12
235 424 20
983 401 13
453 79 23
872 618 7
137 589 22
310 331 5
152 148 12
789 347 17
109 582 16
354 959 5
889 294 8
77 100 15
98 972 8
180 337 18
262 474 7
484 137 15
489 289 16
701 431 13
141 540 21
5 894 7
411 135 4
569 212 4
807 662 3
663 843 15
331 457 17
237 941 4
177 782 20
266 484 26
