186 834 1
147 895 2
337 635 2
979 860 1
191 549 1

573 412 1
574 977 2
895 815 1
575 305 1
540 475 0

973 14 2
879 161 23
673 850 10
573 829 22
516 21 21
994 946 10
634 767 5
899 342 10
33 235 12
922 560 26
998 791 14
321 465 14
631 390 19
802 907 17
521 901 15
357 220 13
169 206 5
797 105 25
82 138 10
843 412 22
617 762 14
905 435 4
394 67 19
713 869 3
53 742 6
44 99 26
555 621 7
185 418 14
718 344 17
839 313 6
751 570 17
480 965 9
247 678 5
626 84 24
905 128 26
757 35 22
814 220 15
977 731 18
629 449 14
694 640 5
226 391 25
841 223 17
130 449 9
127 354 14
576 111 24
646 926 19
487 255 25
218 931 17
921 157 11
137 225 7
110 355 6
167 482 13
704 411 26
276 409 2
420 896 7
296 77 19
621 647 25
938 920 9
999 466 9
932 955 9
39 65 14
596 584 23
507 288 9
233 916 19
534 689 17
441 985 21
308 896 13
540 896 7
122 180 12
281 571 5
443 167 14
792 26 5
720 146 12
786 939 22
280 525 5
774 185 4
835 78 2
715 200 7
508 629 23
345 421 24
175 973 11
