498 728 1
867 683 2
823 421 2
547 295 1
877 322 2
567 902 1
763 429 2
517 926 2
894 42 2

5 733 2
39 231 2
140 450 1
444 273 0
167 820 0
268 49 0
223 616 1
395 731 0
772 248 1

74 494 26
375 500 9
689 539 17
435 679 17
865 475 15
67 995 12
385 838 4
811 585 12
315 358 11
448 432 7
624 807 7
673 284 5
263 501 6
478 568 3
865 486 18
301 871 7
705 683 19
577 798 12
890 956 20
165 245 9
646 76 4
122 293 15
496 652 22
363 845 24
941 422 24
303 582 24
472 472 8
842 984 15
848 149 12
355 796 13
135 270 9
48 836 4
185 332 8
357 48 4
