100 84 2
745 707 1
322 816 2
456 381 0
654 898 1
3 849 1
546 352 2

824 278 0
888 906 0
287 886 1
834 338 2
679 83 0
941 757 0
78 565 0

794 572 12
461 575 13
442 473 15
50 650 20
521 538 2
306 177 15
573 11 3
924 43 13
334 336 23
560 414 13
872 560 12
82 21 13
493 816 11
2 387 2
302 694 6
192 267 20
420 543 15
83 877 26
504 789 18
843 662 3
239 590 18
551 198 11
512 200 26
746 46 16
139 818 9
403 758 4
294 601 16
923 298 3
564 849 3
374 430 8
371 528 7
635 667 2
794 946 4
830 702 15
8 996 16
199 94 23
487 17 24
365 933 25
442 709 16
71 435 22
554 807 2
84 794 22
785 589 20
739 771 22
452 131 19
119 331 13
492 170 6
164 888 16
38 330 25
329 753 13
699 307 20
302 392 14
572 529 5
140 620 2
411 425 8
391 740 14
122 905 2
512 624 12
673 676 19
993 330 13
108 902 17
811 42 15
638 805 15
597 835 13
886 579 3
50 701 8
750 840 5
132 705 7
619 378 10
62 372 15
248 832 19
316 643 11
356 634 19
469 231 4
830 117 8
931 168 12
290 270 4
295 755 9
277 374 15
935 436 14
275 37 21
517 705 16
596 882 6
225 712 26
434 995 21
696 637 16
150 285 21
958 562 23
848 850 11
204 995 5
293 501 16
369 449 23
323 26 12
747 460 10
691 508 22
