258 901 0
687 774 0
410 684 1
789 577 2
843 456 1

799 588 2
942 660 0
615 789 0
698 213 1
321 774 0

754 385 21
586 72 20
127 835 4
351 624 9
333 619 5
606 913 17
458 579 20
875 900 21
492 6 6
363 592 6
8 71 18
338 422 17
245 659 11
960 344 5
930 756 24
35 215 5
353 442 7
149 286 13
331 650 8
585 658 4
378 996 4
443 241 13
535 816 10
182 487 3
662 636 14
501 319 14
138 634 19
415 77 13
336 292 8
919 948 5
611 549 14
870 83 3
571 98 16
559 599 11
196 235 17
844 373 2
137 141 6
23 844 13
462 532 7
73 415 7
210 638 17
538 209 15
503 120 16
139 669 26
679 513 2
854 2 18
811 377 12
524 840 20
530 910 24
835 984 16
42 546 6
685 437 18
73 940 13
765 431 9
339 110 25
639 317 2
432 128 5
718 652 22
888 534 9
862 722 18
603 116 17
983 801 4
924 227 21
337 992 2
670 107 11
870 65 25
5 279 24
771 883 16
788 218 19
242 142 21
813 251 22
101 971 22
57 994 4
494 344 7
583 567 24
558 572 4
256 695 14
422 484 7
584 715 7
992 981 7
889 39 3
