965 277 0
594 138 2
69 591 0
957 783 1
643 563 1
862 446 2
161 171 2
283 511 2
900 469 1

501 604 2
798 569 1
805 163 0
160 584 2
752 894 2
679 537 1
412 751 2
672 912 2
428 195 1

936 948 21
516 746 17
373 904 7
369 64 19
661 168 13
373 612 3
458 284 15
66 65 12
185 992 9
477 280 9
21 796 6
838 522 10
818 891 26
898 640 16
598 365 3
49 823 15
26 426 24
393 276 3
457 285 19
533 372 25
425 271 17
516 869 8
868 271 6
856 35 23
261 414 26
658 149 7
867 691 25
567 500 12
159 33 9
360 810 5
200 327 2
406 547 23
788 755 10
59 16 24
108 674 26
413 363 20
347 230 12
80 309 25
489 21 10
720 628 11
541 416 16
101 827 9
76 287 9
200 53 24
