997 419 2
695 180 1
652 62 2
239 683 2

278 14 2
984 210 1
324 917 2
152 68 1

429 349 9
308 587 11
164 936 5
334 983 12
329 635 25
627 875 10
137 505 24
362 842 12
520 166 6
711 318 25
472 99 24
989 924 2
769 610 10
730 940 21
753 919 23
811 408 5
236 770 22
871 642 16
775 706 11
100 178 11
422 510 20
36 499 21
586 620 7
471 350 24
992 103 18
740 267 4
994 503 26
441 726 19
55 853 25
76 728 15
219 116 16
669 526 12
991 518 18
584 259 12
586 605 15
63 46 18
830 454 23
658 574 8
524 793 26
888 784 6
225 805 7
561 148 2
704 733 13
114 671 18
379 734 17
722 916 23
918 923 21
421 934 20
4 458 15
55 698 2
809 924 7
441 837 6
592 893 16
353 7 14
72 738 26
189 460 19
