746 173 0
738 166 1
224 299 0
253 400 2
897 214 0
532 988 1
553 727 0
303 34 0
75 123 1

589 822 2
592 920 1
494 659 2
334 235 2
73 488 2
519 737 2
83 269 0
683 823 0
142 126 2

573 201 6
414 142 6
536 87 3
183 581 14
815 692 13
681 211 25
113 646 20
533 330 20
214 750 26
453 587 13
215 937 8
403 785 14
626 250 12
471 135 19
491 815 21
637 381 21
810 406 26
24 974 15
857 539 19
382 942 4
471 920 6
207 744 16
976 235 9
570 225 15
914 913 17
774 443 21
686 606 4
326 839 19
571 221 13
876 799 15
840 65 4
407 840 24
856 768 12
757 447 26
902 18 25
988 618 20
347 850 22
789 373 3
704 565 21
181 973 13
806 901 16
684 757 12
897 867 9
948 769 4
891 105 25
813 555 20
316 696 20
617 401 11
336 582 9
247 740 12
389 777 20
