59 851 1
132 112 0
6 979 1
933 412 0

539 674 1
284 73 2
964 670 1
24 754 1

835 558 21
406 385 17
815 444 19
953 576 8
301 934 12
286 219 24
489 110 23
814 394 22
692 710 19
180 735 25
536 922 9
380 328 21
673 143 15
465 449 18
308 389 23
956 230 9
629 45 5
376 89 16
794 269 3
317 157 25
751 890 6
570 563 24
185 380 25
728 453 26
205 761 17
902 69 22
61 51 17
614 427 9
230 221 3
581 891 11
207 994 3
161 917 16
610 454 23
509 183 26
510 388 14
900 290 11
520 351 12
538 318 14
645 548 13
373 482 6
35 554 19
726 164 24
797 25 9
673 887 22
663 787 15
722 660 18
184 198 11
73 195 12
184 568 21
890 180 14
591 215 18
560 294 9
632 91 10
239 117 22
587 780 12
225 854 22
566 390 22
