417 802 1
287 868 1
475 730 0
828 353 1
179 87 2

912 492 1
773 804 1
13 357 0
773 998 0
607 787 1

853 205 15
750 320 17
488 500 21
101 679 8
744 943 2
301 716 6
134 855 13
475 667 8
23 860 24
314 348 26
958 801 7
41 897 26
616 550 17
995 728 26
84 214 8
522 856 22
748 683 17
531 499 24
159 522 11
258 794 12
440 187 9
214 803 12
57 151 15
981 235 6
113 757 12
375 389 22
450 900 19
384 711 6
491 976 18
726 385 21
308 242 26
729 617 17
649 67 18
91 804 6
722 175 2
148 981 13
761 472 16
529 198 26
449 591 20
955 162 26
219 470 18
45 551 13
261 200 7
377 643 13
556 366 13
408 514 22
