213 310 2
530 927 0
998 314 1
519 883 1
934 901 0
785 659 1
24 899 0
328 437 0
554 399 0

670 807 2
136 372 1
201 254 2
5 252 2
886 123 2
697 57 1
93 194 1
281 219 2
592 547 0

742 453 9
45 123 18
509 259 17
760 408 23
925 551 2
145 832 21
265 425 20
175 167 23
484 564 23
792 60 23
886 452 18
936 565 26
109 281 8
340 558 9
762 321 19
658 496 13
6 980 2
561 724 14
457 962 18
349 7 16
280 700 24
115 818 5
782 932 26
226 590 24
189 949 6
316 988 14
496 672 26
878 21 10
244 653 12
169 120 5
797 902 13
98 480 5
247 669 4
376 385 8
437 701 23
926 733 20
25 582 17
786 56 21
547 225 16
477 374 21
146 719 23
548 95 8
603 810 22
922 187 4
980 404 23
349 951 25
190 780 25
511 619 19
757 519 16
740 601 3
777 205 15
548 127 3
900 743 20
65 723 24
638 72 2
788 263 8
961 549 6
959 60 25
28 169 19
544 262 21
945 39 3
861 587 5
612 488 25
332 905 24
105 895 21
180 683 11
