255 600 2
666 952 1
694 689 0
832 42 2
730 421 1

168 897 1
673 801 0
6 106 0
667 827 0
973 39 1

297 646 7
990 312 11
865 358 25
597 190 19
855 272 15
592 440 15
185 119 22
947 786 26
353 112 15
934 761 13
764 751 2
250 968 10
73 917 25
281 717 14
521 738 2
357 223 10
684 576 24
49 510 10
61 627 13
736 877 6
770 303 24
345 946 24
193 579 18
585 663 8
457 373 6
467 57 9
590 106 19
825 167 23
812 256 26
118 378 6
342 723 2
691 268 8
996 495 23
884 904 13
700 894 14
651 364 17
905 59 17
457 102 13
588 860 16
173 127 4
421 475 24
42 479 13
72 363 20
208 342 2
216 394 23
128 45 14
770 950 25
136 407 3
122 347 15
561 520 18
390 293 20
352 111 13
895 672 7
872 888 26
95 17 23
683 139 23
681 275 7
134 749 7
448 662 4
241 52 23
509 766 12
257 471 24
878 591 9
430 686 3
26 721 18
925 755 20
582 889 22
587 689 9
465 930 14
988 792 7
198 401 3
