318 292 2
218 754 2
553 714 1
305 724 2
63 345 1
597 533 0
597 828 2
845 964 0

776 532 1
956 884 0
243 555 2
515 773 0
926 326 2
80 984 1
826 399 0
410 997 1

383 594 4
613 919 2
327 876 14
631 119 21
580 986 21
636 264 24
758 344 8
604 170 8
147 932 7
223 668 3
127 309 19
748 601 16
737 232 12
281 165 23
302 801 12
981 515 4
64 662 12
144 885 7
170 12 16
339 359 15
427 459 16
744 196 23
179 829 15
953 131 16
638 781 2
20 114 19
925 178 6
762 322 18
267 844 7
81 535 19
521 314 3
210 58 25
483 590 4
922 543 13
