163 268 2
760 515 2
75 255 1
262 32 1
906 870 2
499 432 2
59 193 2

52 253 1
494 472 2
175 914 2
213 77 2
982 189 1
174 616 2
526 878 2

780 136 24
445 636 8
568 47 2
607 100 7
641 946 6
317 122 20
192 335 25
40 670 16
403 844 8
21 722 13
672 502 25
896 299 11
553 219 10
755 826 10
210 819 7
489 136 6
35 681 16
658 721 11
822 124 7
603 145 4
115 66 9
251 971 3
434 726 5
718 288 26
300 129 13
4 164 21
395 174 17
105 997 18
362 952 15
990 919 10
471 34 3
604 637 24
307 72 2
837 142 17
187 794 21
673 798 13
192 545 12
784 650 11
