660 593 2
547 765 2
643 818 2
60 630 2

650 233 0
844 382 0
802 606 0
530 932 0

258 40 7
386 443 25
936 456 21
145 355 13
965 998 7
60 411 14
149 413 22
453 257 6
297 59 12
710 941 19
896 199 12
776 937 5
977 226 13
123 371 19
34 688 19
116 101 5
828 250 18
125 55 2
804 704 13
89 766 6
659 662 5
269 791 20
536 243 19
753 277 10
320 394 11
394 700 20
747 856 26
158 946 17
215 605 4
470 226 22
663 900 15
434 788 8
929 541 13
112 214 9
396 217 8
282 611 8
927 358 15
276 869 13
391 84 20
520 554 21
441 570 23
481 4 12
413 933 5
326 397 19
514 427 25
448 354 8
238 630 4
326 373 13
19 894 20
290 687 15
461 168 21
421 933 7
275 259 4
331 759 2
579 559 9
365 475 15
628 494 11
798 784 23
186 597 18
283 19 4
313 646 15
92 340 10
665 23 21
373 140 4
62 857 4
125 485 25
434 284 11
782 822 8
651 105 4
453 770 25
218 863 18
876 880 16
997 546 21
154 686 20
458 811 7
426 383 23
328 188 21
470 283 16
86 281 13
305 310 11
16 465 22
584 275 11
990 236 9
31 130 16
247 556 2
921 885 15
365 114 22
563 670 16
1 328 26
63 344 18
458 281 21
526 654 12
768 254 19
393 175 6
558 540 20
779 916 6
987 831 26
476 185 6
