759 149 0
541 269 0
252 895 0
835 796 0
253 833 1
440 813 1

527 985 2
264 990 0
560 36 1
625 676 0
437 436 2
448 329 1

357 582 16
488 769 12
494 374 23
931 814 13
209 341 23
212 957 16
128 870 2
209 495 4
581 932 17
103 732 21
597 89 5
987 929 24
524 424 25
895 707 14
432 916 8
953 480 15
817 608 10
70 169 8
999 751 17
364 206 25
39 790 21
788 315 22
912 210 4
201 994 20
184 948 2
125 117 12
935 187 7
241 538 10
184 902 16
859 665 21
623 56 12
317 196 4
316 662 11
761 846 11
686 971 3
572 907 18
979 500 6
137 684 11
853 543 3
372 519 9
34 836 5
11 976 16
551 644 3
271 92 23
83 689 12
384 62 6
93 96 20
646 460 23
12 11 17
40 800 23
915 423 18
113 997 11
570 415 9
175 214 20
817 649 10
355 33 24
59 478 20
304 476 5
525 489 18
