741 771 0
79 261 2
981 132 1
997 570 0
88 57 2

143 442 0
111 856 0
37 554 2
771 552 2
904 470 1

167 563 2
383 994 13
551 975 22
172 973 17
181 61 24
668 556 18
669 19 26
473 56 5
951 828 9
302 252 19
252 987 14
463 538 14
158 711 14
775 244 25
449 264 8
917 933 3
241 406 9
471 709 14
254 832 24
858 134 3
26 386 15
188 201 5
677 711 16
15 287 26
447 204 9
898 797 17
757 269 2
921 381 23
649 759 9
364 947 11
617 977 22
582 117 11
494 132 23
319 931 5
428 829 2
296 939 21
873 88 19
282 9 3
178 658 12
813 22 12
297 991 14
844 573 8
878 68 17
552 739 24
430 519 5
402 688 7
221 971 18
422 501 3
735 314 2
995 963 19
584 808 19
642 38 14
832 942 5
306 372 25
610 830 15
204 232 4
887 805 2
930 228 3
632 315 18
59 662 6
478 598 16
471 240 5
235 424 24
