392 286 2
592 750 1
591 344 1
863 437 1
496 108 1
48 851 1
430 259 1
809 648 2
318 291 1

619 559 2
396 303 1
709 895 2
379 838 2
945 701 1
37 549 2
507 950 1
403 380 0
938 542 2

329 212 14
616 831 25
670 227 4
10 288 24
101 20 13
240 965 16
464 354 18
797 861 18
482 555 19
926 884 6
364 522 18
216 986 4
604 226 19
45 690 24
3 8 9
570 286 19
702 652 23
664 17 21
558 35 6
388 603 17
590 207 20
109 253 12
983 641 2
719 971 5
71 974 13
331 896 25
123 950 4
471 615 21
990 173 9
136 855 22
104 316 2
317 371 14
134 125 14
509 600 14
933 414 6
717 161 19
700 106 18
252 573 20
93 242 16
258 640 10
748 775 13
135 636 15
473 173 12
129 459 4
959 176 17
53 281 16
3 981 22
621 233 20
539 679 15
828 289 5
263 37 7
176 525 19
690 350 19
627 479 5
979 438 7
196 492 13
683 468 7
229 7 13
17 187 4
445 802 17
353 979 19
545 669 21
614 648 25
143 980 16
200 176 10
538 887 9
210 923 2
116 152 11
404 169 23
982 966 25
949 319 6
793 216 2
987 183 26
12 678 6
476 878 9
136 416 24
643 979 22
