668 646 2
64 984 2
4 392 2
162 541 0
767 671 2

967 888 0
280 675 1
422 784 1
762 950 0
796 686 2

135 354 23
139 771 7
332 775 26
598 937 18
321 57 16
37 24 6
697 430 18
298 192 18
484 989 6
359 476 13
881 968 9
738 300 11
297 961 9
703 265 15
820 96 4
674 456 8
567 427 3
27 767 4
128 250 25
934 547 13
116 251 3
306 388 16
927 40 3
741 860 25
895 886 8
526 122 22
477 41 26
81 420 19
583 548 19
656 482 19
395 950 22
46 257 10
12 184 2
239 925 12
914 173 24
45 699 23
816 610 12
535 193 12
153 201 20
