994 142 1
271 308 0
113 421 1
405 473 2
131 968 1
950 526 2

823 674 1
97 62 0
662 852 2
680 213 2
510 207 2
882 830 1

819 944 20
77 701 18
155 833 14
895 135 17
456 958 16
797 408 6
253 103 23
772 613 8
785 496 13
107 667 9
202 744 11
770 899 21
307 146 6
723 603 16
164 752 24
20 856 22
729 461 2
650 585 15
483 371 13
795 830 5
402 32 26
63 802 26
557 462 24
186 537 4
825 74 13
172 157 12
363 641 8
49 788 13
755 190 22
204 254 2
905 163 14
753 702 3
555 828 6
874 305 14
443 242 3
806 997 18
202 553 24
116 564 17
369 119 22
323 582 2
56 808 9
943 907 12
340 168 4
378 963 23
204 770 20
573 324 24
547 428 10
545 940 2
923 348 12
605 292 19
822 363 3
768 567 25
64 140 26
913 688 4
221 725 2
445 251 19
788 148 12
144 498 14
9 320 4
485 89 21
710 418 4
765 639 4
847 290 4
612 938 11
801 947 8
353 784 24
436 283 22
466 467 22
927 301 12
832 61 4
117 673 17
901 474 16
358 827 26
255 651 23
658 88 6
478 528 6
290 994 24
537 793 5
