358 892 2
677 774 1
240 479 2
485 690 0
821 369 1

15 771 2
969 482 2
354 292 1
174 752 0
385 252 2

420 610 6
328 640 7
43 880 12
932 365 4
938 538 25
481 906 21
367 581 23
96 492 2
581 912 13
310 592 5
518 635 10
205 567 25
934 857 16
33 338 22
902 36 24
606 755 6
602 815 13
703 911 6
55 844 20
666 507 13
621 25 25
104 230 20
305 164 2
44 197 18
41 452 6
913 410 11
719 13 26
633 68 15
687 123 9
357 142 16
519 868 23
337 173 15
730 258 16
484 523 4
345 595 17
670 228 12
610 267 10
394 624 2
686 245 16
2 116 11
901 805 9
316 169 3
928 900 13
345 736 11
172 82 6
364 104 11
624 714 3
359 108 3
885 794 25
526 149 16
35 50 21
69 718 15
320 646 17
181 343 6
917 515 13
249 231 17
808 207 8
987 567 18
438 804 15
838 682 14
2 69 16
323 138 9
813 810 7
204 343 26
683 260 18
596 509 2
613 670 9
344 657 3
887 447 7
225 285 16
64 287 10
305 962 23
264 775 10
222 979 3
523 14 14
691 610 25
91 575 22
51 919 4
577 159 26
260 384 11
976 801 25
410 458 12
333 723 13
