576 885 0
837 546 2
45 761 1
538 746 1
863 826 1

986 677 1
78 775 1
10 924 0
792 497 1
859 279 0

62 855 10
623 44 9
906 89 22
576 979 20
225 842 21
179 180 24
545 258 26
356 620 2
244 765 25
315 976 4
63 39 12
48 662 8
932 920 23
321 73 24
890 604 6
489 149 17
215 506 14
866 102 4
366 769 8
793 832 22
428 232 11
460 165 8
933 742 9
737 415 9
736 658 14
916 499 15
820 933 25
700 299 19
556 92 3
803 873 11
64 685 3
597 970 22
331 707 13
139 444 21
464 122 10
236 942 20
109 642 19
104 550 12
930 705 12
341 121 22
917 719 17
588 50 24
26 541 20
770 92 9
324 145 26
567 606 20
110 710 23
97 993 3
854 956 21
369 544 23
943 922 15
