833 788 1
605 85 0
63 142 0
905 952 2
972 148 1

429 876 1
815 416 0
648 741 0
895 19 2
387 712 1

529 545 14
555 502 26
619 566 20
492 823 22
508 795 20
189 225 21
687 392 15
399 40 6
20 287 2
144 26 15
143 556 12
155 82 6
226 926 6
896 434 2
67 624 4
113 663 23
132 435 2
708 931 4
996 75 12
181 358 25
221 513 9
827 91 10
257 988 22
988 520 9
534 449 24
824 581 9
49 641 17
653 989 17
813 523 25
788 744 16
845 572 7
829 181 22
599 15 4
345 355 2
754 889 26
226 713 9
485 114 3
293 933 15
917 722 12
406 567 9
338 748 17
259 699 9
370 863 9
946 891 4
863 184 13
137 859 6
246 550 5
545 747 24
557 886 25
810 673 2
128 395 17
560 693 8
465 557 18
951 861 21
863 350 8
342 948 8
570 836 17
174 938 2
297 748 3
149 228 23
471 253 26
614 556 12
667 114 10
673 36 21
840 886 4
754 60 19
555 709 17
954 724 10
221 547 16
730 373 21
117 40 12
100 65 23
271 905 10
175 659 22
17 566 7
959 299 16
129 254 17
440 475 14
356 521 3
828 603 26
134 173 8
233 797 13
218 972 25
263 342 16
370 301 18
336 431 22
378 223 24
616 579 20
719 759 26
844 536 24
