757 364 2
901 259 1
680 458 1
982 539 1
202 355 2
396 746 0
916 109 1

509 871 2
796 564 2
644 938 1
849 47 2
797 948 0
827 981 2
997 963 2

916 517 13
43 914 9
738 830 20
392 339 16
526 488 8
342 484 23
671 333 20
20 662 2
486 660 17
313 62 4
881 806 20
673 685 8
381 27 20
27 50 3
72 766 13
418 138 26
393 624 13
491 322 15
564 987 4
116 869 11
360 542 23
443 923 25
11 302 25
265 726 18
353 145 8
515 574 3
207 417 3
222 981 15
300 450 9
536 162 3
457 605 26
755 234 7
223 587 2
181 692 17
815 766 10
541 989 19
606 641 19
189 177 6
17 986 13
769 743 7
822 850 18
954 425 8
879 606 2
47 369 11
299 77 21
85 577 16
541 594 4
602 363 22
985 186 24
509 372 5
461 419 24
621 559 11
