45 783 1
753 749 1
615 18 0
863 848 0

88 975 2
189 696 2
520 399 0
383 931 0

932 809 14
137 189 26
870 294 25
561 909 19
194 772 19
425 212 19
946 401 18
309 921 19
970 656 26
727 589 12
365 3 4
779 493 18
328 363 12
979 925 24
296 119 21
165 897 9
9 843 10
550 505 9
195 475 15
419 203 6
156 920 12
333 51 5
64 710 18
986 358 15
680 523 12
939 533 7
248 435 12
182 630 13
772 401 18
952 558 15
487 243 16
515 295 22
258 711 10
927 49 18
752 21 2
632 269 12
231 575 21
999 527 4
687 366 23
426 233 20
248 492 6
781 419 7
673 134 11
440 886 7
92 518 3
179 888 8
897 119 9
369 118 13
398 805 5
671 231 13
239 480 7
870 613 26
550 286 12
312 78 23
94 522 19
498 54 9
704 951 4
838 672 24
500 71 5
528 742 13
141 334 20
247 204 9
771 107 22
134 771 3
30 865 2
157 420 10
636 258 7
233 758 5
636 638 23
975 132 9
577 854 22
0 988 18
228 520 26
391 665 7
148 251 17
