779 962 0
99 657 0
790 912 0
183 59 2
242 251 2
991 805 2

73 764 0
801 176 1
562 566 0
708 390 0
418 169 2
680 620 1

797 594 9
896 836 13
713 253 8
311 54 11
439 617 2
742 677 19
604 448 14
780 480 9
869 629 2
630 60 7
197 125 10
880 789 16
91 580 10
869 674 13
36 279 13
373 59 18
683 25 2
867 589 26
549 138 3
132 370 17
474 462 22
432 683 24
420 719 3
856 445 14
124 480 15
976 883 2
209 600 11
775 467 3
49 17 16
153 501 12
45 975 26
518 760 9
665 180 5
91 389 2
280 513 7
143 842 15
96 403 15
7 179 10
148 733 5
510 131 8
334 649 18
841 314 23
419 757 14
2 533 22
741 629 25
431 636 6
589 497 12
145 155 3
853 841 2
969 682 18
617 453 25
910 603 23
655 696 4
155 127 17
835 69 14
447 537 11
792 682 18
269 535 9
