595 469 1
110 152 1
19 318 0
557 820 1
471 247 1
867 355 2

126 505 0
535 573 0
505 667 1
319 475 0
220 422 1
779 532 2

557 904 21
712 813 16
589 636 15
22 503 20
28 629 3
861 516 3
575 21 23
152 693 23
354 265 21
25 45 5
200 602 11
694 667 26
360 256 13
626 278 16
246 658 23
372 871 16
424 446 15
847 951 8
393 657 25
714 682 20
920 234 25
656 641 23
567 267 3
981 866 13
729 238 9
994 14 7
984 861 8
667 607 15
615 321 24
961 593 9
909 975 15
876 631 8
747 198 3
600 531 19
111 261 9
673 591 12
157 258 19
945 873 18
177 95 11
867 971 19
198 70 17
318 133 12
78 626 19
852 652 12
487 161 22
82 458 22
998 578 9
859 107 4
696 974 3
