605 476 1
231 207 2
450 891 2
690 532 2
586 40 1
718 63 2
443 619 2

591 309 2
956 506 0
528 273 1
542 230 0
310 461 0
742 263 0
27 305 1

186 891 16
409 961 5
52 404 26
676 995 12
211 304 18
849 832 18
386 374 25
104 36 14
677 778 4
494 806 10
843 344 26
232 105 15
37 509 19
813 185 17
898 396 21
842 597 3
58 983 4
209 440 16
821 117 21
933 806 23
710 391 3
448 428 12
590 594 24
432 492 20
226 334 17
204 745 3
557 954 18
298 127 12
169 527 26
847 813 7
220 523 25
347 971 6
334 913 25
507 346 17
945 129 24
798 38 5
91 688 9
853 857 13
227 56 26
683 976 24
387 662 13
37 521 11
828 949 10
305 246 16
879 396 4
407 839 17
766 692 2
652 272 8
278 67 15
176 807 3
339 844 24
848 24 25
548 560 19
852 967 8
493 85 3
695 738 25
953 442 9
489 720 26
230 587 5
630 787 6
277 969 23
971 821 18
