425 765 1
305 349 2
280 577 0
377 506 2
392 977 0
880 132 2

835 549 1
491 394 2
539 784 0
915 611 2
308 36 0
102 341 2

827 350 3
482 743 7
829 975 14
110 162 15
215 653 12
217 460 7
943 768 20
787 222 13
627 941 11
749 768 14
25 602 7
630 432 9
719 894 21
358 109 2
743 324 22
912 542 9
45 837 5
565 976 2
261 705 13
798 730 16
430 360 25
37 431 19
159 789 5
934 884 4
606 149 23
738 546 13
343 111 14
171 538 20
939 800 25
476 950 7
967 381 19
242 770 26
411 281 17
689 215 2
643 173 3
492 264 24
178 607 10
192 778 26
163 718 26
486 546 3
