576 3 0
782 32 1
268 638 0
749 98 0
0 643 2
400 253 0
842 737 0
215 501 1

245 480 0
641 575 2
536 151 2
220 934 2
642 554 1
624 303 2
962 655 2
325 407 1

704 249 15
945 817 18
913 414 24
79 55 26
334 164 15
0 134 25
602 448 7
200 125 15
50 829 16
990 775 8
432 40 22
706 471 4
907 28 23
259 363 14
250 211 24
290 813 9
498 13 9
761 416 16
977 758 18
106 248 7
961 507 10
759 767 23
721 17 9
193 811 22
151 454 11
910 952 26
509 42 3
350 53 20
583 512 21
22 232 22
470 305 16
130 498 3
0 1 9
36 912 11
86 707 3
903 568 20
831 270 26
950 853 13
21 494 13
247 868 20
659 820 25
185 821 3
869 857 15
505 295 24
451 332 20
112 353 16
598 953 9
668 898 24
43 557 20
268 743 18
494 964 2
985 470 23
534 676 26
391 781 18
336 245 23
775 195 26
593 373 16
793 358 13
641 244 17
40 248 22
822 640 4
288 328 26
811 104 22
936 538 14
310 322 23
917 517 26
722 304 6
212 345 4
33 519 21
987 159 25
933 258 19
248 569 19
469 811 18
920 81 11
745 342 24
279 64 5
790 662 21
809 649 7
157 187 5
313 473 13
656 721 9
966 462 4
777 559 21
251 191 12
505 391 3
852 553 2
537 376 17
976 384 15
983 409 7
154 375 21
715 786 2
354 292 21
958 205 13
115 719 25
503 54 9
