542 187 0
246 686 2
534 977 0
147 625 0
175 984 1
611 682 1
294 246 2
611 623 0
359 844 1

148 988 1
555 530 0
407 128 0
583 15 1
278 162 2
867 689 2
144 300 0
297 947 2
110 910 0

376 270 21
123 770 11
327 436 24
913 19 14
991 310 15
93 420 25
171 149 22
2 404 20
146 84 7
418 997 26
706 474 26
507 788 17
998 924 3
789 267 13
527 713 10
527 884 9
798 976 7
839 330 11
909 828 22
416 599 20
943 657 19
119 164 10
459 162 9
812 303 3
475 182 16
791 860 4
296 51 11
950 24 23
120 143 14
960 767 7
813 242 17
28 801 2
478 945 14
905 593 15
367 503 2
657 759 6
546 709 7
444 829 25
506 907 5
83 219 24
316 33 16
731 61 20
208 891 17
545 797 10
285 516 14
985 173 23
767 71 9
572 867 14
873 373 23
128 809 18
150 477 3
766 208 14
536 768 7
724 935 22
