71 258 2
164 63 2
303 780 0
340 377 1
618 88 0
669 372 1
529 630 0
614 266 1
40 347 1

224 395 0
657 818 0
980 983 2
299 638 1
959 978 1
466 596 2
580 617 0
318 147 1
135 113 1

188 153 6
911 729 3
525 387 22
686 18 20
754 977 25
552 444 23
790 376 15
401 695 14
641 182 2
500 370 5
706 633 12
79 909 20
186 947 14
579 701 18
654 606 12
401 791 20
194 656 10
68 88 21
274 206 22
215 860 3
953 186 24
419 152 24
580 905 15
923 559 8
547 234 3
85 874 11
557 441 23
758 165 13
30 745 21
93 21 7
799 10 3
206 699 19
269 247 5
