181 52 2
31 663 0
731 384 0
950 760 0

240 270 0
750 87 1
660 903 1
264 826 0

556 951 25
725 201 12
288 734 15
495 766 5
691 849 16
472 799 4
432 40 26
377 142 13
66 803 18
479 67 22
706 623 23
656 701 26
969 989 13
982 836 6
362 527 5
478 351 5
355 784 22
855 161 14
793 579 17
987 58 12
359 117 12
330 773 13
207 742 5
477 269 22
207 976 6
977 831 17
890 977 23
957 316 9
92 675 26
555 357 26
366 916 21
871 86 24
213 985 17
82 463 11
302 670 14
307 0 21
824 890 25
921 847 16
780 292 16
404 847 25
505 565 17
349 437 3
974 650 14
389 732 4
425 386 26
437 693 26
633 518 18
806 791 18
647 571 10
163 327 7
37 832 24
827 534 11
55 860 13
917 249 22
946 674 9
998 463 4
49 97 24
991 903 15
132 903 13
917 66 17
549 103 2
746 282 13
721 607 22
