942 398 1
529 39 1
121 604 1
122 849 1
991 959 2
607 645 1

852 188 2
455 198 1
240 17 0
897 13 0
87 308 1
940 189 0

309 311 22
599 785 21
361 128 8
522 735 5
798 588 20
689 43 19
332 636 11
563 533 26
254 574 14
149 174 24
246 887 2
654 410 12
707 208 2
300 250 23
253 497 17
780 561 15
614 524 6
990 131 5
677 632 6
453 884 4
789 943 14
416 244 14
87 688 23
746 294 20
752 392 8
831 383 16
837 412 25
16 914 6
912 508 11
950 277 7
589 716 20
811 463 16
529 402 17
161 506 10
669 690 20
308 527 7
931 543 23
137 979 18
228 891 3
262 841 5
562 594 12
527 475 16
269 636 22
404 657 12
922 317 14
205 601 10
401 738 14
669 966 7
446 580 24
499 824 7
621 387 26
206 266 26
545 535 15
743 292 24
630 214 17
45 771 18
3 525 6
292 194 25
472 640 7
494 492 7
651 113 21
402 672 12
277 569 24
492 312 16
364 295 8
906 340 4
697 343 4
779 107 16
559 954 10
516 605 26
822 637 19
320 481 9
817 104 19
297 801 12
301 732 24
500 511 8
692 423 12
375 939 20
876 800 5
49 622 19
792 294 25
199 108 24
253 277 3
295 574 7
32 228 14
756 728 3
587 772 26
725 148 15
468 24 17
15 218 13
