27 933 2
254 726 2
157 899 2
746 230 0
277 8 1
984 957 0
769 343 1

196 852 0
717 246 1
597 253 2
469 280 2
412 886 1
601 44 0
575 142 2

265 419 6
144 404 15
882 525 8
406 721 13
486 791 11
179 740 15
382 561 22
519 973 9
733 574 5
199 150 22
894 767 19
598 911 25
964 145 25
672 552 24
233 390 17
745 921 7
158 304 18
555 823 17
839 908 18
519 107 18
990 354 12
457 941 23
54 526 15
146 271 12
626 781 18
20 689 16
387 528 26
328 48 11
982 326 19
75 717 6
598 772 9
511 918 8
698 897 16
855 304 9
430 632 9
464 404 26
852 739 2
896 195 12
209 270 4
948 731 22
704 430 21
593 619 13
172 475 19
490 721 10
739 925 24
314 821 19
149 31 16
53 846 9
730 794 15
325 850 22
521 444 19
282 968 21
452 441 26
610 532 26
507 198 24
951 347 5
665 752 2
599 482 23
265 159 24
360 680 20
427 962 13
321 365 14
824 818 7
48 428 14
872 239 11
225 257 13
777 856 21
476 121 5
673 834 13
18 613 2
979 287 18
243 111 11
