928 175 2
624 911 2
925 810 2
213 568 0
58 140 0
75 374 1

286 942 0
442 254 0
790 282 2
235 439 1
486 367 0
999 992 0

289 269 25
977 482 19
88 892 11
739 968 13
398 606 5
610 48 9
392 190 19
268 264 3
145 263 22
582 553 16
532 882 25
711 61 13
97 811 19
777 422 20
712 166 10
929 436 13
289 704 3
665 849 18
385 783 21
374 316 6
198 367 5
302 879 5
296 657 2
339 369 18
925 650 4
936 939 10
212 957 12
900 69 13
931 619 8
630 483 2
149 100 25
762 601 23
622 57 16
929 889 6
960 526 16
774 578 5
819 560 13
592 45 15
665 149 6
381 263 7
703 238 14
719 856 23
804 137 14
508 450 15
97 576 18
188 916 24
679 508 19
269 525 18
828 961 24
817 680 5
764 484 19
