460 250 0
217 461 2
129 186 2
923 308 2
735 602 2
663 101 0

152 4 0
648 190 2
699 508 2
124 679 2
518 491 1
303 708 0

956 837 22
623 760 7
922 510 12
775 662 18
830 663 8
561 714 18
626 838 24
799 708 15
223 363 24
107 319 11
178 295 24
908 48 19
593 970 7
378 97 21
520 928 9
203 841 25
747 819 13
969 618 23
35 841 12
457 949 8
88 387 3
308 332 25
390 711 25
134 583 3
894 138 19
367 237 15
31 559 8
402 594 2
489 51 3
248 119 7
301 560 21
755 220 4
530 610 17
403 744 2
204 638 17
11 389 14
795 143 8
698 233 5
455 886 15
951 641 10
428 524 20
320 927 17
147 484 5
668 398 2
430 545 21
138 317 6
897 367 16
566 125 21
576 906 22
197 226 26
562 726 12
917 839 22
279 859 22
381 289 19
627 779 11
858 28 5
322 155 4
25 73 6
941 199 16
440 761 17
776 30 8
498 661 17
970 43 8
987 22 12
673 881 17
305 580 21
9 653 23
620 594 22
809 35 10
147 983 22
105 970 21
490 643 4
607 721 10
527 378 17
521 387 21
869 359 17
64 520 4
724 948 17
63 130 5
162 734 10
283 576 5
286 183 3
196 711 6
273 870 5
743 10 9
748 777 13
737 291 25
47 574 26
1 212 10
27 408 23
784 447 9
928 629 13
783 254 11
511 5 6
