608 102 2
94 189 0
990 244 0
462 779 1
607 239 0
432 422 2

774 586 1
540 319 1
608 289 0
902 378 1
897 338 2
22 433 1

333 775 8
3 589 14
497 628 3
887 754 17
287 903 25
3 157 5
971 54 21
5 114 6
214 469 20
201 75 17
780 924 22
134 811 2
74 63 24
685 703 4
586 706 12
216 677 18
185 70 22
939 428 13
468 642 7
254 328 8
549 462 22
951 888 12
0 925 15
953 511 23
63 80 2
931 265 23
877 557 3
640 377 20
521 964 17
807 775 22
617 776 23
131 729 11
702 144 16
678 304 18
129 945 20
222 818 12
214 998 9
183 410 6
988 835 8
395 372 8
287 27 10
796 705 15
862 834 12
657 408 5
417 975 3
606 475 8
536 463 20
594 399 13
381 147 13
664 786 15
23 582 23
38 796 9
998 453 20
776 223 20
904 675 5
443 281 5
200 170 21
143 764 22
757 498 19
743 162 5
108 537 14
531 575 10
159 701 14
152 958 14
985 601 17
131 97 9
677 854 9
721 949 21
552 57 9
964 941 11
173 730 10
187 241 13
776 393 21
585 737 26
653 869 23
837 898 4
519 619 5
715 523 15
449 488 6
759 13 13
642 552 4
825 720 24
121 305 13
722 310 9
421 147 7
973 18 4
179 734 2
442 183 17
646 942 5
932 936 9
459 867 12
731 692 9
755 165 15
516 887 2
731 634 20
