214 846 2
941 368 1
172 299 1
223 309 2
780 814 2
669 332 1

331 456 2
269 498 2
483 168 1
169 953 0
544 167 0
585 460 1

607 632 3
691 207 12
478 339 4
516 8 13
683 692 19
380 313 20
506 796 13
68 965 18
129 861 12
35 446 22
310 53 6
236 96 13
824 574 2
664 125 4
206 505 18
599 364 16
512 784 7
378 913 20
763 949 17
608 611 22
437 848 21
825 672 20
552 250 13
288 914 13
67 472 21
160 72 10
402 936 19
609 315 10
677 78 11
544 39 22
186 6 21
481 558 21
219 198 12
83 618 12
537 532 22
406 141 12
541 819 18
625 715 9
673 532 12
568 70 18
488 904 4
9 123 2
797 558 22
57 10 3
741 899 12
713 658 4
1 199 25
367 177 17
124 850 25
61 418 22
5 258 26
507 268 2
559 65 10
383 567 22
68 280 7
597 0 9
663 476 11
261 890 6
633 895 15
558 754 10
268 247 26
589 630 18
162 51 25
392 650 9
822 248 9
781 911 13
942 524 3
712 67 4
170 377 19
45 646 17
394 235 24
662 397 25
562 790 3
744 964 26
279 746 12
