362 806 0
557 435 2
229 178 0
285 604 1

695 791 1
838 28 2
462 150 0
563 97 1

127 637 22
344 452 7
844 167 15
847 724 2
280 953 5
813 590 9
648 638 2
483 828 6
924 642 8
583 206 6
816 685 20
61 29 25
181 424 16
932 705 21
212 870 11
97 870 26
124 354 4
180 278 22
387 213 5
43 29 15
336 442 19
434 660 22
51 193 21
40 125 26
686 690 23
571 787 19
797 911 25
500 92 5
197 479 18
100 522 24
40 210 16
9 997 3
204 48 21
824 441 24
399 50 3
816 848 16
291 348 8
44 897 14
362 349 13
709 389 26
850 398 25
651 955 23
997 779 16
469 631 19
983 30 19
636 198 19
201 489 19
209 885 16
49 247 15
762 308 4
686 510 5
959 161 10
633 511 16
747 332 24
341 668 5
986 304 5
478 857 22
671 67 7
760 468 7
551 230 17
378 917 3
308 228 16
841 213 2
857 313 12
505 654 5
535 640 11
763 119 19
493 902 6
400 453 11
615 184 5
581 686 24
683 895 12
118 400 17
221 935 9
981 51 5
950 588 22
986 81 2
490 481 7
224 97 16
580 790 11
164 371 24
961 407 21
72 525 22
189 99 9
946 432 12
527 382 26
897 368 7
522 210 16
953 786 15
919 366 5
730 530 4
579 844 11
324 268 13
821 457 12
253 755 19
89 282 3
513 532 21
370 54 8
61 359 22
