648 895 2
361 98 2
185 389 1
649 389 2
953 248 2

282 575 0
806 537 1
841 617 0
284 893 1
786 328 0

31 328 24
90 42 25
894 580 5
161 168 6
673 974 18
639 816 12
761 452 6
16 239 11
470 270 17
820 712 11
457 845 22
36 54 5
215 567 25
969 593 25
612 584 18
379 714 11
565 185 9
80 5 21
829 82 19
249 470 25
555 685 18
28 6 11
828 971 20
796 196 18
865 927 8
876 492 18
158 925 23
153 914 23
450 96 5
592 345 3
140 252 13
608 281 22
669 461 18
306 475 18
12 351 10
255 510 10
503 15 2
376 465 23
980 409 20
406 901 23
869 510 6
339 179 19
132 494 2
121 801 4
37 165 6
