791 332 0
651 448 0
553 985 1
715 353 2
691 258 1

886 140 0
145 998 0
710 23 1
221 330 2
574 80 2

125 871 13
70 874 13
880 427 23
170 494 26
145 537 11
404 423 2
360 920 2
12 630 25
427 203 7
545 255 11
934 677 10
770 557 15
118 225 24
255 630 24
532 342 22
807 707 2
105 134 8
85 327 15
498 225 22
782 159 25
940 281 9
230 225 14
15 344 17
689 951 24
138 483 18
508 290 25
861 747 9
417 832 14
452 464 25
775 405 6
360 987 9
24 2 5
914 691 6
138 830 14
705 690 6
978 551 5
825 127 22
489 580 11
312 707 18
768 67 6
450 444 8
828 710 2
157 849 9
321 906 24
127 236 3
418 151 26
838 640 8
364 73 10
993 523 6
624 352 16
651 509 17
408 310 10
859 991 13
982 409 15
233 247 7
64 969 14
955 333 12
265 678 10
19 655 14
483 306 26
149 167 9
72 927 19
232 138 10
719 120 21
709 706 18
691 770 15
978 77 23
338 342 4
574 361 9
161 197 17
962 698 9
594 770 13
889 355 3
822 74 26
517 783 7
810 474 2
73 805 7
22 143 24
649 69 13
283 583 12
223 545 10
683 140 7
69 29 12
298 203 13
647 72 21
702 883 23
879 308 3
134 682 23
84 331 18
747 966 26
607 190 23
517 873 13
549 294 19
585 592 23
398 591 22
995 293 7
418 525 18
294 11 25
17 95 9
