632 643 2
654 115 2
377 947 1
210 102 0
514 859 0
992 308 1
759 864 1

357 506 2
926 26 1
615 416 1
345 48 0
165 702 0
605 79 2
932 641 2

954 156 14
43 148 22
901 907 12
425 264 20
184 191 23
83 158 14
274 504 12
460 669 16
409 626 23
658 558 14
923 555 20
146 456 4
233 234 21
826 418 12
149 501 22
536 127 26
323 587 22
812 349 23
85 359 8
648 720 23
718 643 3
937 141 12
766 374 23
860 552 16
497 701 19
293 237 24
944 560 11
265 725 12
563 810 21
769 170 3
206 936 5
877 797 7
318 294 9
261 939 23
683 884 11
44 501 13
755 416 23
824 188 11
751 803 12
29 361 23
682 239 22
888 557 19
147 170 8
995 205 17
404 250 20
890 357 12
539 181 2
350 147 9
690 898 14
552 928 25
998 962 16
946 202 24
188 349 21
369 697 2
787 101 4
705 344 11
392 235 19
268 585 17
177 627 17
889 179 22
979 475 14
553 663 16
297 385 13
599 172 16
151 229 10
855 594 7
797 771 9
989 12 13
462 326 18
534 210 11
873 508 21
751 611 26
5 230 21
995 17 6
158 479 10
499 376 17
20 262 3
204 488 13
