392 228 2
935 454 1
945 721 1
839 692 2
204 967 1

860 132 0
640 208 2
438 228 1
269 422 0
541 393 1

186 137 25
176 425 4
128 370 2
878 562 19
733 118 13
793 330 21
415 322 4
544 761 9
884 924 2
829 462 17
2 638 17
629 119 14
681 997 3
73 83 22
784 876 4
980 292 2
17 62 22
424 946 23
224 127 11
581 110 20
371 791 20
722 216 3
697 333 23
524 70 14
112 87 3
434 863 2
681 87 4
742 954 11
441 887 21
780 981 8
31 877 11
510 574 22
634 450 17
298 914 6
24 349 19
49 382 8
202 124 14
836 565 2
932 529 12
172 309 20
629 692 23
790 555 24
285 541 25
850 839 14
854 863 15
721 265 22
380 467 21
992 655 14
844 939 18
955 112 5
750 93 24
71 883 6
319 169 22
369 371 13
981 226 4
295 299 19
342 31 11
162 24 18
251 868 7
517 175 21
797 926 14
122 997 25
1 668 19
774 37 17
385 371 20
212 18 20
656 360 3
567 874 2
133 125 23
991 643 23
960 792 24
673 268 17
682 779 5
451 344 23
871 0 10
322 568 10
150 53 10
846 44 5
717 5 23
515 732 14
662 405 9
829 897 3
34 931 10
962 382 6
908 605 6
567 928 26
100 78 7
110 924 26
764 993 8
210 508 17
274 522 22
959 352 21
37 386 3
