444 689 2
587 272 2
249 482 1
49 111 0

248 964 2
967 198 1
763 383 1
934 331 0

0 302 4
562 66 3
303 863 20
699 450 19
811 52 2
661 101 15
75 701 4
31 669 5
864 432 13
567 367 24
322 281 17
300 584 5
968 635 8
613 447 10
388 460 13
626 536 14
181 919 8
286 135 17
774 914 9
594 481 3
716 155 9
608 456 21
12 424 8
570 389 5
828 777 16
891 756 4
303 289 25
737 575 11
602 349 2
186 295 8
137 11 16
722 972 22
243 336 23
399 906 13
419 977 23
723 280 14
298 369 16
657 972 18
282 158 13
741 648 2
355 722 24
777 965 10
623 364 16
859 719 2
577 490 6
50 565 13
813 864 8
502 873 7
893 156 15
982 956 12
4 733 2
362 708 19
978 920 13
680 497 4
711 547 21
22 360 10
703 215 9
708 108 17
224 40 18
387 22 24
625 378 9
475 92 17
42 422 12
681 102 11
810 813 9
504 188 21
63 891 11
847 952 22
787 176 14
680 915 14
177 540 17
401 762 9
964 443 14
23 605 4
982 110 17
302 525 11
836 724 13
183 511 16
571 191 6
685 720 24
177 831 19
762 584 6
770 548 2
584 924 7
211 906 19
379 208 21
438 397 20
801 580 6
