411 193 0
621 695 1
845 35 2
456 588 1
914 551 0
860 178 0
360 602 1
163 429 0
528 569 1

233 593 0
835 5 2
746 978 0
169 823 0
413 280 0
159 546 2
268 406 1
17 119 1
324 282 2

950 810 15
394 395 10
109 231 15
722 329 19
678 498 19
305 774 22
800 412 25
415 89 9
776 785 19
334 894 2
898 969 6
509 373 20
211 679 20
106 819 15
885 738 18
645 549 7
215 325 19
532 660 14
433 910 10
14 54 9
94 563 8
790 126 14
260 233 8
125 345 6
769 228 21
526 795 22
69 327 9
858 112 21
616 127 25
856 715 17
18 975 2
351 100 24
656 503 7
51 624 12
995 150 7
617 219 12
899 77 24
795 693 3
393 419 4
259 275 19
899 646 22
476 997 24
398 5 4
341 404 4
222 21 23
782 273 26
806 420 21
958 814 15
35 425 16
179 676 12
