514 509 2
435 52 2
322 987 1
756 967 0
562 825 0

71 81 1
156 574 0
387 377 0
849 427 2
365 418 1

231 932 15
255 719 17
643 393 4
121 149 24
6 63 26
658 486 7
566 642 8
668 231 12
573 597 5
329 180 14
242 435 10
559 430 3
136 909 19
585 919 6
924 928 5
758 597 12
370 522 11
401 852 16
715 94 3
749 654 8
797 591 17
978 59 5
655 94 8
92 816 7
692 285 6
693 386 12
124 913 7
811 720 13
407 870 4
274 848 16
980 650 2
614 658 23
197 750 14
302 229 9
612 921 21
778 443 20
410 254 16
696 13 11
925 288 11
566 620 12
191 234 22
262 783 22
502 437 3
959 49 25
53 769 19
278 309 19
392 5 7
728 283 22
913 201 17
100 393 3
945 7 13
892 509 26
69 820 2
519 873 22
936 758 21
148 389 6
615 781 13
448 862 21
568 127 23
661 579 18
987 876 25
801 768 10
700 189 5
0 60 6
70 996 16
