847 553 0
938 174 1
817 277 1
121 629 2

545 599 0
216 960 0
376 828 2
188 972 2

377 642 24
732 2 2
910 850 7
430 788 8
16 958 11
715 79 17
968 976 18
533 192 5
404 920 9
758 109 6
90 838 23
187 570 3
614 833 3
946 615 18
453 983 26
589 698 7
706 18 9
422 552 26
451 308 24
660 67 8
489 509 23
313 48 20
335 413 3
462 354 4
667 60 22
849 835 26
223 298 4
277 804 11
145 295 23
847 462 8
515 150 24
869 631 14
941 481 24
566 409 14
64 240 6
973 385 3
779 452 18
728 840 13
792 133 21
691 699 5
228 550 14
63 753 2
389 169 19
520 494 7
947 390 16
188 522 18
286 678 6
272 470 15
444 161 16
672 741 19
412 546 19
180 418 13
685 365 4
126 905 3
668 836 3
532 122 7
237 395 4
427 191 18
316 863 9
108 100 16
6 865 12
73 397 7
634 434 25
938 560 5
764 580 17
541 113 16
348 702 13
625 129 4
416 445 20
301 906 22
990 912 12
577 337 11
582 971 20
305 262 6
286 378 13
751 919 26
690 619 5
377 597 11
