832 922 1
678 789 2
759 767 1
749 127 1
986 828 1
793 327 1
304 142 2

685 624 1
750 440 2
325 630 2
687 462 0
183 492 2
387 252 2
665 353 1

29 691 8
567 484 13
216 140 7
76 178 6
606 928 23
187 605 4
8 644 18
102 827 11
338 567 13
989 584 18
120 613 9
78 533 20
497 825 13
253 783 19
450 971 26
270 785 25
404 124 17
585 585 17
337 732 26
448 229 3
736 835 14
480 266 18
299 536 3
297 293 2
215 787 18
365 373 5
832 740 21
833 430 4
934 878 10
861 614 20
275 920 7
376 51 12
229 348 7
207 563 19
650 280 17
75 298 15
852 232 18
938 380 8
387 108 9
724 338 8
354 545 23
771 547 4
914 225 19
462 504 26
5 67 22
162 823 19
944 113 25
358 576 23
939 930 20
435 54 17
564 320 20
698 931 4
387 394 9
762 520 12
246 878 13
67 169 21
138 604 2
755 521 22
598 327 16
446 378 22
798 553 8
569 298 8
