895 532 1
116 15 1
935 207 1
856 709 2
728 274 0
388 678 1

690 12 0
857 297 1
613 717 0
567 185 1
548 80 1
425 549 0

708 484 20
70 421 6
154 161 9
201 851 23
171 61 20
37 141 5
85 566 4
796 626 15
66 597 10
4 821 18
288 375 21
584 898 7
177 514 8
686 130 18
443 363 13
109 782 10
467 180 3
540 824 26
36 408 25
594 585 16
825 424 9
650 462 15
969 77 7
854 872 23
365 981 5
826 801 12
602 400 23
155 274 17
244 452 16
779 454 3
444 423 7
324 629 7
920 347 15
650 173 18
912 127 18
358 30 12
980 610 18
658 117 17
664 493 26
518 937 26
800 613 6
307 886 3
796 536 26
437 801 3
831 159 10
516 492 23
875 128 4
319 144 22
570 14 11
245 815 25
549 474 11
552 622 24
376 412 25
12 111 4
308 346 6
74 221 11
201 892 6
174 463 20
83 708 12
958 609 12
367 161 9
17 889 21
77 932 3
531 593 24
488 667 22
801 394 2
397 830 12
807 788 21
692 156 9
200 525 23
471 992 18
986 422 26
964 953 21
288 793 15
622 871 7
835 76 25
757 768 8
191 320 8
163 144 3
406 482 25
