23 984 2
296 256 1
495 246 1
717 404 1
176 339 1
205 843 1
210 716 2

479 696 1
427 954 2
219 60 1
714 83 2
297 731 0
910 227 2
604 296 1

716 824 2
602 29 20
434 239 14
647 71 10
356 498 14
618 69 24
507 135 10
566 343 20
999 299 17
835 367 16
381 756 12
468 756 8
251 112 6
989 82 3
138 589 13
723 674 23
688 240 18
583 591 17
423 427 10
440 438 7
486 819 15
771 288 23
128 891 11
962 371 10
922 134 26
813 718 18
355 493 20
265 933 10
497 419 6
582 671 13
787 672 18
372 398 15
279 320 24
778 485 19
47 603 16
527 441 9
998 24 7
9 519 16
605 658 13
571 30 13
336 309 8
884 440 18
