901 17 2
356 379 0
954 428 1
811 405 0
782 123 2
227 335 0
566 15 2
488 210 1

145 520 1
213 309 2
149 210 0
709 918 2
744 224 1
941 387 1
788 521 0
900 748 2

3 666 13
720 300 20
74 865 4
423 15 16
494 76 11
944 172 10
809 902 20
365 158 10
178 912 16
201 985 18
745 59 11
949 834 26
400 272 25
309 446 14
956 256 18
680 72 19
122 273 4
822 968 24
148 684 3
199 84 2
774 745 24
463 702 7
54 531 10
801 276 3
522 79 24
676 294 19
889 469 12
937 617 21
665 168 8
464 405 7
871 460 13
454 613 15
5 221 22
550 463 18
710 400 11
188 82 24
214 899 6
295 770 16
258 577 6
971 753 16
894 303 4
285 365 6
646 272 23
176 812 8
648 379 7
919 284 8
898 478 18
416 450 21
508 696 24
710 981 16
17 980 14
388 156 3
546 156 7
603 385 10
431 656 22
539 582 5
508 832 10
224 601 10
45 109 8
658 188 22
772 929 5
699 475 11
356 79 23
40 862 5
815 261 21
748 837 22
484 882 6
32 710 18
30 533 25
938 634 18
93 994 19
830 161 8
356 45 16
348 175 26
620 205 11
547 639 12
588 84 8
383 266 19
439 17 6
332 939 3
460 845 16
640 201 14
529 901 14
605 874 21
