539 425 1
629 976 0
793 887 0
347 425 1
659 524 0
982 425 0
874 684 2
845 539 2
693 657 1

792 808 0
460 347 1
680 329 0
514 474 0
164 821 2
946 832 0
671 814 2
175 40 0
211 885 1

334 578 9
66 370 18
170 182 17
699 214 23
556 728 24
652 245 22
525 543 4
922 566 20
96 741 10
306 952 20
56 638 25
816 705 22
32 875 6
299 926 21
248 834 26
266 363 16
45 285 7
639 733 26
272 391 5
143 448 19
591 264 26
762 648 3
737 547 13
737 218 26
681 145 2
785 288 2
527 231 18
656 901 15
794 990 10
770 676 21
109 853 5
85 735 2
146 417 24
598 554 14
15 111 16
532 815 5
348 823 9
63 969 24
349 739 25
470 200 3
473 637 16
73 381 14
86 232 22
623 132 23
377 832 23
736 247 17
733 596 8
759 67 8
637 892 20
251 593 5
571 105 21
774 410 5
422 139 14
893 227 11
333 961 10
864 72 2
947 709 21
522 947 9
580 164 3
554 713 7
643 607 9
627 292 22
912 509 19
264 456 4
347 998 18
556 757 14
971 338 22
834 244 10
