453 825 2
503 488 0
526 645 0
937 204 2
113 43 0
17 183 0
993 865 2
414 9 1
98 110 2

6 542 2
485 995 2
462 851 0
550 729 1
829 18 0
698 131 0
288 500 0
966 845 2
426 259 2

606 68 24
754 905 22
376 367 25
839 918 6
299 747 24
315 798 5
374 86 7
968 404 3
247 687 24
177 293 19
649 48 24
821 776 17
844 967 10
948 266 9
70 933 7
675 307 20
781 275 24
732 54 7
646 301 19
918 478 15
610 480 15
760 798 4
742 221 13
875 248 20
225 760 4
717 30 9
207 993 16
745 553 20
412 78 20
298 932 16
484 159 15
330 605 19
626 602 22
455 319 2
115 879 22
606 624 25
394 434 20
188 733 5
202 569 16
110 350 23
220 329 2
990 251 3
588 210 2
386 609 16
967 356 25
385 544 10
440 746 5
655 564 6
525 336 26
347 678 5
48 266 15
726 5 26
792 972 7
940 709 26
526 150 25
329 157 16
383 335 17
578 940 26
153 639 4
683 40 23
420 910 25
126 202 11
727 728 13
339 793 8
981 285 22
741 369 4
996 52 21
517 123 14
43 895 24
893 21 26
452 101 5
514 176 14
84 868 9
342 849 20
663 719 11
275 812 5
527 808 9
171 325 9
933 720 4
