864 795 1
982 215 0
467 949 2
8 777 0
956 203 2
9 795 0
626 89 0
633 815 0
928 315 2

723 785 2
823 649 2
466 983 0
584 450 1
490 811 2
893 767 1
645 128 1
892 107 0
952 740 1

879 21 25
79 96 12
367 919 11
803 386 19
453 322 22
405 812 8
134 57 2
418 54 6
497 298 15
17 250 7
352 130 3
3 561 24
438 280 21
523 435 7
942 889 4
164 294 18
646 198 7
927 47 5
147 416 15
1 419 3
467 733 19
74 675 10
96 37 11
247 35 11
452 314 8
955 981 22
413 129 15
1 130 10
502 80 20
636 900 3
205 974 5
663 330 22
767 426 10
3 673 22
437 125 12
918 433 18
815 846 22
128 200 4
861 702 10
832 895 13
536 558 18
68 680 20
389 469 21
24 387 6
992 554 4
90 683 4
317 896 9
977 53 24
