174 464 1
471 464 1
439 146 0
252 432 2
654 827 2
571 289 0

625 582 2
865 110 2
320 297 2
155 677 1
222 203 0
914 26 2

723 817 7
69 69 16
832 723 20
946 272 18
895 489 3
585 161 2
855 539 9
624 453 10
942 598 24
802 552 22
787 851 21
705 746 13
382 683 24
707 233 16
62 88 6
619 64 11
203 275 15
956 217 13
28 831 25
925 970 26
447 675 24
458 57 7
630 117 15
501 798 19
687 353 19
50 661 14
363 792 17
107 820 23
755 746 20
203 3 3
483 985 20
348 457 26
670 998 5
315 400 17
529 116 9
419 223 6
493 330 4
536 936 24
384 974 15
629 674 24
54 327 10
629 997 10
557 664 12
499 193 3
233 965 3
792 346 21
342 602 12
894 338 13
784 319 14
790 354 16
150 264 5
787 349 16
590 489 24
724 633 20
793 975 24
706 222 14
592 6 9
505 138 9
96 280 16
685 430 5
90 480 21
854 422 12
996 292 23
871 998 22
83 942 4
967 799 19
541 933 7
