85 894 0
341 299 2
907 23 2
978 136 2
851 243 0
435 316 1

306 129 0
741 414 0
306 309 2
796 673 0
543 111 2
708 452 1

150 359 2
530 690 13
299 541 8
188 329 26
867 987 5
364 80 22
296 738 6
746 534 6
103 77 17
706 138 20
608 288 6
885 170 23
299 821 15
307 9 21
632 229 8
437 593 15
9 241 3
890 339 12
445 443 16
110 149 6
762 995 17
633 646 13
398 954 25
492 938 6
925 727 26
438 737 19
689 627 8
826 424 26
90 229 10
957 215 9
293 613 13
622 31 5
198 822 17
15 511 22
172 338 21
123 379 8
224 476 3
787 918 9
698 875 26
255 521 15
919 839 6
447 37 3
713 53 15
310 577 5
331 700 11
240 925 14
616 64 8
588 839 21
536 758 12
515 206 24
669 919 4
982 581 6
337 912 7
71 152 9
633 120 23
466 46 13
175 496 9
404 436 24
498 972 7
135 839 13
458 508 9
185 842 15
842 179 5
847 602 7
129 236 3
827 54 26
640 229 22
197 484 9
977 620 23
925 615 26
116 457 8
219 656 10
826 137 23
202 965 3
976 605 7
598 780 16
656 977 3
390 955 23
612 623 3
694 548 18
618 664 3
74 235 9
485 62 22
131 616 14
184 593 19
115 543 25
31 552 2
432 942 9
453 554 9
904 600 8
323 571 24
199 645 10
83 482 24
105 966 15
444 150 10
