405 74 1
879 445 1
658 654 1
275 553 2
713 744 0
295 888 2
512 722 2

157 256 0
392 441 2
864 127 0
33 532 2
69 763 0
258 773 0
90 48 2

579 114 24
9 409 13
592 273 10
491 430 19
638 72 24
961 493 12
503 194 11
831 773 2
256 134 12
217 726 10
252 217 18
544 633 17
981 726 6
194 716 5
291 677 24
489 261 21
524 445 21
376 701 6
286 270 9
822 874 2
140 419 10
812 946 2
767 237 6
216 93 14
417 582 2
163 106 22
683 483 25
689 121 20
421 295 20
306 68 18
967 880 17
344 999 6
398 216 24
562 985 7
988 148 15
210 183 25
134 872 22
679 294 17
290 676 23
234 643 5
124 988 6
603 738 22
745 337 18
667 17 12
610 993 3
563 469 16
740 952 7
950 635 23
849 677 14
615 696 8
914 80 8
15 644 2
456 864 3
636 956 6
468 906 16
590 566 23
267 416 2
929 383 23
813 572 24
776 838 4
84 206 25
509 662 16
62 650 25
216 119 6
6 61 23
727 328 16
830 609 26
655 87 13
