159 523 0
544 552 2
951 429 2
937 856 2
146 885 0
398 122 0
433 501 2
543 858 0

878 51 1
563 230 2
523 389 2
387 934 1
623 237 2
429 174 0
530 673 0
963 71 2

356 752 7
73 631 11
297 808 18
995 784 6
474 565 7
809 95 7
381 58 6
76 973 13
623 681 17
933 196 18
713 845 4
132 193 15
436 667 5
618 477 26
474 858 11
753 934 11
241 910 18
481 291 24
705 833 16
475 118 14
666 831 12
858 751 22
912 722 24
972 301 19
857 894 4
775 375 22
447 432 7
76 926 7
186 296 22
489 155 26
812 419 23
259 832 21
510 13 18
364 788 18
840 752 10
289 828 11
921 367 10
868 208 15
692 280 18
661 549 24
635 59 13
151 424 3
43 286 16
719 478 18
654 767 24
164 40 18
322 261 26
987 180 24
339 886 5
763 522 15
201 25 16
428 420 4
594 139 7
513 146 2
260 310 17
78 984 5
752 323 13
799 746 13
478 437 24
