388 449 2
675 588 1
741 640 1
983 287 0
212 731 2
446 361 0

475 610 2
35 961 1
936 483 0
415 139 0
714 879 0
575 906 2

894 999 3
628 982 17
490 992 12
35 820 25
401 855 11
831 792 21
931 559 12
853 626 18
576 201 24
887 448 23
191 76 7
133 728 6
807 219 25
195 606 20
193 359 26
504 190 20
298 474 4
936 327 5
452 904 9
875 143 7
296 686 10
52 820 14
704 174 18
875 367 2
549 223 19
96 810 23
100 262 4
9 137 22
14 786 11
799 190 6
313 896 10
89 827 4
491 728 3
854 896 14
600 348 26
954 357 16
452 723 2
636 522 17
640 836 15
623 234 19
133 324 24
363 815 2
464 251 2
791 106 25
280 58 23
679 13 5
568 465 3
595 101 25
812 741 11
925 716 21
343 202 22
292 565 12
617 381 16
94 524 24
467 804 7
188 835 22
618 756 12
95 164 8
606 441 2
352 136 4
660 398 2
149 844 26
448 664 7
805 852 17
176 823 23
363 242 2
652 689 18
33 296 9
487 71 3
704 731 26
6 232 23
480 32 12
462 837 16
928 13 14
149 377 9
74 29 23
867 414 19
624 442 24
526 448 8
272 281 15
682 743 2
296 671 18
86 173 20
118 599 26
191 467 15
209 569 13
227 42 26
668 18 20
192 544 20
300 816 26
88 850 22
65 147 20
56 585 20
424 703 20
173 894 14
689 455 10
102 34 4
901 54 22
846 246 19
