145 948 0
107 203 1
669 980 2
34 159 1
861 74 0

135 346 1
988 14 1
912 964 1
755 711 1
96 395 2

414 892 24
49 352 2
606 21 10
775 407 19
330 268 20
915 743 7
491 7 21
371 114 9
853 562 5
327 977 24
749 378 26
684 111 7
153 441 3
697 559 8
290 826 4
546 670 11
765 41 26
48 894 13
78 573 17
0 322 21
627 401 7
275 437 21
682 591 14
358 640 24
790 282 25
317 828 22
204 346 10
416 424 8
308 776 8
579 755 9
418 423 8
842 565 16
93 882 19
13 438 15
975 642 11
535 410 12
316 719 16
772 298 21
981 485 4
628 391 19
217 810 19
799 4 10
663 97 19
707 111 7
346 438 25
795 641 6
36 414 7
32 747 17
503 945 21
723 96 25
156 111 25
175 818 11
281 516 26
381 551 26
891 698 17
473 734 8
353 766 6
718 178 8
22 264 12
395 440 6
231 73 22
505 806 25
456 49 23
696 874 7
703 227 26
809 298 4
