999 116 0
131 69 0
661 326 1
401 480 0
791 128 2
29 952 2
944 841 1
477 603 0

27 939 2
241 837 1
961 188 0
588 320 2
806 333 2
789 734 0
457 877 0
897 907 0

565 203 11
926 680 16
888 59 6
141 652 18
905 614 7
785 202 4
438 8 12
418 149 22
818 207 10
62 772 13
796 50 18
486 290 5
115 432 7
933 337 23
588 474 26
576 682 11
323 912 21
299 82 4
183 145 26
269 941 2
388 779 17
566 894 26
748 828 13
545 768 12
544 36 2
764 287 22
584 938 4
611 121 26
762 391 18
964 779 22
457 697 19
381 797 24
730 238 5
730 494 19
765 258 8
360 194 22
389 805 18
564 920 9
279 693 14
538 800 18
368 531 14
811 648 22
892 360 19
912 749 24
54 665 21
938 49 8
602 681 26
314 454 26
824 902 21
29 792 22
472 160 5
409 971 3
698 776 16
598 182 7
417 121 8
473 723 14
223 389 19
399 566 23
294 595 15
341 419 25
787 835 16
826 785 24
883 202 20
990 28 20
777 603 9
371 2 2
867 648 24
507 341 18
