344 219 1
694 859 1
41 310 2
396 752 2
686 307 1
448 532 2
54 188 2
64 174 1
109 13 1

514 685 0
111 382 1
455 76 1
656 117 2
306 865 2
187 904 1
168 352 0
186 759 2
492 823 2

953 284 17
200 262 11
148 69 12
659 725 7
701 923 26
582 444 6
995 630 15
948 122 15
919 900 25
96 453 12
8 601 6
643 612 9
100 740 20
423 441 20
297 375 14
228 370 20
79 97 20
229 16 23
177 465 26
740 473 4
371 468 16
80 569 8
412 449 11
10 978 3
709 718 26
713 442 21
329 522 17
685 48 11
835 942 3
360 648 25
525 217 10
893 981 11
277 992 15
504 119 2
998 448 2
414 134 25
926 681 17
901 288 17
0 59 18
785 336 12
900 166 17
733 670 11
361 20 10
511 434 21
