70 891 1
624 730 2
998 637 1
202 562 1
882 195 1
781 497 2
236 966 1
242 179 0
339 269 2

293 280 2
332 350 1
440 975 1
667 325 1
343 879 1
636 762 0
922 895 1
155 131 1
486 726 2

81 65 3
337 711 9
502 43 9
559 483 11
698 503 11
474 846 18
164 835 5
50 109 25
434 616 8
368 535 2
3 727 10
136 638 21
947 336 24
84 810 22
100 326 7
878 377 19
903 811 10
411 298 13
646 666 23
298 536 23
771 27 13
462 411 11
110 511 14
240 741 16
832 996 4
393 759 3
704 757 21
902 407 9
973 420 26
123 544 5
35 724 18
934 426 24
923 611 22
428 4 7
879 60 14
348 962 24
58 288 19
307 763 13
935 675 25
891 62 24
609 384 10
191 318 13
513 593 24
536 21 5
966 252 15
505 953 5
452 11 20
172 318 8
435 253 10
608 496 23
857 106 7
802 162 22
626 50 19
455 16 23
695 874 26
250 678 12
52 286 11
733 752 15
165 44 14
963 825 4
680 632 23
1 679 24
628 930 2
913 375 3
869 427 16
430 817 10
487 550 14
3 68 11
167 335 9
846 298 11
576 330 18
149 446 10
674 68 4
163 71 22
697 590 8
782 437 8
691 13 14
158 333 10
13 981 12
891 131 9
549 771 14
376 445 7
754 609 5
199 658 21
332 792 8
764 836 23
878 421 10
