743 784 0
762 310 0
308 529 0
722 462 2
404 84 2
726 394 2

884 165 0
283 853 0
709 174 0
622 111 2
364 206 0
232 968 1

809 628 16
235 702 4
333 459 13
414 421 25
298 705 3
948 766 4
928 388 15
240 104 23
40 688 18
150 497 22
790 732 26
892 417 12
430 433 24
461 497 3
594 726 9
534 319 13
147 510 25
594 300 9
96 192 26
56 622 11
554 337 10
825 150 9
801 915 7
895 509 9
963 724 14
589 224 24
919 914 20
895 323 20
656 229 7
264 54 8
73 207 25
329 102 9
663 831 4
316 146 6
328 735 5
203 447 25
377 718 17
448 613 15
141 269 19
171 885 25
704 958 9
152 639 13
461 302 19
814 618 15
243 299 25
71 583 17
161 31 5
920 696 13
968 400 21
927 905 11
988 366 15
270 775 10
43 375 14
967 799 22
512 239 3
36 159 24
149 480 2
869 407 7
580 396 23
593 628 4
577 899 6
860 294 7
997 262 6
70 519 18
822 32 9
98 420 19
71 570 24
778 723 6
303 246 9
640 456 17
471 526 14
614 700 23
997 798 18
265 369 8
46 147 6
576 922 25
143 185 4
198 177 10
164 648 13
1 615 13
574 612 14
215 855 12
131 120 7
837 518 6
267 94 5
61 675 18
863 874 21
474 390 21
962 743 11
138 884 7
