765 137 1
456 555 1
43 28 1
185 355 1

974 850 0
500 875 0
849 490 0
710 141 0

48 218 22
666 587 17
410 352 6
277 555 16
546 93 24
517 67 24
923 567 2
473 768 19
963 479 11
284 879 6
229 898 20
71 308 24
289 673 16
203 219 9
177 89 2
650 12 21
350 837 15
892 801 21
928 85 2
727 386 8
624 788 4
998 633 24
407 810 15
532 812 4
929 514 16
94 759 17
90 687 4
965 222 19
739 949 7
172 926 22
650 959 2
874 717 22
389 601 10
916 530 26
281 976 10
798 66 23
401 32 22
670 771 21
325 295 24
472 945 9
907 324 12
928 714 16
113 630 23
812 263 25
271 62 16
769 815 25
489 485 23
510 162 19
458 634 14
717 332 14
285 591 14
923 519 5
162 984 12
283 149 26
733 420 15
898 541 5
798 382 17
470 244 4
437 54 15
701 771 24
64 409 16
103 332 12
208 846 22
943 129 21
294 863 18
287 911 18
704 733 12
931 170 17
394 288 24
235 743 6
596 951 2
293 894 9
139 189 24
405 248 14
916 888 2
594 876 6
434 373 5
398 119 20
122 707 13
827 655 14
729 948 9
113 87 25
712 844 25
424 760 13
109 163 9
340 950 7
444 348 3
187 470 10
674 649 15
463 731 15
795 844 4
