588 774 1
971 100 0
812 927 2
356 710 1
20 959 0
774 318 1
355 327 1
883 755 2
381 530 2

76 312 2
278 900 1
576 224 0
825 388 0
705 96 2
431 117 2
323 891 2
421 599 0
369 482 0

222 215 17
180 643 6
535 921 9
17 849 8
599 27 23
266 190 7
852 87 23
681 974 22
421 295 2
819 108 12
962 492 2
573 110 20
234 277 17
874 612 24
729 464 13
228 497 14
648 613 10
621 386 6
974 206 16
59 520 10
11 445 20
154 226 25
261 812 5
701 687 19
400 416 10
538 644 7
651 644 22
915 592 17
479 3 12
887 14 7
758 521 10
206 134 23
284 188 12
678 940 5
536 479 25
892 482 21
564 941 16
271 209 8
888 40 13
673 280 5
256 38 26
37 233 25
478 448 22
903 692 4
972 256 22
12 528 6
995 768 24
982 442 4
335 50 17
