902 817 1
793 109 1
573 433 2
686 607 1
959 958 1
767 269 1

755 945 1
323 228 1
125 110 0
2 55 0
683 309 0
967 455 2

735 380 25
597 25 19
242 899 11
878 575 14
326 700 25
23 702 7
385 738 16
915 705 23
907 440 4
332 835 22
364 432 23
707 225 19
23 820 21
932 50 21
70 376 23
670 752 3
325 489 16
641 404 23
413 664 13
487 361 7
435 420 10
880 443 5
224 727 7
143 797 9
114 467 13
256 786 8
77 551 22
690 820 19
138 307 7
477 975 24
107 199 26
787 694 26
196 160 20
357 653 15
359 909 3
766 339 6
188 29 26
607 168 8
387 187 5
291 16 5
65 262 25
641 811 11
684 520 14
224 880 23
550 998 14
779 186 19
537 885 26
471 519 19
824 577 19
197 838 24
295 389 22
733 520 10
552 349 8
187 238 19
624 202 2
255 378 6
50 738 20
365 287 9
264 582 23
161 667 18
596 219 19
178 758 9
645 823 15
641 430 16
156 54 20
608 662 23
638 64 13
281 781 25
763 45 8
986 206 2
730 802 22
174 980 5
857 977 4
470 618 9
484 775 16
405 383 5
351 21 19
388 655 2
63 770 22
969 109 5
247 839 7
