942 904 1
327 30 2
592 223 2
624 305 0
988 1 0

650 896 1
403 331 1
369 505 0
506 541 2
791 476 2

187 418 16
389 746 23
590 690 22
730 666 4
342 655 6
793 657 2
768 61 10
863 782 15
171 288 8
277 431 9
687 619 3
50 950 18
251 727 16
167 152 19
182 323 7
738 952 16
771 992 12
574 345 22
123 747 24
714 69 9
323 673 11
940 503 7
862 513 22
549 680 24
666 215 24
423 953 4
612 76 21
772 650 18
292 773 16
467 839 12
674 515 10
609 455 16
416 669 6
511 218 11
111 884 3
385 659 7
183 44 11
100 689 9
116 508 26
201 182 18
312 143 23
926 559 19
405 423 14
675 236 6
