188 238 1
923 602 1
400 233 0
173 620 0

351 513 2
202 648 1
732 722 2
452 596 0

963 204 18
679 478 14
384 19 4
202 942 6
778 343 14
567 868 9
381 571 24
819 773 25
812 857 22
755 310 18
612 625 24
431 656 3
493 41 24
400 726 11
240 293 6
699 26 3
672 845 3
997 9 11
336 729 23
183 160 5
861 654 23
558 800 20
550 552 21
236 792 17
791 492 18
917 516 14
520 513 23
981 557 15
752 893 20
501 77 5
906 938 9
352 849 11
97 399 14
982 778 25
125 47 18
762 568 8
761 901 16
524 6 11
23 765 4
682 469 3
142 566 2
154 135 14
958 117 20
475 709 12
857 470 14
148 347 20
332 68 4
946 91 19
498 774 15
251 268 6
403 422 17
542 732 11
460 691 6
