228 581 2
95 32 0
654 555 0
309 113 2
701 907 0
254 88 0

54 734 2
29 922 0
573 783 2
762 775 1
956 4 0
781 451 2

405 106 19
444 468 16
521 74 5
415 128 16
245 158 14
42 83 24
917 197 24
691 153 5
433 340 15
135 672 2
449 194 26
852 961 7
342 207 17
106 249 25
327 209 3
358 255 13
840 40 6
428 768 9
135 903 7
310 352 3
911 205 14
641 899 23
233 5 24
557 10 18
430 689 4
456 47 12
770 887 2
424 667 20
658 802 23
565 464 3
666 376 8
81 369 9
54 603 16
277 512 26
370 294 17
672 750 15
582 872 4
885 648 22
603 307 26
577 224 16
903 243 19
786 324 13
