606 656 2
285 836 2
424 620 2
13 535 2
503 902 0
831 440 0
954 488 0
828 529 2

395 13 0
949 822 2
307 781 0
524 418 0
288 842 1
103 207 2
985 711 1
759 894 0

871 848 23
299 676 4
325 424 20
93 373 17
272 557 18
378 845 13
456 300 20
69 637 8
584 396 4
244 620 3
40 919 6
112 689 6
330 44 16
680 668 23
97 46 20
230 923 10
464 507 6
591 751 3
567 143 24
924 565 19
704 29 10
210 359 4
749 40 24
197 489 22
436 131 24
19 595 7
350 187 10
654 106 6
876 382 21
695 87 25
204 649 12
108 399 4
681 596 18
651 439 19
575 246 25
830 948 12
541 602 20
747 479 3
166 174 17
966 378 18
478 839 19
423 523 7
717 351 9
868 109 5
780 650 10
798 749 14
743 234 21
529 95 5
70 870 5
402 940 7
609 435 9
766 303 20
520 83 23
228 233 22
767 137 15
207 699 10
41 172 23
423 133 8
