728 872 0
508 616 1
391 558 1
17 877 1
849 488 2
148 964 1

477 17 2
548 852 2
328 409 1
148 176 1
992 256 0
537 764 1

622 508 14
33 726 6
795 874 22
798 703 14
343 604 18
374 932 4
471 425 13
506 314 5
72 960 17
863 346 21
738 291 26
703 634 5
871 360 14
449 668 24
554 491 24
916 997 15
732 579 14
947 443 10
241 938 3
762 28 20
338 731 4
166 603 17
630 52 12
528 958 3
202 874 25
191 620 8
468 352 12
705 652 7
641 893 20
717 7 24
85 345 7
440 863 10
242 374 23
468 928 24
43 119 20
774 587 24
437 645 26
894 286 22
938 355 6
362 793 2
276 92 15
790 334 16
263 154 20
611 197 14
931 324 4
603 113 24
280 7 12
850 297 17
779 659 10
406 177 20
249 805 14
937 595 23
704 211 4
47 174 2
861 105 3
263 60 16
310 340 25
995 190 23
36 322 7
221 728 9
992 977 14
854 267 12
403 971 25
457 370 24
709 231 6
285 495 16
326 157 9
375 153 24
721 541 21
78 114 2
261 106 6
600 313 23
887 68 21
409 235 23
80 199 2
962 574 5
34 647 23
781 725 13
608 338 21
412 291 11
484 530 4
878 268 7
995 677 19
991 568 16
834 648 15
834 610 16
340 996 13
386 129 16
519 150 22
803 986 5
738 211 2
