265 147 2
745 31 2
150 825 0
712 257 1
671 885 2
822 440 1
356 523 0
814 669 0

898 131 0
209 307 1
9 572 0
793 670 0
555 820 0
396 533 0
357 556 2
110 378 1

977 86 15
942 900 11
96 150 17
630 368 24
453 421 16
733 817 24
622 174 7
396 284 13
963 614 26
53 908 4
54 414 14
604 45 9
726 747 23
870 201 19
834 934 14
89 305 25
577 620 14
152 25 24
979 189 6
308 596 21
997 552 18
55 630 15
978 500 18
323 334 3
485 18 12
173 460 19
498 389 17
85 893 17
285 872 9
489 533 5
460 530 9
828 585 14
944 916 14
260 591 25
863 76 21
193 100 22
164 476 6
21 305 16
860 249 9
847 509 25
873 373 3
269 748 5
125 293 7
722 980 19
213 483 19
929 694 10
177 211 11
956 232 16
