749 272 2
493 784 1
232 204 1
696 675 2

973 760 1
663 746 1
938 938 1
491 906 2

565 221 16
368 935 14
818 177 22
845 762 26
421 799 10
338 737 25
679 580 8
376 866 16
338 528 26
924 698 5
295 543 17
869 842 5
823 842 14
536 615 15
394 632 10
402 221 8
632 949 24
796 639 4
645 563 3
376 858 23
868 80 16
171 903 10
610 791 25
848 788 6
528 534 15
436 289 11
194 921 10
818 69 24
323 67 15
174 443 25
272 311 5
213 483 10
996 93 4
139 610 15
401 804 13
259 974 8
109 297 25
145 448 6
201 661 14
511 658 10
613 405 4
855 208 3
280 347 13
345 748 19
332 360 18
388 821 18
863 343 18
781 840 16
10 393 3
75 257 13
585 222 20
37 78 3
663 358 2
899 703 3
643 387 15
9 127 11
377 990 6
569 123 23
208 134 17
861 561 26
172 146 23
592 535 26
868 198 11
196 449 17
272 444 4
412 805 7
21 183 24
325 104 23
821 312 9
63 526 20
562 50 18
284 643 3
435 863 3
945 59 4
862 683 23
166 95 3
246 468 13
21 793 17
567 615 7
599 30 8
544 593 10
635 229 3
261 664 19
789 961 5
766 175 16
187 342 11
765 940 7
527 961 25
392 528 17
922 479 23
330 23 18
789 10 22
890 623 13
