766 39 0
420 306 2
478 604 2
511 851 1
624 723 0
250 29 0
667 210 1
464 165 2

854 543 2
731 204 1
324 970 2
9 391 0
25 221 0
651 732 0
125 356 2
585 958 0

876 626 2
951 442 19
40 297 13
644 380 17
900 704 15
844 65 6
445 443 4
355 94 11
116 571 20
952 156 3
817 384 6
244 688 24
837 728 23
325 725 3
17 625 8
680 469 25
86 267 18
713 974 14
425 91 10
493 395 18
871 213 5
876 809 18
323 646 21
771 323 21
247 341 22
780 373 18
379 460 12
420 525 12
908 950 3
318 443 23
237 315 13
540 543 23
531 218 21
469 17 11
712 396 23
223 168 24
60 428 24
988 99 20
311 336 12
848 228 5
