353 853 2
100 255 0
435 112 2
482 671 1
376 798 2
582 638 0
754 205 2

200 801 1
973 155 0
47 711 0
664 416 2
204 517 0
497 304 2
297 138 2

584 867 16
31 449 5
984 555 12
789 755 15
914 729 20
939 996 17
821 846 23
815 143 12
833 728 4
753 447 10
413 236 17
195 97 26
226 113 18
674 52 15
991 225 13
613 40 6
0 524 25
428 277 22
411 42 11
853 268 13
25 815 12
324 42 25
856 60 4
142 673 20
571 46 21
433 398 22
826 589 18
835 442 13
699 819 4
659 144 23
733 912 16
562 768 3
265 910 26
329 618 22
526 24 25
0 203 14
516 390 9
652 89 3
247 13 18
747 725 4
996 406 22
292 932 22
765 932 25
180 448 17
389 453 7
417 409 10
590 64 23
26 485 21
583 732 12
49 831 12
53 828 19
971 237 11
469 769 11
709 158 14
391 576 24
526 166 15
847 544 25
704 529 16
216 582 19
987 229 5
771 50 25
355 112 8
393 503 9
192 382 2
407 229 22
