8 735 0
848 744 1
417 193 0
42 750 2
319 91 2

903 337 1
717 905 0
53 663 2
520 924 1
914 185 0

475 394 4
105 811 25
834 524 18
319 779 7
766 848 14
987 901 5
197 774 4
770 40 14
567 771 10
452 246 4
730 352 17
553 614 22
478 801 23
847 472 2
867 578 6
99 897 22
539 465 18
524 269 16
551 999 18
93 904 10
865 838 26
115 705 4
619 902 4
249 2 2
919 541 19
712 65 13
752 968 15
495 413 21
853 253 6
364 716 15
348 581 4
274 696 11
426 668 14
530 189 9
436 653 19
51 149 7
570 354 10
177 719 3
365 419 11
744 693 9
181 471 2
168 176 20
509 59 11
391 583 12
690 371 18
957 422 17
989 345 21
274 522 17
275 239 13
209 336 8
191 517 6
842 37 8
762 546 17
223 289 2
233 331 24
601 640 23
766 629 18
638 903 17
580 530 7
294 739 18
700 282 12
930 476 24
688 590 22
505 813 13
905 399 19
