958 733 2
938 382 2
663 438 0
924 76 2
821 685 1
337 731 1
819 317 2
683 671 2
295 394 0

516 72 0
540 383 2
314 673 2
760 336 0
307 612 2
779 433 0
561 122 1
596 293 0
299 328 2

724 623 8
256 139 8
74 32 18
40 118 16
544 249 26
732 162 23
347 817 19
865 146 18
704 759 26
231 800 19
646 780 8
693 137 17
385 434 3
405 992 15
49 909 10
185 608 3
352 474 26
218 530 10
689 836 10
733 483 16
940 528 3
257 265 12
848 72 18
807 609 3
935 961 4
209 532 10
594 427 26
132 116 14
365 850 22
379 142 2
820 385 15
102 233 12
774 888 18
960 967 14
122 332 16
120 64 8
436 118 19
601 220 3
838 865 22
684 14 25
843 788 13
535 774 23
5 734 15
592 856 25
381 976 14
414 363 5
67 201 23
465 885 12
451 615 26
900 621 10
315 213 18
63 947 22
875 963 19
424 496 22
795 961 9
180 151 12
57 955 5
356 207 26
741 522 16
905 813 4
449 503 16
403 774 18
72 199 17
294 994 5
401 527 9
588 936 16
391 293 23
93 978 24
260 182 2
603 606 3
795 900 24
949 301 3
