846 117 0
34 250 2
234 607 2
743 8 2
663 726 1
899 567 1
351 328 1
441 344 1

52 533 2
869 671 0
583 869 0
78 256 0
401 490 2
890 585 1
390 248 2
534 499 0

177 643 19
445 695 2
392 916 25
703 499 21
132 577 2
163 979 19
801 869 6
448 611 6
173 146 5
142 215 26
459 12 24
661 405 15
886 460 17
333 944 21
683 107 2
228 909 23
357 709 12
667 403 21
173 357 25
647 19 7
99 626 22
973 211 17
308 650 3
141 318 6
660 416 2
746 941 10
52 626 15
368 905 8
332 4 9
404 606 13
385 931 26
427 591 2
383 744 13
960 490 5
765 810 2
271 143 6
741 933 20
290 712 13
842 768 20
712 503 14
999 463 6
579 359 20
747 560 10
542 325 21
313 92 23
258 383 11
795 577 4
428 641 22
634 572 8
527 319 19
863 213 21
9 807 20
946 106 21
134 771 14
256 29 24
90 176 26
501 20 11
421 654 8
949 397 16
818 406 24
158 838 5
772 94 11
