313 193 0
730 609 2
105 992 0
896 936 0
96 41 0
347 951 1
613 243 1
607 680 2

732 731 1
571 362 0
127 675 1
778 758 2
168 863 0
455 111 1
390 208 0
21 907 1

887 873 12
369 480 19
59 564 26
212 135 13
697 262 16
727 40 26
718 208 16
701 16 3
621 758 13
286 779 22
902 666 20
114 387 2
7 446 17
631 10 2
969 59 17
459 856 20
799 557 11
250 530 19
261 816 25
883 71 16
27 185 3
894 175 13
922 497 22
564 832 12
246 292 18
841 443 2
469 658 26
969 541 24
783 568 10
687 169 5
48 443 4
820 7 11
496 447 23
524 900 18
82 721 3
808 691 20
606 826 13
589 163 13
468 202 10
523 251 3
75 423 11
840 2 16
312 526 16
180 608 13
707 417 4
127 375 7
763 316 20
27 784 23
460 660 26
336 735 24
572 547 5
414 388 8
704 52 9
245 584 20
110 770 14
785 413 14
