600 882 1
943 789 0
940 86 2
171 524 1
177 671 2
996 374 2
518 830 0

285 700 2
473 137 0
692 732 1
736 332 1
276 276 1
670 568 2
9 739 0

185 917 15
119 783 19
89 421 19
416 323 25
355 599 3
435 621 21
601 983 12
291 168 6
356 759 24
443 879 9
360 968 5
329 949 25
788 662 11
853 785 10
4 572 7
723 173 15
886 816 10
965 172 20
662 967 26
495 327 21
748 9 20
248 149 7
392 333 25
735 413 23
833 616 14
78 279 7
554 126 11
998 226 22
392 475 21
799 810 26
613 307 23
161 394 11
234 94 12
124 280 4
569 265 11
278 615 12
349 359 12
920 159 24
619 148 4
3 113 11
725 626 6
211 861 2
399 524 18
80 93 10
