230 473 0
23 656 2
80 46 2
902 873 1
615 197 0
692 549 0
117 198 1
231 269 1

764 606 2
365 17 1
179 247 2
198 271 2
64 351 2
211 605 2
9 220 2
845 913 2

954 382 13
902 965 9
902 730 18
397 447 10
310 626 9
48 824 5
442 241 8
251 813 9
466 658 24
229 964 9
543 218 24
125 121 4
666 870 3
576 532 4
514 374 22
646 960 26
735 211 16
267 907 18
146 927 7
151 946 4
602 522 11
638 123 17
485 769 2
784 504 14
600 548 16
865 743 25
875 242 5
357 393 26
710 347 23
594 731 7
411 369 5
601 854 26
104 990 7
466 590 7
857 665 2
156 882 20
256 109 12
258 529 7
107 475 13
564 886 8
144 840 14
493 944 5
50 410 22
507 619 12
132 127 22
501 736 6
463 20 25
226 90 5
520 798 8
883 643 2
588 45 14
883 552 9
196 685 11
391 538 22
695 353 20
171 524 3
823 750 20
303 115 24
670 987 24
379 458 12
291 342 14
823 538 26
