598 56 0
805 735 1
788 40 0
277 651 0
698 144 1
295 699 2

434 144 0
894 860 2
583 57 2
59 60 1
973 659 2
991 816 1

448 956 6
229 234 7
124 284 3
673 580 5
9 366 24
199 261 11
106 255 7
426 229 16
155 572 10
475 601 2
630 725 12
634 750 19
337 760 10
536 959 21
595 155 18
415 262 25
295 40 4
187 547 3
247 518 24
263 993 2
514 976 3
401 610 5
868 299 17
53 187 26
500 134 9
791 549 21
689 844 13
169 383 11
220 630 6
644 894 25
670 760 26
773 513 13
626 381 14
592 786 26
868 286 10
300 77 11
346 119 7
785 288 16
771 860 23
275 505 19
773 527 4
599 300 17
35 278 25
474 222 14
748 91 25
508 743 5
817 442 24
323 227 14
212 350 26
83 625 8
201 751 10
430 702 12
173 90 16
648 564 13
910 665 6
811 173 2
789 991 21
238 314 23
327 878 25
276 313 2
83 866 5
768 297 8
