734 110 2
189 208 0
170 918 2
935 380 2
390 114 1
334 9 2
748 477 2
888 562 2

562 769 1
985 496 0
120 582 1
224 771 0
63 942 0
190 229 0
36 971 1
200 305 2

548 53 24
40 293 11
920 208 7
864 193 3
512 666 13
270 890 9
589 305 3
826 496 9
795 532 6
231 85 11
675 633 17
949 25 12
785 945 20
844 25 7
880 296 24
39 885 5
493 64 3
181 442 22
493 118 8
858 419 8
868 205 4
439 595 17
633 23 16
305 63 3
635 908 17
461 435 4
172 617 21
967 110 16
748 320 11
555 540 18
659 979 15
276 182 7
506 473 20
275 570 14
727 742 8
