140 119 1
741 184 1
201 411 2
810 659 0

881 562 2
711 583 2
670 654 1
638 709 0

843 246 16
724 811 13
281 303 7
549 396 16
222 598 2
98 408 14
397 641 26
153 353 11
475 375 15
676 14 2
403 209 23
92 933 12
203 566 15
434 115 14
200 689 12
378 787 22
215 537 14
300 518 19
288 546 8
690 949 19
987 41 3
447 597 21
562 31 12
74 231 3
536 609 16
623 790 22
840 442 17
432 731 14
391 421 13
558 760 7
11 559 4
31 122 12
518 548 20
694 437 7
10 548 8
863 171 26
111 11 18
876 795 26
188 186 23
802 97 10
809 108 20
61 139 17
48 9 17
266 704 6
155 930 25
654 393 11
947 269 9
972 810 20
770 964 17
328 773 3
446 834 19
38 234 4
179 500 8
460 299 24
938 806 6
586 812 24
