437 691 0
440 69 1
154 113 2
400 181 0
272 152 2
313 396 2
551 699 0
254 864 0

903 617 2
620 654 0
237 91 1
563 883 0
381 37 0
952 789 2
868 413 0
61 727 2

926 278 21
820 885 13
831 788 5
359 760 11
467 349 3
486 646 26
172 950 17
40 818 6
532 158 13
703 330 25
91 161 15
744 520 26
756 987 25
507 605 15
493 444 11
35 8 6
624 304 26
912 360 6
86 451 18
399 548 15
825 304 5
601 163 12
289 8 6
623 878 25
259 265 10
713 583 8
752 559 14
301 471 24
180 557 3
573 309 3
487 134 9
740 735 22
302 24 7
957 999 12
932 258 2
915 972 12
671 76 21
208 261 2
136 835 11
744 766 10
47 377 11
284 309 20
872 248 22
517 332 26
985 893 12
10 29 24
697 994 23
870 90 16
778 482 10
63 881 12
243 952 24
462 825 24
757 694 9
133 679 2
770 689 8
243 738 2
741 608 18
6 387 2
691 450 10
773 745 7
722 207 7
920 316 3
802 449 7
929 220 21
