385 735 1
553 869 2
969 830 2
789 171 2
377 99 1
249 895 0
781 868 2

586 472 0
42 450 1
495 83 2
87 468 0
579 373 0
704 343 1
811 484 1

731 463 26
97 244 19
421 183 19
115 577 21
649 512 24
926 91 23
73 147 16
754 959 25
607 551 13
911 282 26
110 731 23
530 152 6
422 620 8
246 79 20
843 358 14
128 538 22
278 145 23
290 56 8
116 166 14
187 48 19
625 939 21
233 185 26
354 28 11
277 323 7
948 954 2
169 244 10
25 712 4
965 900 2
409 45 25
473 670 14
967 256 26
893 610 6
177 176 26
245 453 25
202 401 4
953 923 25
463 300 14
140 617 14
218 26 12
