412 795 0
879 233 0
409 106 2
745 454 1
123 362 2
914 820 2

161 613 2
106 320 1
176 500 2
163 954 0
412 367 0
6 246 0

429 7 11
922 494 2
947 656 17
263 938 15
108 101 19
54 866 11
500 224 9
963 71 23
554 278 3
984 499 5
75 412 20
189 27 10
22 542 5
958 42 6
493 572 10
34 535 8
680 441 13
258 300 16
979 637 15
59 64 4
36 58 19
623 432 11
457 883 2
493 270 15
951 302 6
688 561 9
977 892 21
670 206 15
601 242 23
668 865 5
629 293 23
632 102 8
671 547 6
927 587 19
484 564 11
30 681 14
640 351 20
504 305 12
777 973 4
483 603 24
931 587 2
262 795 24
120 98 8
937 582 24
998 965 6
10 605 9
229 461 16
689 591 15
719 74 20
