256 68 2
430 998 2
842 584 2
913 219 0
6 233 1
492 464 0
572 732 2

321 96 0
909 513 2
584 50 0
464 658 0
396 440 2
452 634 2
805 548 1

688 906 2
397 751 16
851 323 24
98 997 22
607 906 10
386 306 21
397 703 13
759 155 23
705 313 23
223 1 4
973 750 7
188 954 6
487 52 3
882 11 9
790 806 26
453 192 7
774 941 12
283 758 8
579 981 11
134 955 12
439 495 16
46 864 6
930 6 14
656 811 8
689 585 24
19 756 11
927 688 17
837 174 24
849 965 19
815 386 3
833 784 17
753 723 14
508 189 25
586 208 8
70 136 21
887 325 22
660 526 13
279 341 24
698 92 25
522 845 26
862 681 15
435 541 4
185 127 15
691 549 3
238 437 3
958 449 4
644 728 22
68 961 23
925 660 15
200 534 12
199 396 20
963 183 11
267 368 16
780 60 15
133 650 4
663 605 9
208 673 20
279 598 7
794 151 17
506 702 13
899 17 22
186 285 15
952 417 2
20 362 13
207 234 16
803 866 17
58 12 18
387 770 15
757 956 25
847 908 19
350 176 20
150 548 10
629 681 22
21 836 15
11 894 3
504 95 24
699 834 19
912 591 3
762 790 13
30 140 14
