762 732 0
40 468 2
638 321 2
178 479 0
315 577 0
271 444 1
330 22 0
785 508 2

89 749 1
401 713 2
830 827 1
962 219 1
668 858 2
503 36 2
465 351 2
896 975 1

504 657 10
849 443 18
892 532 20
271 285 10
803 115 12
502 450 17
259 953 3
495 770 6
12 666 6
621 523 14
956 372 9
799 617 18
392 240 5
50 395 22
888 462 26
945 316 26
860 575 4
163 70 24
817 82 18
799 55 16
520 162 9
838 555 25
441 957 20
511 197 9
10 142 25
312 354 2
239 335 6
282 134 13
848 572 26
46 282 23
441 586 5
799 596 22
824 260 4
425 827 21
447 66 8
904 700 17
642 686 12
679 630 21
284 72 7
87 223 6
385 47 16
37 824 18
558 624 11
415 528 13
757 295 11
24 289 25
734 672 9
79 351 15
498 988 12
856 75 10
376 849 11
770 408 10
581 823 13
93 580 10
152 604 2
598 620 16
295 990 4
802 367 3
146 70 11
334 163 17
818 668 21
295 270 12
297 357 5
786 192 8
784 642 18
997 979 4
806 313 20
548 483 15
895 778 12
580 223 20
168 659 22
776 66 11
375 850 5
693 212 13
500 561 17
730 368 7
475 268 18
