8 922 1
409 773 1
129 447 1
385 274 0
89 832 1
568 993 2
193 920 1
225 415 0
165 773 1

204 277 0
449 285 2
13 694 1
83 176 0
23 561 1
704 2 2
234 571 2
870 764 2
857 989 1

717 506 22
90 710 2
654 512 12
789 877 9
48 312 10
107 335 21
88 391 26
605 626 22
897 706 3
447 423 9
769 865 22
369 519 11
255 660 13
187 61 26
295 168 13
316 608 5
692 213 8
287 680 4
999 929 12
700 376 10
259 146 2
881 515 24
15 122 9
379 661 22
703 308 15
66 977 25
469 669 15
80 956 2
15 8 3
726 619 26
301 501 19
560 247 5
80 302 13
121 369 15
769 838 10
983 41 19
228 121 25
403 488 10
955 566 4
356 220 7
273 320 26
665 880 23
718 961 26
418 203 10
778 186 26
