393 660 0
715 464 2
775 704 1
692 753 0
933 213 0

366 973 0
935 790 0
77 965 1
625 905 2
478 977 1

822 371 11
931 86 26
418 214 5
885 906 10
131 191 26
537 558 24
171 845 16
564 923 7
858 548 14
599 379 17
323 201 13
814 139 23
472 622 15
696 160 25
246 683 20
937 600 18
242 810 19
157 409 25
697 84 3
608 792 14
957 701 18
873 515 9
46 340 7
411 388 17
334 634 2
103 572 2
146 166 12
90 323 23
765 372 8
993 980 2
705 290 6
23 515 23
833 561 13
913 973 2
505 659 13
780 114 12
8 261 4
492 469 2
23 814 9
698 872 26
427 895 16
24 728 5
989 850 14
301 983 4
290 36 22
720 528 18
522 551 8
304 602 5
81 381 25
372 757 6
225 70 26
403 59 2
593 712 10
897 601 26
462 891 12
524 485 19
780 142 23
260 575 5
739 173 7
541 928 19
841 521 6
476 418 7
102 232 26
764 315 16
698 323 23
746 583 23
824 570 20
12 662 20
269 203 24
586 44 22
968 520 18
950 622 25
176 386 17
266 490 18
714 315 14
109 679 26
678 948 6
527 887 25
897 855 22
390 157 21
764 334 9
156 52 3
740 149 22
998 767 15
192 481 5
604 590 9
30 620 9
659 147 21
684 397 3
581 787 11
452 903 22
