270 664 0
36 395 0
595 293 0
750 706 2
382 457 1

471 683 1
517 268 1
719 391 0
426 413 2
56 151 0

634 421 10
125 458 5
194 405 25
357 156 8
262 890 15
761 230 21
164 728 4
626 136 5
671 771 2
29 248 12
134 795 17
884 152 25
340 766 15
606 450 2
907 563 9
828 180 11
141 696 16
799 346 23
909 862 19
126 746 23
500 439 17
740 304 5
948 132 12
123 995 8
972 444 11
69 705 25
313 183 21
224 799 9
541 539 15
421 839 25
834 296 25
430 818 16
264 790 12
473 211 19
248 876 3
417 585 11
378 162 10
87 55 2
101 829 16
599 663 15
74 958 9
60 652 21
523 477 9
690 77 10
428 225 12
613 664 19
690 765 23
468 791 21
727 537 12
157 597 16
728 120 21
511 163 23
521 556 20
117 336 22
97 992 4
443 247 21
805 67 14
476 795 3
953 32 23
847 895 13
170 769 19
989 886 8
384 818 10
796 915 2
974 710 2
220 515 19
535 880 20
410 185 5
758 32 25
269 203 19
689 544 8
445 928 3
855 77 18
257 51 3
907 623 21
977 232 17
841 119 24
362 529 10
