291 624 1
100 877 1
611 516 1
263 259 2
868 445 0
661 297 1
553 604 0
100 380 1

565 968 1
683 683 2
462 975 2
423 75 0
479 39 2
341 654 0
104 874 2
858 535 1

449 440 6
522 541 11
874 790 15
176 604 15
906 859 8
508 657 14
236 867 25
242 838 8
603 660 17
932 534 9
297 710 15
285 813 19
53 72 5
211 2 8
24 862 15
712 98 9
287 711 25
302 305 15
200 480 12
748 96 13
4 473 26
269 537 26
401 824 15
201 478 20
191 689 8
842 619 3
26 706 22
273 906 2
334 951 12
170 51 11
657 407 11
157 429 22
372 982 2
893 173 17
674 15 11
352 394 18
872 667 26
225 353 4
110 524 5
796 533 14
955 891 15
651 400 21
523 773 3
874 666 4
266 692 21
277 44 15
995 916 10
899 604 16
230 752 24
967 60 17
927 587 18
456 813 11
158 79 5
579 708 24
395 704 17
230 676 11
418 575 17
483 157 21
80 125 6
273 858 20
866 137 7
968 103 3
748 35 11
220 430 15
898 78 19
383 346 3
737 619 11
155 485 24
512 421 19
682 389 23
283 137 8
945 709 15
958 21 25
0 920 5
969 360 21
95 95 17
347 185 13
808 692 25
