466 98 0
120 999 1
148 864 1
252 255 0
855 505 0
914 554 1

229 766 2
738 739 2
43 205 2
193 713 2
15 179 1
943 651 2

50 404 12
807 259 20
289 174 24
860 845 9
447 888 14
847 434 4
962 449 10
527 392 11
872 628 16
260 435 3
153 77 2
879 928 20
20 90 6
478 618 25
939 62 26
200 934 5
216 546 17
294 356 16
959 106 3
602 199 6
911 50 16
886 990 3
736 542 15
566 110 11
831 955 13
526 249 19
842 805 22
639 764 5
365 719 7
571 751 4
516 14 4
782 900 21
374 554 26
535 386 6
748 912 7
965 106 15
113 745 4
718 463 25
523 34 3
900 902 17
680 685 20
801 796 8
465 522 13
591 57 26
672 806 15
354 123 21
842 236 16
447 307 6
770 830 16
989 763 3
34 564 26
716 381 23
304 972 6
630 996 14
868 351 12
564 193 26
5 992 8
910 763 13
849 312 21
42 653 11
595 756 9
144 60 9
697 474 4
173 479 21
604 741 11
218 590 23
374 554 17
750 501 23
507 645 8
589 395 25
