530 470 0
284 518 2
36 946 1
575 158 1
828 356 2
891 537 1
599 895 1
704 730 1

322 74 2
955 354 1
882 884 0
602 520 1
732 556 1
601 484 1
362 664 1
868 555 1

213 211 13
688 886 12
242 427 2
980 30 22
493 67 17
909 429 6
681 298 11
990 171 18
898 385 7
184 425 20
896 49 13
962 291 16
264 623 23
86 563 14
465 56 6
680 317 10
911 998 10
346 340 7
639 238 19
496 774 19
239 670 20
528 984 12
892 248 12
202 152 8
833 184 25
541 96 23
900 794 13
782 785 3
49 282 2
572 293 6
932 635 18
208 189 20
539 22 4
188 564 25
186 816 21
525 950 7
101 999 14
804 92 12
176 279 14
489 136 22
132 344 11
278 962 18
500 839 18
155 940 17
444 96 11
254 273 16
818 158 17
873 132 24
907 59 10
316 614 10
641 245 22
782 745 11
225 900 4
667 344 25
202 950 25
368 769 10
385 797 12
539 22 21
121 598 22
630 239 17
452 374 12
114 951 14
766 173 10
442 541 6
627 278 3
164 817 2
833 206 9
609 309 23
549 762 24
586 228 26
523 296 22
156 414 22
91 856 15
796 836 18
