305 89 0
529 94 1
877 595 2
591 455 0
826 65 1
724 145 1
392 259 0

318 404 1
357 998 1
741 234 1
896 891 1
726 421 0
262 650 1
548 241 2

969 419 12
944 496 7
122 888 18
60 558 22
601 9 9
479 906 25
797 984 23
562 598 25
922 146 17
89 467 13
756 886 24
97 946 8
195 895 26
291 497 12
325 328 18
898 477 4
597 39 5
945 313 26
887 755 21
249 781 9
458 538 20
556 987 19
564 182 14
840 825 13
125 150 16
669 401 19
548 998 10
26 295 24
3 183 4
447 784 10
654 242 25
100 150 13
26 953 3
360 332 24
359 335 9
503 484 26
131 568 6
807 595 11
186 307 18
860 666 5
945 445 22
488 959 23
903 814 7
702 945 25
767 643 4
137 572 24
152 930 25
955 875 22
350 559 3
830 399 14
526 302 3
58 356 26
807 614 8
502 381 26
857 342 4
