528 228 2
151 119 2
533 525 1
591 324 2

47 52 0
286 763 1
684 735 1
81 10 2

687 920 16
626 564 17
706 595 18
741 129 18
899 72 19
294 472 22
409 110 10
825 794 22
930 227 9
394 915 6
933 893 20
847 92 8
714 834 14
457 85 13
525 379 10
997 140 22
232 317 18
887 994 13
843 927 8
624 875 12
832 941 23
169 751 8
283 628 14
868 625 5
405 763 24
826 2 18
162 846 20
743 858 25
711 482 3
771 667 21
369 188 22
700 471 25
114 340 2
669 256 11
542 661 25
14 840 2
480 354 25
225 450 8
351 161 18
704 284 10
998 653 23
396 705 22
69 171 12
72 841 20
283 383 8
236 581 3
59 806 5
741 509 16
609 213 2
144 212 7
515 608 14
710 29 10
597 101 3
92 385 11
249 995 12
245 231 18
948 291 25
101 384 9
767 993 23
69 137 12
572 664 3
948 109 15
60 358 10
