525 189 1
678 621 2
314 618 1
961 695 1
857 211 2

295 273 0
551 652 1
850 739 1
589 791 1
861 296 0

274 173 21
375 518 10
918 831 8
212 688 19
131 983 17
604 887 21
327 737 13
406 678 4
113 892 3
742 166 26
561 430 5
354 805 25
764 76 7
870 640 22
187 772 8
130 728 20
76 55 9
762 814 15
240 927 7
366 21 25
17 935 5
521 289 12
246 405 13
803 276 6
49 815 3
982 945 6
802 22 14
359 136 5
299 728 7
779 446 5
129 464 15
557 337 6
495 583 12
508 739 15
162 140 5
588 122 3
95 924 2
737 935 19
744 66 15
772 548 4
88 105 18
692 952 4
54 461 18
498 564 7
249 659 8
726 668 18
339 405 5
681 149 24
470 921 22
74 9 4
16 54 7
893 108 18
617 651 7
353 330 11
846 669 16
627 703 17
474 525 16
221 599 25
73 967 6
230 212 15
