572 832 1
713 24 1
667 999 2
310 909 2
369 532 1

587 191 2
269 664 1
423 349 0
7 585 0
772 437 2

865 9 23
268 75 22
900 742 22
97 404 6
428 773 16
367 713 7
312 982 22
214 405 23
646 765 8
438 889 22
828 754 9
49 23 9
647 275 3
892 372 8
398 153 8
789 520 21
20 832 6
267 398 13
863 44 5
397 835 19
367 663 26
51 64 26
458 63 26
312 307 25
218 706 5
601 495 25
425 134 10
261 350 7
215 747 17
409 466 7
710 518 23
337 992 19
13 210 2
841 812 25
542 510 17
427 287 4
62 548 6
742 115 5
257 877 21
139 939 16
86 678 22
