28 817 1
627 278 2
535 241 1
841 904 1
296 786 0
881 52 0
929 734 2
671 393 0
453 604 2

605 971 2
21 351 1
567 330 2
225 865 0
401 706 0
422 354 1
742 235 0
471 516 1
472 188 0

578 641 2
357 598 25
714 971 26
887 538 6
691 115 23
88 517 6
389 291 10
321 504 14
519 906 22
94 264 22
993 330 18
594 569 8
174 260 24
322 700 16
177 442 9
385 271 19
181 593 25
846 492 3
698 11 10
544 458 24
691 451 4
114 571 11
238 246 13
527 423 7
811 808 6
128 342 26
301 188 18
211 782 15
235 474 18
512 750 14
48 989 10
637 868 8
667 680 18
920 110 23
364 265 12
819 828 19
84 63 20
800 4 4
913 868 7
950 917 21
233 554 14
291 573 21
158 247 5
366 519 17
763 883 9
750 54 12
167 138 2
763 938 6
642 204 26
272 154 18
731 31 25
250 541 22
930 908 16
72 23 2
479 773 8
714 292 22
716 55 12
370 50 18
245 322 23
388 566 15
61 899 15
283 182 25
24 254 23
649 86 23
