291 708 0
227 49 0
329 603 1
869 552 0

713 375 1
132 96 0
697 323 1
873 583 1

991 256 10
120 605 4
824 248 12
144 475 14
809 156 17
458 26 21
675 91 22
593 223 18
946 272 16
906 498 26
938 489 7
273 961 15
800 786 13
388 282 16
25 91 22
265 550 23
410 577 14
282 522 14
250 820 12
541 726 12
415 664 26
897 937 14
985 90 2
322 830 10
486 855 3
158 472 5
857 234 9
294 516 6
659 118 2
944 659 5
431 426 20
407 324 9
344 309 26
420 983 6
130 821 13
283 332 11
987 189 20
971 483 14
453 438 19
858 221 20
928 628 19
936 973 6
737 745 16
17 227 15
503 862 22
814 201 11
8 173 21
422 651 16
954 104 6
146 314 3
765 243 6
707 179 6
