543 866 0
864 753 1
680 281 1
103 453 1
342 352 0
220 774 0
41 705 0

151 507 0
648 178 1
500 298 1
960 841 1
429 58 2
903 738 0
608 193 0

722 888 17
321 853 21
987 5 5
195 653 10
242 153 8
321 465 2
19 150 25
350 758 18
486 832 8
292 635 22
964 622 2
142 169 7
203 412 12
209 85 5
761 54 25
719 775 12
613 613 20
394 291 9
988 584 21
83 548 21
535 42 15
602 807 14
30 568 19
705 940 19
530 11 22
818 976 10
586 723 2
441 146 11
485 681 5
699 673 26
28 275 8
91 306 3
560 11 20
454 894 7
124 712 10
408 650 8
335 670 21
846 463 17
257 949 25
710 0 23
267 119 5
694 31 18
412 486 14
494 610 26
553 370 26
686 705 23
883 903 12
873 160 11
897 871 13
593 632 16
917 900 13
547 594 19
189 358 5
76 853 18
28 406 13
629 444 21
901 327 24
988 553 10
24 450 8
