406 167 0
754 4 2
618 979 0
775 477 2
312 642 0
9 12 2
168 893 1
82 124 0

983 90 2
979 139 0
229 897 0
317 652 1
965 622 1
179 397 2
937 710 0
28 71 2

255 592 22
488 674 21
980 9 12
906 988 3
492 570 25
245 239 4
355 204 26
444 736 24
274 701 7
551 309 24
721 797 26
981 527 23
884 479 21
283 275 7
80 637 5
939 264 9
870 815 18
744 537 17
293 905 21
204 10 8
455 991 10
628 97 9
40 981 16
66 697 6
445 989 20
229 211 12
970 955 26
860 601 6
879 805 16
570 240 7
868 994 7
385 412 7
539 209 21
309 438 9
246 408 16
721 268 17
452 499 24
842 784 11
756 686 13
52 291 21
234 182 8
405 843 21
787 90 5
477 163 25
119 615 25
567 809 11
982 844 6
618 116 12
952 521 6
698 755 15
