66 460 2
461 356 2
329 214 2
980 57 1
655 585 1
538 715 2

498 604 1
900 744 0
62 502 0
892 389 2
166 807 0
462 268 2

822 949 5
94 929 12
588 936 22
367 475 12
467 973 18
821 225 13
282 287 17
644 179 6
14 698 16
196 160 9
382 334 11
135 429 15
693 737 4
804 556 4
681 11 18
698 7 24
105 21 22
153 951 19
651 385 20
653 78 9
130 234 15
284 457 17
311 490 3
878 294 8
774 613 2
628 704 17
152 707 4
397 360 8
379 842 19
269 126 26
462 470 8
747 348 2
405 122 17
280 8 8
724 141 21
726 890 8
159 621 2
179 890 5
303 426 19
270 240 16
426 987 15
228 392 14
643 24 23
825 834 12
414 558 5
359 637 20
367 148 16
570 327 8
898 983 9
368 605 26
307 384 13
595 612 7
710 256 8
833 433 17
593 847 3
846 558 17
341 278 15
457 848 20
815 746 5
599 114 10
623 774 19
634 721 9
741 431 17
872 264 25
837 209 24
296 557 11
341 372 9
369 971 26
354 594 25
724 580 23
706 673 5
23 735 8
245 800 15
730 83 16
