715 837 0
221 482 1
758 335 1
982 951 2
300 935 2
187 538 0
498 41 1

107 413 0
415 564 2
640 300 0
786 16 1
260 237 0
494 347 1
690 681 1

478 521 11
578 371 2
608 831 15
950 246 7
6 886 7
880 24 25
136 778 12
369 820 20
904 801 6
375 279 2
384 209 25
434 170 6
630 478 18
310 711 18
359 302 4
348 791 8
333 512 5
704 416 7
408 792 13
985 176 25
65 213 19
443 843 22
59 505 10
52 216 15
330 565 6
738 250 20
348 714 5
362 699 9
585 985 22
330 50 12
547 493 5
594 904 12
766 639 21
322 377 21
390 695 3
226 44 17
855 406 17
12 343 2
484 673 4
49 166 3
434 871 12
388 637 26
907 311 3
543 135 3
385 499 21
212 335 21
