468 473 0
839 321 0
81 123 2
909 989 1
679 604 0
181 702 0
727 86 0
688 415 0
978 930 1

813 687 0
705 507 0
670 346 1
92 780 0
906 41 1
274 72 1
567 253 1
966 981 0
850 21 2

269 999 26
524 812 15
850 869 23
650 539 21
475 984 26
71 890 19
9 165 16
550 84 20
794 402 3
123 253 24
220 522 23
246 398 12
960 248 6
452 77 6
596 510 14
531 854 26
282 330 6
406 902 5
177 500 3
268 345 6
963 798 8
995 302 9
565 898 21
4 11 7
175 542 13
749 824 20
928 230 24
333 759 25
784 223 12
188 843 8
842 159 6
925 506 10
158 423 10
252 427 22
759 602 14
473 704 16
516 632 23
166 966 10
964 102 10
530 484 15
