337 398 0
712 684 2
792 402 0
359 890 2
354 142 2
364 736 1
279 123 2
124 256 1
242 411 2

620 834 0
970 172 2
865 884 0
302 28 1
613 387 0
390 94 0
180 458 0
789 89 1
328 213 0

809 807 3
62 428 13
586 750 12
860 615 23
819 269 26
181 883 15
785 273 9
179 805 19
14 594 9
619 275 22
972 436 12
659 297 3
181 649 7
520 434 5
304 966 12
547 980 7
231 599 9
128 136 20
833 298 19
318 622 7
554 282 4
525 398 22
233 918 9
861 574 25
999 473 5
386 833 18
181 666 16
123 985 15
206 539 24
585 296 14
81 173 12
511 620 8
409 619 7
786 269 13
641 951 14
513 536 10
602 970 10
89 549 17
494 412 12
826 173 6
492 984 21
187 771 17
548 525 12
835 32 2
368 986 22
243 570 12
790 576 8
636 115 6
612 261 25
476 816 19
498 594 22
421 838 19
756 518 18
616 255 26
76 138 9
733 750 22
556 878 18
958 556 6
228 977 21
713 349 21
90 989 19
394 286 3
814 714 16
944 355 24
87 119 5
47 429 12
953 657 14
697 430 25
181 585 16
448 980 4
101 794 18
892 42 17
433 338 22
36 825 23
71 778 8
435 827 15
533 138 10
333 671 21
474 471 26
901 572 22
394 464 14
981 455 6
748 491 6
297 914 9
855 350 13
843 235 3
326 568 25
933 375 12
509 357 20
703 961 5
839 156 15
465 835 11
115 582 5
237 731 26
793 7 18
237 829 18
915 532 6
295 723 13
