894 519 1
914 576 0
758 990 1
894 704 2
726 197 1
956 464 1
116 571 0
299 103 0

369 59 1
721 729 2
735 623 0
112 889 2
480 0 0
917 894 1
708 620 0
293 929 1

354 418 14
306 491 21
24 226 21
614 691 11
780 523 11
149 148 5
559 793 11
434 491 8
232 372 7
485 78 25
150 385 16
544 409 20
913 375 11
524 155 9
135 444 26
993 593 25
823 153 20
582 939 11
738 523 8
943 360 12
33 406 10
462 548 16
369 684 12
68 29 6
268 852 11
614 434 2
450 524 25
659 468 12
946 738 23
618 771 6
51 849 5
212 311 4
289 453 19
995 73 21
4 138 6
29 797 26
415 743 15
663 713 13
996 329 3
575 858 11
130 495 14
626 349 4
556 706 19
10 735 16
285 502 11
650 165 26
786 835 17
124 183 21
126 758 6
512 596 8
703 78 3
615 704 4
919 260 12
361 622 25
952 259 2
37 48 5
553 524 13
156 514 19
62 217 22
815 185 26
430 466 10
