70 974 2
744 284 0
307 988 1
733 831 0

648 435 2
649 738 0
73 726 0
323 544 0

781 895 17
96 650 9
918 720 8
622 816 20
409 124 8
343 209 15
550 209 25
179 211 15
454 284 18
370 959 12
253 93 9
953 459 7
936 81 23
204 843 24
813 186 8
253 88 18
776 619 6
742 426 15
433 148 26
21 401 19
503 697 11
988 650 20
193 587 4
566 143 24
770 561 26
38 338 22
517 432 23
632 217 21
707 590 23
226 94 22
287 434 25
456 627 14
410 193 7
207 609 16
542 732 2
318 770 17
714 640 26
535 624 19
857 331 9
580 910 5
0 197 14
423 5 18
137 415 14
643 974 23
809 869 5
536 187 3
954 901 20
803 789 19
222 646 3
232 578 13
687 578 10
577 354 16
93 491 8
507 486 10
531 647 4
164 490 20
682 645 11
825 220 9
651 804 12
387 491 17
672 68 21
611 514 15
670 373 3
703 904 3
605 543 14
741 390 26
225 215 21
707 218 25
119 605 19
