694 278 1
846 784 0
365 222 0
122 514 2
980 804 2

455 357 1
917 24 1
987 408 0
75 447 0
889 301 1

61 995 17
242 193 3
292 559 25
61 33 17
940 468 3
552 737 4
296 724 14
87 799 11
55 689 14
945 102 9
112 696 2
64 341 13
589 402 21
629 283 11
825 575 7
378 480 19
292 215 20
428 622 11
217 567 13
649 680 12
627 96 3
515 37 5
85 667 15
371 844 16
126 223 21
619 530 24
556 603 11
966 173 6
389 801 11
290 317 23
945 754 17
884 125 12
750 252 10
96 871 15
218 59 15
907 615 21
218 933 19
449 763 18
360 504 20
719 147 14
468 92 18
883 976 18
143 78 20
626 174 18
992 744 4
532 3 20
345 23 20
837 384 25
482 455 22
444 923 14
160 807 18
353 302 21
799 281 23
115 273 17
843 157 21
538 834 20
518 531 18
262 368 4
510 202 12
257 646 12
96 158 19
264 864 24
159 663 5
580 130 5
97 973 12
618 863 23
361 382 5
480 996 25
334 858 3
644 115 26
230 211 10
