424 595 0
272 451 2
385 190 0
419 493 2
941 265 2
759 51 0
315 816 1
793 130 0
646 903 2

509 657 1
300 82 2
553 706 2
955 443 0
851 863 2
815 156 1
49 915 1
56 230 2
257 24 1

849 531 16
502 831 25
750 737 9
450 692 2
77 62 23
78 111 13
483 168 21
704 542 19
311 743 25
575 245 8
274 995 20
31 798 15
583 491 10
999 920 25
570 350 11
57 834 6
126 186 8
571 242 2
569 107 13
840 490 13
155 73 4
13 72 24
638 643 26
23 52 10
927 530 24
961 101 18
536 491 24
207 231 7
122 800 14
385 992 6
446 147 4
998 513 4
997 174 26
357 454 6
904 767 9
398 303 25
445 862 8
325 985 8
664 370 3
