974 2 0
741 673 0
994 769 0
993 536 0
285 415 1

451 919 2
351 155 2
571 221 1
666 168 2
229 145 1

678 472 9
496 559 26
103 904 12
438 641 21
751 344 3
689 915 25
19 581 20
458 841 14
617 534 4
97 382 14
698 486 18
835 695 10
859 236 20
333 297 21
53 302 9
919 760 2
608 729 11
511 178 21
325 876 7
43 63 4
951 450 12
500 309 25
745 147 26
258 832 23
352 886 25
961 157 12
411 765 18
748 276 21
467 601 22
24 645 10
276 948 12
13 801 24
433 508 16
245 233 14
936 981 17
805 800 21
902 824 16
62 452 16
673 465 17
716 41 22
319 826 6
809 462 2
807 707 10
219 996 18
612 801 18
606 56 17
597 118 21
536 143 11
277 88 17
