390 742 2
32 273 1
961 566 1
135 434 1
272 755 1

988 862 0
262 59 2
724 28 0
6 133 2
378 667 1

466 57 11
317 442 9
574 755 2
631 242 14
828 514 19
883 854 6
994 117 17
812 193 22
800 199 5
324 930 23
791 396 7
0 65 24
835 640 7
235 271 24
774 100 14
717 335 18
873 329 12
89 494 6
684 294 7
765 971 12
513 762 11
318 115 26
566 950 16
921 185 15
870 312 15
982 29 2
301 254 8
88 343 2
717 380 24
250 497 22
571 328 26
496 246 26
412 519 14
600 390 26
872 114 7
374 183 12
171 785 9
291 498 21
526 421 24
875 917 21
527 330 17
364 282 7
513 523 9
827 962 25
307 337 11
519 860 21
228 152 21
947 30 18
347 257 12
993 784 19
158 148 2
66 13 2
355 236 7
831 895 21
490 767 6
286 347 10
581 295 17
649 642 25
634 987 9
302 145 8
604 211 23
429 909 7
344 617 20
574 800 15
845 642 9
625 928 7
260 861 4
926 510 23
849 497 10
556 799 5
764 403 19
338 832 5
651 300 16
884 277 22
464 538 8
43 464 21
264 665 18
472 573 17
825 338 22
94 28 6
273 996 11
420 182 16
368 833 17
179 885 9
911 928 23
505 192 15
596 664 14
838 842 4
