781 196 2
911 431 2
873 496 2
870 921 1
64 694 2

874 204 0
812 240 2
549 877 1
92 793 1
804 849 2

897 983 4
444 894 12
442 119 9
308 989 7
674 405 3
550 631 10
575 992 4
651 436 22
657 241 24
668 935 3
879 729 22
938 37 13
918 712 20
945 262 26
528 468 19
703 43 13
755 694 25
953 704 18
0 945 8
382 613 20
10 844 24
405 782 12
493 701 24
986 998 13
110 878 7
677 581 25
940 688 22
288 641 26
581 993 23
13 375 11
531 142 15
368 987 16
917 973 16
728 435 19
360 464 25
684 405 14
406 45 7
832 627 26
203 640 3
539 75 16
720 606 10
