804 246 2
3 904 1
923 382 1
80 703 0
619 954 0
462 510 0
822 903 1

637 615 1
736 496 0
714 502 1
461 658 1
808 662 0
2 937 2
540 18 2

197 989 10
782 452 22
700 263 16
339 351 14
667 418 16
108 879 24
387 42 26
712 934 21
741 131 10
725 913 14
570 712 15
671 764 5
35 103 9
599 770 2
665 230 6
390 26 21
776 765 14
452 829 25
146 571 7
182 648 20
135 242 22
215 629 2
497 246 5
579 636 8
700 765 23
864 569 3
963 716 26
193 250 24
688 271 21
544 406 15
516 622 22
943 269 3
493 119 24
922 698 13
4 615 22
757 578 15
81 123 17
405 811 14
651 707 20
140 223 19
610 519 16
661 12 10
310 286 10
596 367 12
999 723 2
972 480 7
303 318 17
865 969 24
185 109 25
692 732 8
727 43 22
812 991 16
98 963 19
830 975 7
334 278 25
649 495 19
23 681 4
973 809 25
442 853 10
276 932 3
396 744 21
235 743 12
191 24 5
146 358 10
419 359 6
661 734 14
365 708 25
141 150 3
649 426 10
552 822 6
798 409 26
36 558 20
236 749 19
116 895 4
633 680 24
320 397 7
168 538 8
221 539 11
206 443 11
287 242 20
111 278 4
129 866 5
523 335 3
275 962 19
738 947 24
936 619 22
193 139 12
601 360 4
436 566 22
445 853 16
863 964 21
192 446 13
949 597 14
293 687 11
966 975 5
