407 968 1
837 709 2
620 121 0
135 532 2
95 609 2

642 246 0
584 404 0
456 974 1
490 576 0
339 555 2

317 962 24
762 152 9
51 772 5
206 259 14
32 355 23
746 349 21
169 285 2
458 94 26
949 276 9
384 111 23
14 317 10
176 702 15
299 448 16
668 969 2
145 427 23
596 936 7
272 237 10
751 892 15
800 277 3
974 291 22
407 468 24
547 119 22
36 140 16
163 285 20
384 882 8
542 506 22
327 712 14
706 464 7
397 590 25
319 349 20
592 896 17
312 285 7
354 800 17
174 185 26
283 79 7
991 464 13
598 960 4
130 709 22
305 29 21
301 973 20
416 637 7
671 991 7
563 518 19
338 801 23
970 429 5
315 772 19
476 370 7
606 852 18
326 158 24
747 459 22
417 875 10
372 898 3
480 461 21
772 151 22
274 789 26
868 618 24
775 224 26
392 902 9
741 649 20
712 419 22
672 791 20
445 44 12
67 540 11
119 814 3
296 34 21
195 810 22
594 202 24
224 7 19
665 655 9
324 100 5
771 639 11
197 287 21
593 482 6
213 428 10
87 284 5
611 509 13
553 329 19
