638 672 0
577 247 1
87 930 2
713 790 1
117 566 2
477 230 2
964 490 2
789 58 2
119 933 2

799 473 1
568 463 2
216 41 0
397 128 2
765 841 0
682 311 0
50 140 1
444 104 0
926 246 1

328 365 9
512 164 7
566 85 22
971 51 19
579 816 12
329 850 25
645 900 15
543 696 22
580 974 18
379 654 8
111 166 25
668 85 10
688 82 13
102 405 14
996 336 5
731 665 7
482 662 9
20 205 7
256 868 13
215 979 4
690 999 16
898 688 25
759 142 5
104 221 8
35 703 22
217 724 3
4 700 11
215 267 17
945 957 17
111 855 7
360 966 24
13 990 12
3 95 10
361 482 14
382 699 15
675 856 8
611 71 25
527 368 7
198 853 21
785 208 18
593 922 25
457 304 25
45 264 26
77 291 7
808 255 4
807 782 24
277 677 21
406 227 25
525 12 10
140 415 13
240 812 4
840 889 21
647 50 26
774 323 13
501 600 17
421 6 19
546 884 8
231 328 15
839 820 5
750 413 18
278 253 9
449 900 9
875 427 18
571 54 19
88 827 3
480 725 14
588 309 17
301 148 12
782 250 25
