234 419 0
61 403 0
582 176 0
987 677 2
594 979 0

860 951 2
511 774 0
184 431 0
656 504 2
145 624 1

283 859 9
540 272 13
401 854 14
353 842 18
783 788 23
714 648 26
218 695 8
226 351 14
529 849 14
715 132 23
673 24 22
34 778 2
923 483 21
489 266 9
387 333 9
236 3 20
212 573 17
618 799 21
881 328 20
866 68 4
813 377 17
232 219 9
791 606 17
998 195 22
834 377 23
655 610 3
325 730 23
127 948 19
306 537 23
263 350 3
56 935 22
115 78 5
902 497 9
574 683 12
45 338 24
196 15 5
94 143 5
61 801 17
483 417 20
986 825 7
708 940 10
560 349 14
854 320 11
477 516 26
835 24 25
378 859 19
271 845 19
451 553 9
61 589 6
101 501 7
638 696 7
210 550 2
769 379 20
696 561 7
117 749 6
692 127 15
853 201 13
962 614 5
518 67 6
423 705 4
955 916 5
455 37 11
175 85 23
506 555 22
860 599 26
426 636 26
484 841 4
448 804 18
353 674 11
759 98 18
862 53 11
867 861 26
251 36 11
197 542 18
244 755 18
770 181 6
694 17 22
171 817 3
126 282 3
342 144 6
179 11 19
53 262 6
12 812 25
697 179 13
151 225 8
798 397 25
