740 679 0
473 460 2
756 873 0
341 526 1
594 201 2
31 442 1
67 411 1

663 587 0
741 551 1
788 928 1
705 21 1
533 494 2
2 603 2
317 944 1

512 890 3
653 921 21
222 988 9
386 4 21
846 97 24
372 885 3
813 475 22
135 147 19
935 664 7
906 886 23
288 625 2
609 471 26
482 195 11
635 948 3
809 761 4
829 798 9
453 285 6
372 44 19
830 331 8
912 589 21
983 877 21
410 486 19
934 320 14
695 955 12
47 116 25
226 946 26
883 751 11
39 123 7
206 305 13
389 218 4
458 553 6
153 964 20
670 898 15
395 993 14
169 219 12
654 845 16
260 51 21
426 898 22
532 403 11
391 161 7
964 908 2
653 429 23
289 874 2
593 141 25
465 41 15
554 819 16
549 352 21
860 829 22
70 572 10
577 536 21
78 542 25
149 183 2
397 156 24
523 621 17
552 429 14
124 289 20
121 711 18
280 289 6
51 719 23
251 220 6
326 247 21
282 997 2
574 608 2
884 513 8
898 637 23
