119 893 2
584 675 0
704 339 2
585 517 0
259 217 1
60 332 1
895 792 1
499 726 2

765 908 2
890 378 1
566 498 1
304 82 2
369 138 0
45 723 0
926 334 0
924 394 0

285 642 12
905 141 13
135 258 23
106 149 2
120 715 2
611 92 24
885 490 24
676 416 9
729 978 24
214 883 18
778 370 26
803 597 19
503 625 15
637 588 8
909 473 23
257 149 16
494 481 22
410 611 18
936 213 21
612 16 20
354 872 22
820 509 10
890 671 20
183 236 20
906 998 9
999 935 22
568 899 15
439 605 14
286 425 26
370 803 22
931 168 17
793 703 6
136 609 6
443 960 18
315 881 17
556 320 23
668 606 25
642 328 4
739 607 8
864 295 3
364 578 21
607 371 2
86 507 13
267 303 24
384 618 5
751 174 2
724 195 8
123 189 14
325 929 23
108 145 18
660 510 21
731 117 17
506 555 26
595 822 4
292 558 25
870 310 26
120 386 23
328 509 13
865 186 17
361 295 12
504 307 22
225 38 16
317 897 21
917 492 21
171 784 6
396 6 18
148 126 5
94 806 14
230 24 3
295 737 23
506 242 7
578 819 20
120 137 19
216 406 11
317 326 3
