432 198 2
337 590 1
114 572 1
313 214 2
1 197 0
813 14 2
15 53 1
144 665 1
572 503 2

402 144 2
916 928 1
341 266 2
173 732 0
345 45 1
386 398 2
124 212 1
947 579 2
283 723 0

6 647 15
532 318 15
180 11 8
66 536 17
228 881 12
253 619 11
827 744 25
768 691 4
762 326 5
421 332 2
936 119 4
596 4 24
536 184 10
742 602 21
32 830 4
719 436 23
805 615 17
103 383 10
333 497 11
638 919 21
238 207 17
592 803 21
264 339 7
947 433 11
518 817 19
209 798 6
420 483 3
956 121 24
825 711 7
929 90 5
751 455 13
172 16 11
976 788 21
629 745 19
202 922 6
334 440 14
269 655 9
896 750 6
957 31 22
835 330 10
602 433 17
63 605 10
675 581 24
689 765 18
320 451 9
607 720 16
166 969 16
298 926 24
520 113 6
245 482 22
703 509 6
646 672 11
913 992 12
972 951 9
686 469 3
502 767 6
701 287 19
583 442 13
898 687 21
818 743 5
672 45 13
441 692 10
