811 910 0
945 393 0
990 137 2
954 920 0
512 245 2
63 653 0
818 352 1
752 613 1
32 647 1

440 417 2
714 581 1
920 526 2
535 516 2
941 471 0
30 335 0
843 398 2
225 216 2
642 320 1

876 704 2
373 145 21
69 211 2
675 131 4
27 19 22
867 960 20
633 186 3
644 411 21
358 405 17
13 7 18
758 428 5
83 455 13
287 834 7
360 702 20
903 330 12
782 963 25
410 959 12
255 318 19
772 4 3
993 18 12
360 128 15
999 851 7
432 211 9
825 466 14
912 600 5
186 11 16
223 618 9
665 742 16
742 735 11
177 95 14
64 737 5
921 169 18
129 346 10
223 796 23
388 371 18
222 37 10
61 779 21
311 701 4
564 117 18
667 39 12
686 520 10
819 538 20
904 114 19
1 502 15
419 724 4
228 138 8
124 760 19
115 424 22
844 988 15
310 655 6
297 341 26
278 417 5
370 770 9
38 417 24
21 893 9
313 361 8
11 205 23
474 868 4
680 165 22
406 500 12
670 778 4
401 500 26
633 685 15
942 75 10
389 449 3
949 762 14
932 773 22
904 599 15
203 37 7
388 60 12
342 461 12
332 389 25
367 130 24
295 79 14
