540 447 2
374 715 2
178 481 1
302 7 2
978 90 0
64 974 2
366 542 2

761 404 2
284 577 2
643 259 0
666 799 1
929 525 1
841 703 1
910 357 0

226 335 19
754 751 18
622 470 10
504 583 14
290 862 2
480 458 3
690 651 8
85 562 16
487 788 3
445 517 2
805 21 10
217 54 5
558 344 19
510 330 23
613 163 8
241 205 9
572 290 23
990 756 6
470 553 23
420 358 21
953 927 25
58 837 22
26 699 4
180 553 22
489 125 14
713 739 18
372 81 26
701 971 14
498 276 18
348 335 5
543 713 4
421 587 16
813 119 21
298 673 15
315 398 21
439 676 22
469 378 20
208 876 23
875 224 10
730 768 23
151 354 6
571 765 17
468 64 15
456 731 13
849 343 20
792 552 21
974 861 17
945 146 10
856 298 15
885 869 7
42 223 22
510 367 26
206 82 7
479 408 19
805 914 13
445 799 9
850 27 23
672 918 20
576 222 21
355 617 19
478 127 13
152 686 21
310 517 6
977 388 12
142 193 26
606 638 3
312 513 2
182 89 24
427 445 18
894 275 23
81 427 9
