521 889 2
400 263 0
157 970 1
82 218 1
326 168 0
710 418 1

533 75 1
417 220 1
610 833 1
491 917 1
161 790 2
111 190 1

712 348 13
431 782 8
15 460 3
62 55 22
337 435 3
385 926 22
871 440 12
598 903 2
237 616 2
550 399 11
82 767 21
133 509 17
955 923 24
500 527 26
921 601 15
141 472 5
55 660 26
342 644 22
837 130 6
854 85 4
926 938 8
528 556 22
212 829 23
527 322 22
930 825 18
215 540 17
738 720 19
744 574 6
674 852 19
130 380 2
803 945 6
822 755 5
638 696 13
818 263 3
208 857 11
595 947 8
464 44 9
419 718 12
464 3 14
445 728 14
749 902 19
229 540 17
942 710 5
196 270 14
332 866 14
189 682 8
971 453 26
958 117 26
326 933 5
990 730 10
479 831 12
371 413 4
311 707 14
867 903 11
279 236 2
991 777 12
747 100 15
600 737 19
630 79 25
388 559 8
304 946 6
918 813 9
802 92 22
905 84 24
690 183 2
280 109 13
988 709 2
980 339 6
55 79 17
314 831 25
