44 329 1
827 51 0
349 407 2
694 833 2
537 816 1
828 683 1
314 355 1
120 271 1
779 410 2

823 795 0
564 839 1
448 18 1
504 368 2
162 414 2
423 951 0
141 132 0
619 446 2
601 918 1

247 49 26
397 872 21
57 788 13
46 588 6
86 92 24
885 607 16
317 523 24
696 96 15
510 695 14
734 93 13
105 502 26
316 549 14
898 987 9
495 873 18
859 742 25
326 917 18
572 613 15
300 209 5
736 314 8
313 983 9
477 881 21
734 728 19
950 940 14
22 145 18
990 69 8
703 157 6
464 809 17
669 897 8
377 562 16
634 40 24
879 126 3
560 329 14
429 342 6
935 397 15
564 213 26
754 235 25
611 612 13
802 599 5
875 478 6
28 178 10
625 344 12
