663 437 0
864 889 0
298 89 0
807 140 0
530 992 0
791 994 2

776 939 2
201 260 1
215 563 2
84 107 2
474 770 2
135 986 2

931 636 24
194 444 16
732 893 19
418 662 20
771 572 25
465 59 11
49 990 23
73 537 17
238 330 18
747 495 12
898 580 7
341 387 2
396 805 16
366 672 12
292 261 20
126 662 13
949 735 25
864 325 7
457 72 3
167 323 8
123 16 22
590 130 4
752 574 24
487 218 12
280 697 24
768 646 12
441 863 14
797 320 12
0 840 12
783 315 3
953 840 17
281 782 24
633 535 26
133 374 19
245 6 16
668 775 13
530 216 26
69 365 23
681 365 15
616 148 5
919 454 23
986 735 5
184 721 17
308 206 18
42 471 25
728 1 18
202 104 26
616 721 25
344 992 4
265 979 16
969 515 14
911 823 20
228 825 22
353 947 22
19 928 20
403 131 26
403 91 17
107 357 21
898 678 11
411 941 11
481 169 13
645 777 7
992 149 11
762 552 17
636 57 14
584 812 7
524 271 14
443 522 19
190 766 7
976 770 9
334 767 11
640 759 10
591 509 24
703 93 14
610 969 10
523 412 9
53 183 11
811 512 8
993 198 25
952 838 11
413 64 9
426 655 20
200 710 16
787 321 10
998 196 25
730 13 18
100 419 4
142 223 16
167 527 5
951 940 19
