696 668 1
189 970 1
372 430 1
112 818 0
937 377 1
395 141 2
588 937 1
178 577 0

169 601 1
918 35 0
155 83 1
458 624 0
588 997 0
28 461 0
810 750 2
313 145 0

722 911 8
765 432 10
258 350 22
838 858 8
85 316 7
655 257 6
655 285 17
825 448 19
724 761 14
764 938 24
94 660 10
439 959 22
746 966 4
51 621 14
36 874 26
498 733 26
858 85 2
299 298 15
795 406 14
818 591 17
745 994 15
310 515 16
322 551 15
448 951 4
885 660 2
387 959 25
925 106 6
689 255 3
102 523 18
766 185 8
580 507 11
948 468 16
562 444 12
616 410 26
414 277 26
455 395 11
11 327 21
