477 106 1
697 339 0
715 947 1
312 573 1
18 322 0
371 458 0
227 785 1

608 132 0
31 712 0
6 884 1
329 714 1
776 411 2
779 478 2
240 791 1

979 161 24
370 533 9
941 720 4
168 103 16
579 439 17
742 567 5
596 346 9
397 939 2
123 270 15
820 992 23
328 411 12
621 353 9
398 521 13
240 395 24
966 974 13
406 716 8
961 664 6
643 61 20
468 184 17
807 357 10
30 37 23
366 10 26
125 408 24
636 0 19
609 966 18
703 686 2
85 681 15
996 309 9
931 691 21
277 409 6
901 523 17
221 132 10
514 857 12
876 912 23
901 997 4
340 403 8
315 399 17
647 682 11
368 959 22
99 288 7
238 542 6
730 115 15
541 629 22
76 505 10
649 407 7
903 99 12
660 414 11
77 61 20
814 118 14
95 201 4
509 742 11
131 818 18
847 722 26
469 460 3
837 998 9
517 407 16
838 222 10
700 669 13
30 178 5
341 310 25
157 976 19
85 175 16
53 968 9
688 486 19
202 324 16
187 376 10
725 758 16
103 609 6
12 805 17
386 357 21
572 763 14
