310 660 1
943 714 1
986 157 1
285 128 1
207 412 2
874 887 0
374 719 2

427 763 0
516 533 0
375 860 1
116 522 0
526 466 0
880 452 0
274 89 1

831 297 11
783 523 25
977 250 20
703 677 10
470 193 20
991 568 8
225 36 5
119 915 21
727 795 23
845 69 13
740 252 12
751 388 12
649 717 12
267 421 14
352 243 10
971 586 3
802 163 17
155 634 7
975 362 4
598 559 26
321 402 18
207 52 11
342 319 9
507 24 4
865 995 16
143 149 6
458 304 16
40 631 5
418 230 14
764 774 20
625 116 17
259 975 16
136 840 13
952 984 12
932 794 16
898 187 25
226 957 7
4 498 15
946 614 14
291 239 8
308 850 8
