462 225 0
584 120 1
883 689 1
164 39 2

190 285 1
117 191 2
140 107 1
695 364 1

43 366 23
294 404 5
426 866 7
967 450 2
153 334 16
753 850 5
732 40 17
754 509 9
636 1 16
404 738 2
459 164 20
739 132 21
491 637 7
580 742 7
60 475 24
826 581 11
783 569 12
199 780 11
331 363 3
477 119 18
379 930 8
147 669 17
718 160 4
730 152 24
230 330 5
239 465 24
249 16 6
406 555 20
54 773 3
581 749 20
203 479 25
300 61 5
330 300 21
578 902 12
957 563 12
52 79 13
617 837 19
113 1 24
629 55 24
306 637 23
426 840 5
699 493 16
655 823 19
76 753 21
513 711 11
298 115 17
260 84 5
53 827 12
750 485 26
549 911 18
827 963 11
518 618 12
917 506 18
510 118 3
588 599 2
19 652 4
154 754 14
630 303 3
947 482 16
108 353 11
832 324 14
633 593 22
902 103 15
903 43 14
453 63 18
183 569 25
397 200 5
875 147 15
964 607 18
23 701 10
128 885 11
441 518 5
611 772 10
252 675 4
491 481 19
383 16 13
733 413 13
386 641 10
874 605 20
67 981 21
