72 625 0
775 939 1
103 661 2
879 720 2
462 569 2
757 212 1
62 519 0
946 309 2
3 711 2

536 936 2
558 360 2
809 487 1
667 942 2
140 822 0
918 284 2
62 41 1
817 455 0
422 401 1

331 404 15
182 293 3
397 203 15
237 12 2
322 795 2
404 857 20
569 96 3
396 780 10
286 314 5
2 948 22
27 317 6
699 126 6
840 800 3
618 204 12
788 608 11
414 529 10
792 278 17
927 916 6
355 29 20
690 383 20
38 763 12
417 462 15
673 302 15
724 272 22
984 413 7
271 827 11
6 619 16
873 899 8
54 254 14
947 945 22
493 983 10
344 778 2
132 502 26
829 839 14
134 462 16
321 820 13
785 693 12
518 747 18
632 47 15
778 540 25
38 895 5
138 724 12
787 553 26
202 40 15
656 498 3
768 17 3
501 170 14
604 283 6
572 560 10
499 114 2
887 558 13
96 214 14
349 983 6
702 470 7
394 473 9
582 429 19
713 266 15
568 839 2
328 338 17
129 577 25
642 25 16
654 375 24
35 429 21
264 860 22
231 573 13
971 493 4
271 822 17
38 303 20
363 945 20
