874 231 1
576 287 0
486 827 2
216 342 0

49 388 1
665 191 2
107 798 0
421 219 0

725 827 22
644 461 12
637 335 20
953 263 9
476 750 12
660 318 4
344 368 17
968 33 10
788 492 11
39 914 5
215 991 7
10 987 20
347 625 5
268 578 21
475 406 23
510 66 16
240 763 11
357 731 21
666 519 14
125 559 5
13 136 10
331 835 10
337 455 15
977 793 15
428 743 11
574 761 6
861 886 17
766 41 18
662 406 6
546 738 18
406 75 24
197 33 7
393 10 2
656 28 13
34 808 8
144 383 19
125 244 7
665 363 25
683 25 7
837 923 20
530 330 22
