319 512 0
44 774 0
110 670 2
519 118 1
27 927 2
891 109 2
205 276 1
146 37 1
152 72 2

192 599 2
592 271 2
583 315 2
274 778 0
169 649 1
988 676 1
265 567 1
283 125 1
877 623 1

713 968 4
12 560 25
822 495 18
407 770 23
662 939 22
388 280 25
40 545 17
154 828 17
543 57 16
753 337 21
846 745 18
717 759 9
589 147 14
137 188 12
413 559 12
404 84 13
716 764 3
10 715 13
203 432 22
336 373 20
100 510 10
410 466 4
253 663 16
801 76 3
786 481 14
926 840 22
915 203 12
1 406 21
847 742 19
192 195 6
725 957 23
952 210 11
768 363 13
237 703 12
844 523 16
513 715 13
693 440 21
691 744 6
352 865 20
90 361 22
309 670 24
429 260 2
742 295 23
257 842 23
196 200 14
407 245 6
296 392 2
318 174 12
395 916 9
444 525 3
465 705 17
361 253 19
325 660 14
730 589 2
231 897 19
949 948 25
676 244 18
778 914 17
140 309 10
797 753 10
649 570 17
891 284 20
333 609 8
372 691 22
699 922 19
666 871 17
717 900 13
808 678 2
425 171 13
310 968 17
720 969 14
836 860 23
556 193 10
937 565 26
907 264 26
126 283 24
941 0 26
704 160 7
381 937 3
368 247 21
460 967 18
122 155 3
421 712 24
681 649 16
632 909 8
506 35 16
956 329 16
305 33 26
685 415 15
108 595 6
949 69 12
2 842 24
766 156 9
547 14 20
611 970 24
27 276 9
116 550 11
876 10 6
955 959 3
