258 220 2
580 48 0
806 77 1
289 704 0
980 983 2
224 720 1

767 229 0
564 87 2
362 266 1
167 301 1
915 911 1
160 492 1

437 298 6
628 587 10
301 919 21
564 495 16
838 263 21
574 179 10
68 541 26
452 975 13
529 136 7
7 925 7
913 553 21
524 207 15
118 771 11
784 961 26
680 536 7
663 956 25
264 552 10
814 4 10
628 886 21
285 893 23
241 158 2
135 34 11
301 152 7
962 289 21
238 969 9
693 633 15
41 897 17
449 64 23
184 44 9
56 681 4
852 274 13
554 762 22
463 63 2
144 25 16
210 349 22
600 150 13
346 334 9
979 742 15
208 595 15
244 149 2
667 613 17
810 599 7
166 181 16
774 831 4
6 162 22
919 371 17
459 967 18
761 634 8
478 580 19
220 390 18
577 386 16
242 904 24
256 842 9
772 616 16
975 622 3
272 893 24
812 705 19
205 818 3
679 517 26
98 447 12
839 689 18
762 946 10
169 70 26
760 397 25
162 669 19
286 833 26
378 39 19
457 603 18
116 634 13
644 38 22
530 559 20
679 320 17
155 834 12
598 203 13
490 12 16
384 480 3
795 997 12
653 302 13
552 299 26
398 829 11
18 860 8
683 15 17
370 187 16
891 137 19
802 628 6
669 364 11
522 159 9
107 164 11
220 466 14
31 484 25
514 520 15
831 242 5
621 133 17
613 288 22
618 309 13
102 831 22
