539 460 0
978 859 2
998 649 2
495 220 1
770 797 1
282 48 0
52 622 0
724 314 2
498 395 0

885 763 1
326 655 2
475 985 2
943 336 2
341 831 0
557 601 1
993 235 1
977 287 2
661 363 0

863 98 17
138 425 22
873 900 10
820 195 21
768 537 2
936 94 5
902 439 15
917 417 4
905 430 17
560 918 5
610 133 4
775 624 6
106 669 4
600 789 16
277 726 12
555 980 2
420 897 21
572 155 3
439 715 21
519 325 6
346 452 5
302 400 5
159 858 26
563 810 16
152 439 19
539 994 24
14 766 24
258 690 6
284 129 21
362 347 25
767 2 3
670 161 13
947 76 24
13 228 13
157 119 10
929 134 3
303 744 19
832 381 23
428 313 24
75 443 26
889 412 15
