35 964 2
366 490 2
794 911 0
445 588 1
318 709 0
95 367 2

762 647 1
807 356 2
100 487 2
614 425 2
204 812 0
610 530 2

957 677 12
159 122 2
967 441 11
988 888 5
798 809 11
937 261 25
941 876 25
959 432 14
293 43 21
117 0 23
204 512 21
879 479 14
264 819 2
719 592 4
633 680 25
931 973 3
893 225 3
14 694 6
461 898 18
30 777 24
744 393 19
994 113 11
598 935 4
659 920 9
334 851 7
885 857 16
869 102 18
247 116 12
626 929 10
869 311 14
944 55 8
486 401 21
972 999 8
201 659 3
758 993 6
640 231 15
454 452 19
845 699 10
