937 712 0
597 697 2
170 630 0
996 388 0
345 743 0

492 864 0
36 860 0
354 16 0
105 320 0
936 310 2

357 247 16
783 844 14
256 366 19
478 60 3
830 552 19
369 589 4
230 752 17
838 46 26
117 437 14
411 888 4
520 549 17
162 918 8
16 336 6
887 566 8
429 855 24
282 45 20
381 498 2
677 967 14
340 379 2
717 473 21
507 346 22
498 508 15
781 877 4
360 116 22
692 897 2
64 179 23
835 561 23
787 590 18
176 930 22
454 0 20
450 507 16
810 139 6
962 851 24
310 312 26
633 499 14
807 286 4
948 814 12
468 620 14
813 70 21
505 65 6
57 228 22
486 190 23
735 575 21
529 238 8
855 871 7
742 678 20
572 978 11
684 798 7
796 612 2
767 469 20
96 526 23
940 99 18
859 628 6
442 484 2
892 150 13
426 834 12
581 982 26
159 750 20
154 846 23
377 115 12
790 407 11
483 266 16
62 60 2
865 584 6
698 476 8
509 254 20
119 188 2
693 347 2
