638 150 2
402 533 1
467 552 2
144 620 2

999 817 0
758 179 0
357 676 1
335 135 0

871 134 20
703 62 19
920 700 19
746 454 4
9 921 7
728 65 4
789 417 22
298 527 26
714 884 4
15 443 2
11 498 14
828 418 16
796 516 20
648 526 19
405 254 11
783 395 3
704 759 16
458 879 11
700 895 6
75 906 4
865 734 24
354 882 15
650 883 16
867 640 22
853 775 19
905 105 12
835 161 22
650 620 3
36 672 23
865 99 6
544 964 18
641 671 2
606 673 10
746 892 3
843 745 3
873 838 20
170 488 17
770 741 14
100 285 5
516 926 3
166 532 26
52 630 18
578 826 16
879 514 16
638 387 6
207 558 19
747 257 20
312 27 11
976 127 21
604 995 24
256 514 9
932 918 16
149 496 17
463 727 6
779 718 21
934 925 6
928 24 13
799 688 17
58 664 22
955 621 17
777 877 8
836 809 26
526 310 24
775 257 22
896 543 24
