294 873 1
333 840 2
128 440 2
523 402 2
406 163 2
514 34 2
656 321 2
244 550 1
894 858 1

861 223 0
109 517 2
962 202 1
962 331 0
692 206 0
225 964 2
684 478 0
296 487 1
770 83 1

682 977 2
133 838 2
394 299 21
529 261 24
624 915 15
183 177 10
255 825 24
647 596 7
94 763 24
470 510 23
714 39 9
513 248 8
643 872 25
689 553 22
524 808 23
847 808 21
252 750 24
987 844 15
559 666 25
431 381 16
895 574 10
363 263 14
603 591 9
652 930 6
465 489 22
140 272 3
207 188 25
521 811 15
60 58 14
968 774 4
405 671 7
187 274 23
72 278 3
196 236 17
348 317 18
261 377 2
100 345 26
554 128 11
795 885 9
375 424 10
898 496 13
509 171 18
830 132 14
455 584 12
854 138 17
740 285 2
297 13 3
480 911 25
