957 491 1
205 542 1
529 585 1
695 917 0
200 954 2
758 371 0
781 917 0
72 843 0

353 581 2
160 554 1
766 511 1
872 68 1
291 950 1
825 645 2
2 198 0
563 956 2

64 89 11
189 161 4
846 867 12
765 27 19
692 145 7
110 17 26
70 661 26
781 840 23
902 404 4
507 9 7
111 207 24
648 324 3
740 16 23
696 126 16
720 196 2
369 297 6
720 649 5
639 156 15
71 619 22
18 267 24
696 8 15
167 704 17
656 776 15
158 174 6
147 895 5
976 138 6
209 211 5
262 202 13
677 273 7
300 643 26
247 339 9
652 515 16
643 673 15
797 820 11
600 148 26
306 357 12
661 972 14
524 649 12
6 949 7
755 196 21
865 759 5
678 763 20
268 406 20
394 507 16
544 165 26
904 178 23
467 702 24
654 60 24
485 816 22
6 681 6
34 359 22
929 979 5
850 363 11
591 757 20
