948 265 1
951 187 2
557 718 2
52 607 0
543 108 2
675 806 0
718 306 1

567 811 0
7 549 0
471 65 1
508 365 0
49 668 0
351 226 0
38 630 1

758 919 2
924 486 13
514 493 14
596 176 22
757 577 15
456 929 18
874 967 24
603 291 22
89 850 23
733 960 17
683 236 5
796 751 26
810 804 17
890 400 21
687 157 23
152 966 4
844 192 23
13 885 16
29 301 15
483 449 18
134 259 22
749 501 22
245 188 7
967 341 25
321 537 17
643 55 13
255 420 25
422 482 18
548 512 21
911 347 22
377 481 7
647 582 8
670 180 24
202 499 17
742 463 9
229 71 4
952 493 14
