97 13 2
777 636 2
445 336 1
514 567 0
315 356 1
858 268 2
589 861 0

793 132 0
104 668 2
660 918 0
359 15 2
381 792 1
131 590 0
214 456 1

504 123 14
438 923 23
19 68 5
555 172 26
261 543 9
898 925 4
523 56 21
718 126 3
307 431 11
164 869 9
235 888 4
791 443 2
15 433 11
320 820 11
916 657 8
969 375 9
654 199 12
87 786 25
939 577 21
316 592 4
526 101 25
279 768 22
957 88 18
43 357 25
751 326 3
498 125 11
985 564 25
361 856 4
180 172 24
784 50 25
30 638 11
798 33 18
871 784 19
24 369 15
246 205 7
419 918 13
874 450 10
921 234 13
47 201 16
465 424 3
857 449 22
720 661 19
60 907 25
965 679 18
726 553 19
12 826 5
348 895 3
365 585 8
373 984 9
63 449 11
241 306 12
204 791 5
529 756 11
772 835 16
466 847 17
747 547 13
48 264 25
714 53 13
100 294 22
935 82 25
431 638 16
187 167 25
973 292 10
313 758 9
478 857 8
242 715 12
577 429 15
713 882 11
508 817 19
34 601 7
350 140 2
423 465 19
683 778 4
796 500 20
419 742 12
679 671 16
345 737 25
304 597 18
346 983 21
379 334 13
579 109 3
71 793 9
25 583 18
485 732 18
555 503 13
340 534 11
907 879 23
355 536 23
973 234 6
255 544 2
432 615 20
7 478 14
775 386 19
286 726 4
173 985 8
796 341 21
17 666 6
574 211 21
464 466 16
