177 472 1
836 497 1
465 473 0
863 811 1

775 436 0
362 38 2
707 964 2
126 226 0

453 642 9
353 647 14
73 824 14
28 13 11
77 341 23
747 116 11
104 830 2
291 890 16
25 16 19
787 174 11
349 247 12
88 275 25
325 826 4
35 904 22
908 651 16
218 107 23
918 398 13
934 776 6
528 631 25
765 770 26
1 119 23
414 560 25
487 885 2
391 920 8
989 180 11
703 398 18
951 668 18
738 602 19
868 248 22
17 602 19
789 855 14
639 247 11
206 291 17
422 242 12
483 225 25
209 93 25
704 462 2
671 228 20
550 18 26
962 9 23
998 107 11
215 313 2
182 88 21
407 664 4
832 873 24
506 930 13
133 953 17
628 818 21
374 817 5
60 32 21
37 566 9
256 383 13
808 143 4
937 975 3
511 833 10
548 319 13
165 96 19
800 724 13
900 862 16
21 899 7
916 668 10
618 605 13
546 469 21
404 369 17
568 534 15
235 686 16
73 482 16
728 734 5
