246 287 2
27 291 0
734 500 2
618 185 2
476 904 2
80 589 0
236 334 0
345 808 0

861 404 2
190 316 1
138 914 0
464 294 1
527 28 1
262 998 2
270 474 1
782 555 0

162 791 16
146 488 24
364 350 3
688 31 11
217 847 7
37 375 10
710 637 10
920 907 9
34 42 14
830 703 21
27 419 23
980 865 18
250 553 26
786 122 23
826 222 10
34 142 20
306 617 20
39 799 25
908 826 20
832 806 12
648 408 18
847 546 15
893 162 2
667 340 26
725 374 18
395 443 23
459 101 17
728 140 16
403 400 17
498 584 26
459 232 11
677 431 8
17 677 20
870 344 13
944 421 12
513 817 7
609 276 10
675 356 25
539 760 3
582 258 12
431 69 22
40 98 3
196 116 7
867 986 26
878 282 23
615 795 17
148 405 20
781 432 2
907 971 14
785 905 24
895 336 19
942 729 19
576 496 23
428 726 6
701 694 3
143 842 10
861 975 17
288 234 16
475 371 21
273 619 10
492 561 16
809 982 20
595 911 17
366 691 18
772 392 14
326 535 8
284 748 9
675 37 20
389 864 17
360 137 13
668 981 24
409 143 9
428 738 22
943 456 13
536 581 7
824 907 19
305 191 17
114 218 4
510 607 21
663 340 17
610 750 12
244 178 25
789 121 8
377 9 16
192 957 10
844 467 20
65 744 17
424 407 7
764 370 7
599 966 10
524 756 8
572 843 3
145 419 19
262 611 4
598 808 21
541 873 16
