281 116 0
198 871 2
185 319 2
425 406 2
824 884 1
267 762 1
31 394 2
343 942 0

755 968 2
814 904 0
214 185 1
916 735 0
732 921 0
559 346 2
991 171 1
28 438 0

630 165 15
144 86 15
625 301 26
574 569 11
394 302 7
886 213 6
785 556 2
568 585 17
817 803 14
813 786 7
752 823 2
11 967 14
174 592 17
523 518 13
608 912 17
965 799 7
669 584 14
896 504 24
914 673 4
753 487 17
758 591 15
36 602 7
400 776 26
417 652 19
3 260 9
244 577 8
401 599 19
763 847 25
62 761 25
517 867 14
757 625 5
821 13 7
203 413 11
670 186 25
427 782 2
335 183 3
879 361 14
817 988 9
621 809 22
26 12 13
560 542 20
98 213 8
896 992 15
624 680 26
476 91 13
116 696 19
622 513 9
754 486 18
