509 631 1
751 252 1
502 453 1
273 734 2
517 263 0
534 806 1
552 702 1
824 969 2
499 434 0

518 305 0
935 166 1
650 918 0
430 772 1
476 45 2
209 915 1
885 449 1
709 1 2
510 177 2

421 677 19
398 547 24
61 484 13
813 267 10
17 95 8
604 304 25
157 541 26
165 602 3
578 112 5
609 534 9
427 284 8
901 550 16
894 963 2
805 128 21
841 146 16
922 102 22
622 259 15
771 776 17
922 355 5
603 316 16
569 997 4
587 49 23
782 890 19
423 164 21
721 786 5
559 557 7
0 832 14
905 787 5
696 451 24
123 20 23
100 32 16
392 620 15
813 754 7
380 529 23
401 250 9
330 810 19
387 162 3
799 419 17
703 590 14
589 434 18
54 248 24
762 980 4
633 382 4
643 64 16
210 803 3
313 602 24
203 833 16
544 537 8
258 61 23
5 2 10
723 409 8
196 171 13
198 804 22
802 447 11
217 9 14
145 322 18
845 877 2
659 422 14
416 680 2
214 37 7
280 957 14
94 507 20
289 661 20
963 728 4
980 573 6
