552 935 0
801 962 1
898 66 0
965 620 2
74 564 0
423 933 0
413 540 1
499 976 2

694 452 0
79 77 1
273 630 2
0 783 2
238 682 2
887 999 1
182 73 0
871 848 1

659 113 6
125 159 10
150 863 19
634 863 3
433 454 12
299 341 11
137 523 11
539 746 10
454 850 13
658 327 22
666 928 15
523 712 19
374 146 23
611 797 16
805 473 13
315 700 26
323 165 6
70 184 9
408 640 12
962 163 24
731 890 22
602 501 19
957 154 4
143 821 6
168 907 13
948 5 17
430 765 7
342 727 22
967 810 12
737 764 14
305 282 13
158 240 19
837 383 15
217 903 24
455 650 7
859 598 14
799 381 4
379 75 9
827 42 19
812 780 9
299 437 16
