118 675 2
768 58 2
946 546 0
253 44 0

870 14 2
19 850 1
150 137 0
92 549 2

42 14 25
225 136 9
973 254 12
774 375 20
21 321 19
10 926 13
38 149 2
752 168 4
512 670 16
263 508 7
912 734 18
46 59 22
856 186 24
77 207 21
844 217 24
7 607 23
184 360 18
212 224 15
728 328 4
794 591 13
874 855 24
90 254 10
913 462 21
981 735 25
131 742 8
429 927 20
896 491 21
736 219 24
339 366 17
802 240 23
999 683 4
607 948 16
754 410 8
460 744 18
383 875 13
266 304 15
861 552 8
680 641 2
179 980 18
270 134 11
568 133 21
472 92 19
486 846 4
392 658 23
386 42 25
122 308 7
643 202 25
720 734 7
164 356 16
200 276 26
919 748 19
586 234 17
15 979 26
189 365 20
237 839 5
942 976 2
552 971 5
385 207 22
101 407 23
951 678 23
245 264 7
737 632 13
888 821 3
81 58 17
935 353 20
310 905 18
256 444 21
276 546 4
924 849 9
320 94 26
303 831 8
264 720 4
943 153 14
460 88 19
954 751 26
122 343 11
982 600 7
402 228 3
581 153 2
438 825 23
912 480 5
370 745 2
297 688 5
987 500 21
381 806 22
681 929 17
40 911 17
195 665 21
249 246 26
151 37 3
148 949 9
328 320 4
228 969 19
633 308 19
724 371 5
665 763 18
