212 229 1
606 277 2
642 120 2
769 609 2
390 997 2
360 361 1

879 218 0
811 216 1
693 214 1
660 648 1
633 212 1
675 819 1

787 813 19
543 934 3
430 325 25
973 685 13
820 916 7
762 125 16
991 785 14
777 770 4
496 798 25
492 585 13
961 480 25
687 911 25
551 56 6
558 44 10
134 806 12
923 150 23
713 279 20
67 775 18
801 383 10
789 287 16
28 331 19
439 320 25
807 387 25
326 979 19
429 909 25
365 761 21
564 914 4
647 55 18
139 100 14
674 481 20
564 761 22
687 920 9
937 246 15
807 676 25
905 41 13
976 606 2
79 605 10
820 96 10
759 123 16
30 843 15
907 408 3
753 447 24
726 449 15
312 426 23
164 857 5
72 29 2
433 141 2
274 523 20
438 430 5
911 873 15
707 126 9
826 852 10
162 328 20
591 753 25
468 186 18
468 460 16
619 965 7
810 935 8
142 114 10
275 805 26
187 320 6
955 911 9
105 731 20
562 214 8
159 833 25
939 855 4
944 665 14
427 159 5
410 787 11
261 974 6
440 281 19
373 739 25
