556 681 1
385 608 2
974 774 1
438 682 1

598 916 1
823 18 2
340 651 1
89 227 0

212 568 7
922 444 9
451 0 15
753 738 25
683 712 24
101 502 9
498 452 2
877 616 23
183 58 2
69 622 23
452 896 19
834 348 21
250 453 9
273 489 23
255 440 3
355 533 4
825 763 22
298 946 5
350 368 4
323 820 26
740 6 26
510 256 4
369 882 18
941 305 11
14 912 26
540 267 12
694 444 25
465 94 23
293 444 16
448 768 13
147 860 20
750 92 12
444 33 17
728 47 4
804 940 23
139 99 13
811 745 10
202 545 5
766 692 17
575 136 15
940 216 14
570 21 4
466 787 16
511 279 17
297 442 14
232 644 9
287 762 26
203 98 18
841 613 11
571 188 24
686 480 16
303 869 3
392 380 7
932 29 24
922 614 21
104 901 8
331 104 9
147 297 24
8 868 12
358 554 19
572 755 20
511 58 16
237 450 21
595 734 2
42 656 16
838 113 18
397 444 24
54 591 22
676 952 17
838 310 24
832 234 4
525 97 12
791 334 14
113 676 9
402 514 22
945 911 16
593 317 9
