792 751 1
533 930 0
769 483 1
197 51 1
51 959 0
280 124 0
663 97 2
308 483 0
790 221 1

372 228 0
108 20 1
273 905 1
471 26 0
427 575 2
441 978 1
674 258 1
528 273 2
718 934 2

872 724 15
670 448 18
524 556 15
130 182 21
18 5 22
163 873 3
459 428 12
909 722 22
273 744 20
216 269 4
180 751 11
401 121 16
648 862 25
471 377 23
625 979 23
685 438 3
722 557 3
342 819 25
37 444 20
533 660 16
585 192 19
171 945 15
762 594 4
785 417 6
829 79 26
757 802 10
535 144 4
36 533 25
854 936 22
487 755 9
148 936 13
599 46 15
607 581 11
787 969 22
46 397 19
875 161 20
