230 594 2
38 830 1
912 485 0
171 874 2
850 756 1
118 103 1
19 280 1

151 471 0
544 995 1
217 309 2
63 539 2
19 929 0
963 841 1
128 365 1

668 567 4
427 685 9
285 57 15
726 208 13
436 104 10
20 674 19
253 737 10
738 72 8
954 220 15
432 647 3
364 933 10
929 11 20
318 447 2
701 819 26
394 72 13
329 153 24
842 243 21
548 476 26
619 430 21
609 214 21
285 931 6
370 212 17
664 530 16
766 232 13
190 978 10
703 307 15
326 149 10
372 49 13
971 20 21
143 630 10
962 267 18
418 990 6
885 654 11
151 772 18
237 962 23
748 665 6
763 343 7
22 716 7
108 687 2
61 144 2
779 914 19
358 799 23
468 951 22
161 188 9
164 52 20
996 74 13
