45 700 0
463 387 1
303 657 1
143 812 0
226 437 0
722 603 1

217 212 1
813 877 0
79 62 2
834 838 2
193 883 2
173 698 1

548 1 17
883 497 4
536 723 18
948 797 22
288 367 11
790 180 13
795 611 2
614 991 23
109 164 22
992 64 25
532 299 22
378 136 20
475 776 12
136 566 19
274 884 2
713 498 20
386 607 12
758 951 3
132 483 3
2 72 17
300 802 3
44 629 4
506 765 22
149 439 13
403 713 22
455 778 22
850 165 6
410 923 8
387 55 18
15 410 17
830 62 19
134 106 23
213 613 15
211 114 4
922 517 20
869 324 23
314 174 13
70 585 14
426 324 21
970 339 8
585 521 21
355 7 2
753 221 17
917 784 6
871 706 25
539 575 24
986 241 24
949 663 11
836 90 10
539 997 22
658 704 7
778 727 12
83 598 20
608 490 22
778 777 3
387 966 20
672 449 7
296 988 7
793 999 11
