804 923 0
866 223 2
955 217 0
757 148 0
570 816 0
606 794 0
326 894 1
615 977 1

454 250 1
107 592 2
176 748 0
558 966 2
477 273 0
976 30 2
111 952 1
743 558 2

871 884 14
276 305 20
708 412 15
712 498 7
426 975 5
358 952 11
438 63 13
38 158 22
81 381 6
370 728 10
988 356 15
856 64 5
21 988 20
815 479 21
641 18 21
336 451 3
267 173 8
50 161 16
139 370 5
992 743 20
137 678 25
429 493 6
49 462 20
972 966 25
959 607 21
939 965 9
605 456 6
983 800 25
626 93 6
102 52 14
364 484 19
349 442 25
703 425 3
153 831 16
282 360 12
904 843 6
692 470 26
446 572 3
160 520 14
170 413 9
446 130 21
688 479 13
590 688 22
731 970 9
591 226 3
572 270 23
646 716 22
124 877 19
462 399 7
696 197 12
415 886 18
928 625 3
989 298 13
471 889 16
797 814 11
945 460 2
17 585 6
609 399 7
967 447 5
454 863 18
421 791 18
463 999 8
326 823 24
415 620 13
201 287 11
518 670 24
9 91 18
477 365 3
160 180 5
