868 524 2
377 426 2
296 814 0
519 359 1

476 228 0
718 702 0
276 489 0
103 734 1

556 297 9
812 165 10
73 542 14
792 190 3
443 61 15
687 607 22
739 884 13
346 339 25
716 828 3
666 549 17
51 974 12
863 766 2
490 561 16
828 813 3
746 500 11
718 240 22
179 938 11
727 6 14
830 867 26
230 885 25
148 937 24
608 800 17
258 290 6
276 568 21
837 286 13
66 897 12
30 728 4
379 310 15
501 66 2
844 677 20
748 351 17
817 979 11
386 816 24
900 450 17
351 516 15
161 899 20
191 278 5
754 908 16
254 761 9
906 605 13
849 353 15
615 522 21
301 261 15
273 161 15
64 864 9
104 378 8
302 323 21
543 929 8
851 835 15
187 37 19
227 4 18
247 305 4
435 578 17
425 994 7
932 450 10
338 322 6
