802 735 0
40 436 0
869 567 0
882 713 2
837 531 1
25 935 2
599 305 1
321 365 2

164 528 1
566 77 0
117 880 2
154 272 0
198 141 0
862 375 1
878 565 1
240 942 2

770 862 5
258 378 8
765 471 10
440 333 11
748 804 18
955 933 9
818 55 23
399 665 26
155 825 22
693 219 13
111 228 11
801 346 7
985 138 15
896 967 6
20 68 10
438 23 20
397 193 25
218 592 15
417 100 16
264 793 10
526 257 15
417 747 2
107 643 19
362 15 14
420 453 14
514 420 2
930 837 4
819 102 25
58 809 15
583 916 10
427 630 26
979 519 7
460 33 2
115 134 21
138 765 26
770 437 18
461 495 2
251 430 20
36 209 26
485 901 4
740 881 23
197 693 8
722 931 24
789 399 10
958 537 3
0 121 10
350 724 17
321 760 26
570 598 5
97 535 6
653 609 13
236 709 3
712 169 11
977 169 9
737 872 10
678 115 21
331 41 9
660 21 8
922 257 20
73 321 16
885 298 12
169 387 11
18 676 14
427 245 2
723 42 21
980 54 17
707 402 24
946 639 24
58 808 11
43 338 25
572 989 19
569 359 22
606 138 20
805 842 19
446 538 26
68 836 15
340 894 26
999 937 14
324 862 4
993 431 15
691 389 4
634 875 15
971 680 9
363 825 17
436 271 5
24 31 15
910 58 16
864 52 24
982 729 16
647 700 22
507 416 24
197 852 23
426 762 14
857 436 5
976 915 18
574 445 13
913 779 19
127 427 21
95 131 16
