953 519 2
565 135 1
18 539 1
284 869 0
44 624 0
983 206 2
9 391 2
438 936 1
243 721 0

505 536 2
629 490 2
919 55 0
846 74 0
27 710 0
123 106 1
387 442 0
916 803 1
111 241 2

423 837 19
610 342 6
152 324 23
918 243 3
921 591 23
207 331 15
699 247 19
934 710 12
105 486 24
997 96 19
778 601 18
728 690 2
480 653 20
647 926 14
284 184 19
451 470 6
564 575 17
513 925 14
773 105 13
984 833 5
284 665 8
53 313 10
765 234 20
160 518 7
154 322 2
858 238 5
401 751 7
40 909 12
391 667 2
544 303 20
702 356 10
787 473 21
358 985 16
690 350 3
843 751 5
273 791 16
111 423 25
53 814 19
181 710 23
974 412 6
784 200 5
180 558 15
94 23 7
331 713 7
509 909 10
439 534 26
278 645 26
152 699 17
44 880 2
592 206 16
497 342 18
875 522 3
590 616 26
445 299 17
650 809 3
310 248 12
409 879 10
635 383 9
675 427 16
425 372 24
358 744 15
335 686 8
686 132 8
642 206 23
500 842 6
409 517 11
550 295 8
897 587 2
938 297 23
853 984 9
384 671 18
215 126 5
