278 595 0
515 287 0
131 747 2
299 958 0

706 189 1
545 98 2
800 460 2
915 455 0

419 198 26
674 305 3
976 936 25
379 451 12
386 582 11
161 233 20
757 291 9
878 188 9
13 988 22
952 255 2
553 27 3
405 53 10
508 29 21
207 760 24
192 498 8
629 659 16
672 416 10
290 659 12
785 963 19
88 869 21
941 626 24
451 134 5
546 341 15
795 886 13
627 515 24
43 539 15
751 147 13
648 437 24
885 575 15
377 15 9
249 308 10
821 759 19
127 657 13
840 805 26
404 784 18
626 827 7
617 931 4
605 931 18
253 816 20
216 545 12
48 794 20
858 968 7
440 639 21
964 43 5
355 22 10
637 991 16
66 596 24
933 849 15
78 417 12
239 817 9
