165 554 1
99 354 1
265 514 0
102 802 2
87 273 2
152 415 1
21 932 2
557 226 2

625 364 0
246 247 1
609 412 1
90 863 2
321 128 0
360 582 0
353 670 1
366 174 2

723 195 20
416 752 23
478 730 12
113 976 9
795 380 12
943 701 17
958 413 25
571 132 21
781 856 16
924 624 19
645 103 26
731 216 4
63 569 17
512 364 22
824 660 25
264 970 13
639 98 4
684 669 14
903 451 20
189 21 24
438 752 16
15 167 12
530 31 2
777 855 12
77 472 7
790 111 6
882 403 3
350 73 4
794 262 2
342 52 6
458 68 25
143 950 7
193 80 12
255 157 11
288 948 25
419 570 23
219 452 3
471 154 2
450 948 16
802 290 19
906 748 14
536 789 21
399 45 6
733 685 6
531 104 26
829 675 3
531 498 7
658 948 7
399 102 23
841 8 23
220 778 9
816 177 4
976 794 22
600 976 22
28 507 21
610 517 21
141 916 24
587 165 26
105 737 5
412 906 9
116 476 22
505 805 17
