763 132 0
521 990 0
327 56 2
581 207 2
430 125 1
299 277 1

394 852 2
414 909 1
206 873 2
474 383 2
967 498 1
516 19 1

54 699 10
541 280 17
759 62 19
415 361 23
109 756 2
255 522 12
881 729 10
189 523 16
873 391 10
250 445 11
684 338 16
794 865 15
540 326 23
491 933 20
703 814 26
436 804 7
904 994 5
870 219 23
855 469 18
540 505 6
504 830 6
883 976 23
623 516 26
119 7 10
589 498 6
244 754 2
774 624 21
695 480 17
413 20 23
117 876 5
624 759 6
347 382 22
380 343 19
881 932 20
835 528 24
135 654 26
6 349 6
347 762 3
929 555 25
681 684 24
976 565 8
769 753 11
668 240 15
192 247 16
276 491 13
881 416 21
245 345 3
695 146 7
999 828 18
646 804 10
577 925 13
388 593 4
853 138 3
19 686 26
947 963 19
811 196 10
882 441 7
508 488 5
790 488 8
756 486 14
639 64 16
628 804 12
857 658 25
685 677 13
459 977 3
76 788 24
461 670 17
543 530 6
771 320 21
180 428 7
744 419 23
234 47 3
669 256 11
594 941 15
205 400 17
484 828 5
606 289 2
874 184 9
278 956 6
874 136 9
751 466 3
54 487 10
663 81 26
653 287 4
269 771 7
24 729 24
802 603 10
109 233 16
89 107 4
848 712 12
27 815 5
606 869 18
89 884 24
