717 979 0
173 110 2
704 318 0
740 771 0
922 178 0
759 411 2
463 360 0

661 990 0
825 3 1
139 463 2
990 532 0
722 705 1
286 409 1
584 150 1

578 424 8
527 184 22
744 647 7
600 660 24
572 485 2
865 624 17
359 614 24
184 689 7
471 975 16
428 911 18
157 841 20
63 720 4
85 816 3
839 988 26
214 853 2
756 212 17
831 396 8
611 219 8
152 648 22
196 805 13
664 220 9
668 658 25
319 773 17
982 613 7
131 179 11
609 288 25
701 119 24
482 82 18
238 586 16
610 782 23
472 446 21
406 466 4
804 785 4
971 120 19
127 603 24
488 212 14
61 913 8
383 395 17
925 986 3
114 596 11
363 954 8
31 433 14
230 921 26
341 758 22
102 923 19
662 655 21
499 31 10
121 65 23
486 92 17
247 807 8
345 501 18
392 955 16
860 617 23
154 305 18
783 157 2
26 435 5
947 922 23
871 866 10
264 259 16
552 625 18
896 760 25
271 478 17
60 566 6
550 592 18
106 891 15
754 831 13
209 54 5
870 318 16
134 899 12
367 804 12
258 700 24
350 383 18
356 286 10
513 146 10
853 577 7
919 63 9
104 783 15
266 41 17
588 402 25
907 759 11
817 909 3
619 422 26
252 172 11
297 296 4
906 752 12
319 18 5
136 206 7
257 223 7
810 195 4
862 799 4
621 91 8
957 740 5
61 646 7
596 317 3
525 805 9
857 729 8
790 137 15
545 948 12
75 810 11
