736 123 1
633 749 1
813 424 1
888 277 0
391 525 2
635 17 2
598 256 1

240 719 1
510 929 2
57 183 0
608 920 2
484 905 2
654 70 2
993 958 1

60 701 21
773 337 15
334 935 23
293 37 23
247 55 4
11 539 11
228 546 6
869 539 17
788 599 18
749 411 17
170 861 20
311 506 7
84 113 4
689 712 10
918 76 26
404 304 22
961 174 13
476 314 15
44 250 14
790 169 14
158 832 20
416 958 23
676 229 26
476 633 5
173 594 6
410 422 22
598 467 24
538 207 20
75 718 4
470 282 23
979 50 7
552 727 13
201 555 21
506 728 18
986 490 15
483 440 7
231 303 24
329 841 9
949 268 2
754 738 11
475 69 13
507 621 15
768 822 22
15 681 3
856 667 18
471 502 9
701 415 5
760 716 25
537 470 13
58 805 6
694 293 12
222 501 6
888 972 8
109 580 11
64 340 2
287 878 23
601 826 23
984 884 3
988 835 6
379 103 25
258 343 25
992 43 26
459 152 8
45 569 26
995 856 4
768 809 7
839 793 19
222 653 10
22 385 15
322 995 10
595 987 3
747 798 6
478 843 25
902 191 8
106 219 22
443 815 15
266 85 25
893 832 23
24 663 19
372 917 12
280 826 23
998 215 24
510 321 20
507 331 14
158 774 4
546 457 19
282 75 5
5 968 14
878 992 2
947 716 22
207 997 25
779 347 15
853 857 13
147 365 19
234 875 20
488 422 4
711 709 23
373 939 15
51 887 9
