12 276 0
51 252 0
490 290 0
986 661 0
515 434 1
441 681 0
668 515 0

822 110 2
929 891 2
502 543 0
41 907 0
437 959 1
775 801 1
531 788 2

390 303 17
516 96 25
678 764 15
654 868 18
32 722 11
158 553 5
787 328 6
707 859 21
640 249 24
7 117 23
56 795 12
913 574 19
373 355 7
92 513 10
122 653 15
953 712 26
573 704 25
847 711 17
218 119 14
706 91 25
132 736 18
427 1 17
444 374 25
262 292 18
275 246 7
325 18 25
268 237 19
631 75 23
447 502 25
189 298 26
287 227 22
251 489 14
219 116 10
900 968 6
636 646 25
652 271 9
662 254 9
761 701 14
861 243 14
687 882 16
332 133 7
270 705 24
805 957 17
237 678 4
199 682 3
140 457 11
327 670 4
517 358 11
933 42 22
839 664 4
861 470 11
203 334 6
192 571 11
446 770 18
324 578 15
105 718 24
939 398 20
368 915 5
679 848 22
476 39 12
330 900 9
789 456 18
546 0 14
980 798 11
97 123 14
262 228 9
236 519 7
529 239 24
884 270 25
282 747 14
344 77 17
876 219 25
94 765 25
883 97 23
442 546 23
931 808 26
138 45 22
968 163 7
393 445 6
223 17 4
396 111 21
921 994 21
892 788 17
339 719 3
365 209 23
911 305 26
