543 529 2
71 464 1
227 545 2
547 29 1
402 154 1
433 740 1
976 876 2
45 288 0
419 635 2

339 224 2
64 119 1
343 542 2
529 769 1
75 317 1
618 719 2
79 504 0
316 480 0
264 877 2

331 648 4
221 987 5
6 52 24
320 747 18
126 704 7
182 674 3
344 422 16
523 686 18
990 370 17
123 950 8
273 270 7
964 73 11
777 551 15
259 733 16
460 126 19
517 470 16
406 345 5
525 336 25
292 781 16
110 198 12
644 327 15
868 917 24
307 675 20
785 200 6
985 492 14
425 891 22
166 96 4
967 555 6
955 789 18
677 640 18
877 508 10
899 167 12
619 305 13
323 290 7
989 116 5
866 84 10
70 39 26
214 68 16
405 297 26
865 549 21
0 168 26
688 844 16
869 708 11
292 18 22
164 7 13
594 873 24
579 296 14
353 862 9
120 619 7
746 484 8
540 836 3
639 525 22
190 38 26
735 81 19
142 553 13
199 299 22
157 840 11
254 212 7
285 754 22
335 691 2
744 140 2
26 536 5
957 623 13
749 765 16
161 317 15
408 474 7
453 365 3
160 2 8
258 689 24
910 433 16
710 460 4
238 769 2
65 31 12
