724 959 0
70 88 0
589 822 2
487 506 1
442 564 0
190 696 1
964 478 1
454 633 2

32 664 2
873 346 0
362 70 1
887 492 1
833 434 0
648 921 1
828 715 1
582 905 0

749 869 21
480 324 7
23 581 19
150 295 16
236 183 9
762 368 18
110 369 14
965 549 4
735 131 12
202 232 6
498 64 5
428 78 15
374 453 21
666 603 17
733 191 2
940 305 22
581 416 16
495 733 15
124 468 23
659 22 8
416 873 22
144 301 3
285 28 6
654 46 12
671 779 5
144 652 4
785 499 12
976 976 7
297 635 5
555 51 3
279 833 11
485 839 8
295 863 14
649 86 11
660 582 13
87 720 15
599 696 16
579 345 3
934 901 7
162 427 7
953 543 8
261 839 21
349 840 10
508 852 17
325 469 6
304 756 7
686 270 11
616 314 19
731 620 12
37 881 3
559 582 20
167 90 22
709 114 13
972 800 3
234 134 6
791 820 3
817 519 15
204 634 23
376 344 12
488 316 15
841 598 18
664 833 2
595 624 22
874 912 7
178 116 18
137 332 5
150 174 4
641 190 14
618 138 15
415 287 17
752 457 17
765 331 4
245 862 22
711 787 17
874 924 26
704 75 2
133 68 18
747 687 8
986 102 22
976 103 26
240 855 8
181 620 16
385 217 3
58 929 15
575 155 17
424 211 19
800 345 12
718 92 26
126 430 6
