575 84 1
709 257 2
80 686 0
311 392 2
263 697 0
402 864 1
144 814 2

107 803 2
667 526 1
639 101 2
786 28 2
643 738 0
696 818 0
527 481 2

41 744 18
645 995 23
815 454 3
427 473 4
142 112 8
134 250 11
562 894 26
248 942 22
973 470 3
89 511 23
255 534 23
185 346 24
537 773 22
766 915 11
449 401 12
809 964 6
610 212 25
230 185 22
332 627 8
530 234 19
578 872 26
767 946 23
524 162 15
209 323 6
140 286 18
14 516 6
61 200 8
712 661 16
336 283 3
403 492 14
531 578 4
260 71 15
385 498 11
843 118 19
535 831 7
452 167 15
778 826 17
402 581 12
740 348 6
944 231 9
471 844 5
637 398 17
319 135 16
905 978 11
222 865 17
552 317 10
885 850 20
