171 282 1
1 439 1
322 742 0
765 606 2
817 496 1
781 988 1
832 416 1

704 946 1
989 119 0
476 959 1
675 482 1
939 484 0
621 158 1
190 923 0

558 92 20
824 226 9
20 58 25
902 751 18
331 254 10
137 546 21
735 519 5
74 709 5
20 267 23
595 815 9
794 135 21
291 389 24
907 196 6
483 879 12
894 369 8
140 104 2
193 530 11
874 550 5
647 716 25
646 311 17
874 100 19
148 8 17
354 843 22
815 737 16
699 423 2
285 649 5
491 296 21
307 997 19
609 223 19
542 430 23
14 245 10
503 419 15
5 598 12
451 90 6
561 397 6
480 6 6
147 660 7
527 554 13
398 568 10
358 423 4
197 223 26
163 850 9
426 208 9
338 11 26
545 924 25
101 404 7
880 904 19
