705 810 2
340 496 0
243 41 1
815 200 2
399 543 1
9 318 0
163 675 2

989 590 2
136 236 1
85 605 1
229 663 2
612 3 1
920 247 2
381 62 1

610 814 15
611 175 8
675 339 11
513 328 3
12 464 16
719 901 22
189 130 10
470 742 15
417 396 2
787 6 18
700 969 18
542 510 10
744 522 2
885 593 3
280 782 9
690 604 3
456 851 18
468 268 15
895 407 23
136 107 18
553 391 15
308 285 25
744 381 24
644 267 17
445 899 26
729 942 6
108 398 9
149 866 5
939 114 12
736 250 22
854 803 15
969 464 25
242 208 9
833 649 2
59 379 21
538 487 19
573 988 13
876 928 4
938 16 4
373 191 24
572 785 7
856 526 11
407 711 10
209 770 14
306 661 3
513 462 22
340 400 13
418 861 10
651 234 3
700 158 13
66 773 2
824 335 24
314 993 10
290 793 19
607 307 6
852 647 9
465 417 20
948 420 6
326 120 15
137 77 6
826 495 7
578 320 19
101 986 12
636 628 7
54 236 14
285 440 14
269 906 8
194 533 26
784 670 6
822 779 23
239 232 9
1 869 13
557 275 26
771 912 16
985 182 22
617 648 4
21 194 12
897 330 9
851 71 10
301 893 15
422 485 22
882 838 18
618 747 18
942 871 8
58 856 17
958 198 10
152 947 13
786 600 9
196 905 9
63 875 9
556 169 5
902 308 14
