403 441 0
46 899 1
867 707 1
510 683 0

18 151 2
145 986 0
912 112 0
285 396 1

35 389 4
348 921 7
271 676 25
224 722 24
477 803 17
175 173 18
196 318 4
623 583 16
153 868 14
422 903 6
99 604 4
754 227 5
554 451 4
901 981 22
308 811 26
750 338 24
991 534 20
570 510 3
909 663 23
349 86 4
530 185 8
632 292 10
410 846 13
614 100 22
759 760 8
708 510 23
183 853 9
976 423 19
704 684 10
152 915 10
960 547 4
995 309 3
482 923 3
654 683 15
637 743 2
958 926 7
165 254 5
235 958 16
968 611 4
491 763 19
199 724 19
552 71 5
103 553 4
106 559 14
221 196 7
198 154 11
28 672 15
633 907 26
274 227 12
301 718 25
244 269 26
438 821 23
941 276 3
720 734 13
388 153 16
872 533 13
962 166 22
11 793 26
671 94 19
447 338 13
869 70 13
346 790 23
734 325 5
966 713 11
820 251 13
490 263 6
739 286 2
58 733 16
647 32 21
409 901 16
