121 385 1
507 385 0
780 51 1
257 517 1
905 326 0
808 819 1
404 547 0
748 887 2

853 260 1
960 563 2
147 684 2
155 543 2
375 323 2
182 580 0
330 485 1
622 645 2

221 50 20
131 150 8
600 355 18
725 667 6
79 815 16
170 322 9
526 879 15
923 209 3
998 183 25
892 756 2
686 887 2
660 917 2
516 996 19
57 166 17
142 165 14
550 691 21
890 615 7
68 613 18
892 858 24
469 896 12
845 615 4
280 627 21
30 143 20
948 201 13
540 695 3
998 487 10
729 556 23
995 800 6
733 746 21
105 129 15
359 969 13
506 149 22
369 946 4
94 578 20
787 311 19
