769 237 0
202 123 0
873 382 2
813 135 1

650 749 0
183 983 2
755 520 1
168 604 0

630 189 4
330 388 15
324 590 13
220 815 23
911 628 10
80 631 9
669 814 19
311 921 15
328 89 19
505 720 11
159 248 5
463 827 3
911 91 7
495 171 13
179 840 4
847 503 26
387 832 15
531 689 12
865 201 10
170 713 18
216 463 23
500 278 2
303 190 18
735 37 17
798 568 7
676 415 13
475 802 22
715 334 11
28 551 14
727 290 17
103 797 13
119 533 25
659 331 18
392 7 11
628 834 15
48 902 26
509 930 3
172 518 4
547 598 21
90 775 15
559 878 12
570 350 20
970 9 2
586 401 11
322 381 23
437 291 7
565 463 2
767 362 25
963 452 3
301 363 6
437 933 8
105 903 18
457 842 21
817 516 5
