727 289 2
291 624 0
646 264 1
957 843 2
930 256 2
481 528 2
929 846 0

630 171 0
216 336 1
187 572 1
777 299 2
763 590 0
971 237 0
749 546 0

124 476 7
900 957 12
708 886 9
387 868 7
430 436 18
161 975 15
659 752 14
446 867 7
209 839 21
941 588 17
515 64 18
698 965 2
408 25 15
317 412 8
398 194 19
507 15 24
794 814 19
376 375 8
547 316 23
105 530 5
255 290 7
995 608 19
296 524 21
964 31 14
88 178 3
80 906 3
263 454 20
35 366 4
223 824 11
728 431 26
258 427 11
552 30 21
40 326 23
449 731 9
475 811 18
228 75 22
946 462 15
848 37 14
