800 698 2
443 38 0
298 196 2
402 921 2
555 788 1
744 510 0
170 658 2

986 730 1
291 555 0
66 156 1
555 957 1
905 400 0
942 50 0
375 804 2

333 360 3
127 104 13
903 626 21
576 612 26
47 255 6
593 673 12
48 228 21
553 486 21
745 780 23
484 155 3
497 488 15
298 967 21
609 870 24
629 846 18
883 791 18
646 840 24
837 490 17
358 327 24
426 475 7
392 367 3
828 996 24
871 232 17
588 878 9
885 595 5
20 432 22
709 179 3
971 958 5
553 878 16
6 623 10
257 803 7
706 675 14
946 615 19
909 224 24
929 511 17
505 543 6
208 449 12
347 455 10
558 64 13
852 68 7
169 799 11
433 708 10
322 267 20
694 772 16
23 332 15
583 31 22
118 589 11
105 2 6
470 206 26
987 161 11
748 643 26
567 12 17
306 35 24
846 971 8
841 89 22
900 546 25
81 369 8
682 172 11
83 511 24
292 983 12
11 550 24
853 208 10
28 406 6
234 599 20
29 499 19
179 932 13
888 614 10
921 243 10
513 887 20
424 250 22
346 104 5
656 484 13
956 451 13
225 983 20
511 871 11
321 843 11
642 116 6
927 981 19
195 405 19
717 104 25
95 760 11
583 698 6
318 6 8
904 231 18
774 94 14
611 415 9
145 409 25
275 337 6
644 884 14
