590 842 0
333 213 2
651 380 0
901 170 0
476 656 0
763 853 0
220 940 1

123 61 2
811 525 0
615 246 1
62 188 2
377 521 2
173 172 1
137 74 1

481 902 11
942 665 16
365 886 6
212 9 17
617 172 20
274 139 16
240 201 4
400 579 2
773 752 24
879 241 25
439 17 20
929 734 8
710 947 17
553 564 16
887 782 7
716 308 17
541 342 8
262 414 11
694 125 10
451 951 17
907 838 2
212 231 11
801 299 19
723 107 2
731 176 11
756 439 2
515 133 2
926 971 7
901 774 8
66 681 23
718 246 6
905 47 5
81 263 4
456 994 6
317 102 22
593 970 7
345 896 3
509 215 9
81 934 7
235 839 4
689 238 20
61 671 8
844 797 7
939 390 2
519 88 25
71 864 22
749 373 13
108 806 24
714 42 15
718 83 5
720 684 7
875 881 4
8 692 10
404 864 24
540 324 6
314 38 25
279 757 10
482 20 6
357 740 15
712 615 23
217 748 19
447 591 3
646 995 19
949 553 9
74 832 16
282 315 11
986 24 4
727 89 21
348 306 21
142 770 4
398 785 8
892 87 11
65 796 9
726 134 8
128 861 22
850 210 5
319 352 2
249 333 21
770 914 11
638 665 24
704 981 26
198 46 22
655 772 7
488 253 20
411 455 7
991 774 10
342 375 20
261 497 9
748 136 24
20 530 8
731 586 16
307 784 14
328 791 14
835 632 17
