672 380 0
378 306 2
90 78 1
559 334 2
302 2 2
770 403 2
496 483 1
570 953 1
999 847 1

382 409 0
758 433 2
184 812 0
228 902 1
239 813 0
80 115 2
378 886 1
468 734 2
870 304 0

759 303 9
845 37 18
682 147 2
252 331 14
127 559 18
433 799 7
73 231 24
67 961 12
344 651 2
529 762 7
562 607 20
3 642 17
230 246 26
917 373 12
859 158 13
966 583 19
540 650 5
1 466 11
547 162 15
750 692 2
255 606 12
798 961 6
841 192 4
567 461 2
852 672 11
289 638 19
308 179 22
937 532 15
698 79 3
463 829 22
991 437 5
478 587 16
959 428 10
686 995 22
138 200 19
944 797 14
804 137 2
982 600 9
852 943 21
32 421 8
822 732 14
155 418 11
302 909 11
770 658 2
228 602 2
865 95 13
691 119 22
437 801 25
723 103 9
210 225 19
185 453 24
310 670 19
874 56 19
574 747 4
824 911 14
648 198 11
521 273 16
655 483 17
448 669 20
195 331 18
37 205 24
132 780 23
109 7 18
525 183 4
945 378 15
631 899 13
436 355 18
256 550 24
747 939 7
647 71 12
293 180 21
159 57 5
826 119 12
266 751 14
980 524 21
