723 49 0
265 986 2
611 275 0
845 574 0
44 157 0
349 840 1
902 517 0

488 131 0
22 720 0
798 565 1
869 288 0
196 905 0
208 868 1
617 713 1

611 110 18
950 459 9
496 713 26
851 202 9
846 224 6
645 22 21
433 439 19
514 648 12
222 617 26
647 530 22
631 378 11
132 581 13
116 780 14
173 425 11
704 548 18
871 414 18
906 988 10
218 196 23
241 179 4
563 428 17
725 953 19
909 748 10
688 452 10
554 675 2
421 581 15
672 159 10
648 377 3
258 292 9
649 17 12
451 966 12
635 873 14
585 646 21
875 902 14
362 927 25
397 898 3
260 546 7
138 804 25
445 805 19
706 622 23
527 60 14
14 645 12
435 873 17
149 235 19
23 633 17
356 383 19
4 829 25
22 887 24
670 953 24
284 832 10
124 199 7
609 634 5
349 136 18
933 160 23
396 516 8
664 873 14
89 895 26
488 917 5
312 201 14
845 677 13
728 639 25
483 988 11
474 357 22
450 642 7
23 39 25
980 55 23
117 496 20
494 984 12
986 494 20
348 574 9
532 884 9
527 686 26
