305 117 0
265 76 2
862 463 1
494 433 0
749 992 0

753 720 2
837 937 1
926 248 2
445 234 1
339 694 0

144 999 16
373 265 18
982 479 6
816 74 8
733 179 5
828 16 18
584 740 4
117 431 23
487 576 23
327 301 15
595 283 19
974 87 19
646 340 22
393 385 10
159 969 2
511 87 8
557 926 11
618 848 23
760 174 10
227 16 17
120 663 7
192 890 3
281 283 13
16 794 9
491 305 23
397 862 25
584 818 5
72 788 4
54 128 22
519 601 12
677 793 4
355 426 14
418 442 8
450 933 13
922 683 2
320 619 22
527 886 12
258 940 17
5 812 18
415 841 14
706 614 8
139 416 18
877 690 26
477 10 20
600 686 13
511 565 25
971 175 15
263 180 4
157 947 22
844 366 18
957 424 9
513 563 3
355 440 18
