485 280 1
822 426 1
289 705 1
744 476 1
238 120 1
68 357 0
644 172 1
858 151 1
474 732 1

575 745 0
934 230 2
285 405 1
401 694 0
745 438 1
522 28 0
212 449 0
907 93 2
508 951 0

462 425 11
880 352 6
138 287 14
27 572 19
991 326 13
11 71 3
477 158 5
654 925 2
656 739 2
742 972 7
574 110 19
455 480 19
616 844 17
567 352 13
898 829 21
679 984 15
200 638 16
980 389 2
935 963 14
177 951 2
540 374 3
39 870 23
542 800 10
995 780 26
773 715 16
660 244 17
37 940 25
895 480 24
354 956 10
588 995 6
159 823 6
721 717 6
281 65 14
230 838 6
494 498 26
709 536 18
682 431 23
21 85 18
204 26 14
421 539 24
183 769 12
364 263 10
438 324 23
804 358 6
2 739 13
488 112 23
929 669 24
718 279 12
331 71 22
365 844 12
697 743 24
132 182 23
858 341 25
696 829 13
217 829 15
352 512 11
450 877 5
87 989 11
566 626 2
