765 619 2
420 644 1
592 991 2
973 632 2
265 411 0

368 507 2
157 322 0
347 387 0
42 593 2
916 431 0

716 548 25
271 968 19
688 913 10
170 886 17
45 504 5
590 872 12
271 80 26
44 122 19
624 391 26
953 107 24
901 731 20
493 771 8
76 941 21
643 339 25
622 929 22
459 506 5
619 129 10
518 173 8
11 149 26
287 102 10
759 3 18
904 496 15
962 924 8
907 920 22
355 894 4
28 353 10
81 973 14
215 843 15
823 854 16
174 141 19
632 253 24
174 509 23
839 472 22
445 379 19
743 86 13
970 114 17
703 548 15
917 763 8
657 938 15
547 112 8
891 96 11
238 622 23
434 461 20
907 907 24
299 650 10
226 27 25
191 944 15
999 954 3
