34 10 0
808 993 2
550 703 2
260 926 2
58 85 0
156 64 2

549 390 1
240 638 0
4 65 0
731 118 0
847 152 1
114 961 2

714 863 17
380 123 20
115 534 6
926 690 22
907 240 12
788 480 25
233 484 18
70 567 11
351 414 15
643 880 3
621 326 17
591 442 26
295 720 16
415 627 8
926 415 15
426 0 26
344 70 18
380 774 9
422 50 13
979 614 10
353 910 5
417 677 7
426 603 25
914 382 25
239 726 23
482 107 22
381 450 16
569 589 16
436 568 6
744 273 18
773 43 20
780 469 24
203 383 8
979 622 9
797 597 19
186 330 22
978 900 11
792 688 7
221 432 5
912 557 23
633 338 19
605 893 3
663 224 25
95 401 7
987 198 4
924 67 14
236 859 2
468 433 9
973 697 17
522 330 7
539 287 25
940 950 2
316 398 3
796 385 2
226 291 16
986 216 8
998 804 17
698 624 2
182 597 25
224 119 7
604 659 22
80 267 20
331 416 7
133 642 24
