902 102 0
315 202 0
335 454 0
694 606 1

249 432 2
499 927 0
492 627 2
142 764 1

466 762 5
266 49 12
50 951 14
990 267 18
767 954 25
860 0 6
5 602 14
858 453 18
75 945 21
718 87 10
619 906 24
275 524 23
110 926 26
400 268 18
243 35 25
446 253 4
135 111 9
751 538 4
347 256 19
707 228 2
829 503 26
0 965 2
475 717 21
568 961 8
968 502 4
721 948 7
723 435 20
883 539 9
635 886 17
827 594 20
629 423 23
603 776 14
25 523 19
581 844 22
385 565 22
611 523 22
670 159 10
337 338 4
881 968 5
279 923 8
643 427 11
725 804 11
767 738 5
312 123 20
510 566 11
791 529 9
963 551 20
21 888 11
26 121 6
454 401 4
10 44 7
521 769 13
555 889 26
786 201 25
229 63 18
665 206 24
625 169 25
95 543 15
904 569 12
33 375 15
86 737 9
918 258 6
906 165 20
281 951 23
131 533 12
899 550 18
196 175 15
44 271 8
484 527 4
694 913 4
657 351 18
17 269 3
498 527 18
868 808 22
791 291 7
426 190 7
620 386 10
335 782 8
593 267 10
420 961 23
974 971 24
265 340 20
166 190 23
584 58 8
