993 306 0
65 823 1
921 917 1
698 283 0
292 878 1
997 485 0
902 908 1

36 617 1
766 999 1
964 384 2
315 378 2
433 443 2
196 365 1
949 415 0

723 59 16
852 409 3
42 311 13
318 699 6
565 465 7
439 781 16
639 449 19
498 882 15
179 430 5
130 379 22
716 454 9
533 658 18
834 701 4
748 371 3
809 728 3
723 367 2
368 217 11
456 749 16
481 948 25
506 667 12
858 415 10
261 694 24
481 503 2
483 579 22
84 16 22
930 849 20
879 315 26
838 821 20
850 32 11
233 645 5
906 127 11
658 962 15
778 247 14
468 217 19
906 302 10
576 232 9
194 463 26
645 653 25
764 855 7
650 89 2
329 136 18
291 956 10
8 862 14
741 791 22
925 335 16
348 451 21
155 101 12
608 683 11
539 998 19
433 327 7
574 971 13
