289 664 0
321 481 0
443 488 0
48 203 2
930 314 1
41 769 0
665 855 2
765 42 1
317 94 0

948 658 0
424 299 1
524 621 0
120 416 2
133 465 0
29 395 0
632 788 1
0 806 0
454 571 1

281 240 22
439 188 5
489 964 7
202 841 5
749 961 21
726 476 9
631 108 22
657 460 3
890 267 26
814 548 16
537 987 7
917 828 21
597 383 12
250 132 26
672 268 24
206 994 2
840 977 12
911 986 23
139 877 17
939 43 15
330 932 4
910 850 10
807 799 18
544 402 25
595 74 20
445 632 16
770 473 21
556 736 7
154 875 11
784 849 14
888 111 16
821 918 16
137 815 18
937 762 17
357 207 26
124 978 24
868 886 10
950 40 13
262 411 4
617 547 3
256 435 15
746 609 10
387 98 2
430 388 15
195 745 22
296 221 2
519 441 15
829 392 5
15 6 18
720 975 15
921 231 3
586 329 12
522 716 10
272 146 23
137 693 21
210 342 17
260 861 9
549 690 3
229 58 9
89 990 22
610 136 14
483 274 9
647 96 14
281 997 7
307 227 15
50 563 21
640 653 11
912 129 25
253 91 12
740 575 11
624 381 22
499 28 18
68 968 20
608 659 22
648 702 17
