541 543 2
109 383 1
857 969 0
797 376 0
914 523 2

538 921 1
692 493 0
904 735 1
147 58 2
245 810 0

538 351 9
352 669 12
768 818 15
33 270 11
161 314 6
969 570 18
675 70 2
479 315 12
567 853 15
549 441 2
267 145 23
954 265 18
17 133 25
603 518 20
814 31 11
519 1 6
310 28 26
160 507 16
172 426 22
887 328 13
414 595 8
962 901 23
328 918 8
426 873 26
146 687 10
180 206 11
785 869 16
811 29 25
153 554 2
348 441 7
984 208 4
117 170 5
46 925 21
447 72 10
880 604 19
666 741 13
480 553 19
154 706 23
606 54 17
386 390 25
113 507 20
741 22 19
639 420 22
410 867 21
885 414 17
771 895 20
391 401 3
212 359 7
827 97 24
2 562 6
348 303 5
840 294 25
962 704 17
156 924 17
955 162 7
495 285 4
940 676 7
91 889 16
296 68 13
595 71 25
401 771 5
229 611 26
296 82 6
512 37 18
371 824 5
1 915 19
342 563 15
428 158 13
428 559 9
83 140 22
32 321 23
37 618 6
966 482 20
410 976 5
840 700 22
850 822 21
636 602 7
545 685 25
65 69 21
512 458 16
393 424 23
663 186 24
466 973 23
446 814 25
693 301 17
503 151 16
824 139 18
705 684 5
430 749 26
124 613 9
287 22 22
762 840 21
583 286 12
