753 697 1
466 158 0
74 212 0
864 277 0
637 715 2

335 971 2
27 925 2
832 606 1
667 680 2
256 738 1

254 491 18
450 310 26
524 736 13
241 600 17
544 237 10
742 573 8
680 952 9
624 136 15
826 804 23
546 412 11
565 18 4
281 820 14
508 345 25
946 586 2
14 482 15
935 882 6
926 60 12
949 959 26
710 524 20
962 158 15
877 18 10
175 964 24
426 978 6
266 127 8
679 31 18
396 318 25
602 596 12
964 545 21
739 607 23
884 570 8
849 447 26
160 974 17
57 752 21
788 370 23
745 49 6
663 798 2
463 400 23
323 365 21
495 456 3
543 340 25
749 541 24
325 701 26
865 758 5
384 899 26
113 445 20
