441 72 0
297 971 2
938 47 2
38 768 2
709 279 0
86 181 2
694 458 2
803 956 2
389 171 1

407 257 0
463 698 2
513 995 1
503 934 1
493 324 1
119 33 1
20 119 1
704 166 1
548 969 1

107 710 20
291 117 2
21 932 25
824 445 23
950 300 9
475 793 8
693 933 13
799 638 6
715 538 2
587 645 12
631 288 4
283 310 12
634 134 9
980 436 12
612 911 5
262 726 4
76 525 19
55 593 7
846 447 5
258 81 16
467 413 2
977 377 13
633 297 21
201 912 24
55 988 24
281 751 25
329 668 14
123 97 10
375 427 12
186 60 12
382 613 24
304 21 12
104 920 7
496 554 11
397 555 6
718 678 5
914 591 17
26 326 8
698 630 4
710 86 26
117 583 5
628 356 20
609 866 16
962 616 21
593 334 26
322 137 6
477 403 25
45 429 26
578 479 8
780 541 20
254 659 5
635 639 13
878 601 5
370 563 23
493 831 23
622 660 2
