156 917 1
912 833 2
367 599 2
647 614 1
234 862 1

513 954 1
2 312 1
409 333 2
749 579 2
133 978 1

796 135 3
192 399 11
716 118 12
477 118 3
217 352 15
240 217 21
561 219 10
71 82 25
571 215 3
680 11 15
917 271 12
727 101 5
855 318 9
493 559 26
790 472 22
398 972 3
692 43 10
917 967 25
769 647 13
459 706 19
109 703 18
139 558 12
521 404 23
120 546 22
290 944 19
442 989 15
675 906 7
476 27 6
287 487 14
654 388 15
645 497 18
498 509 9
171 629 5
317 919 2
434 713 18
947 741 24
779 217 2
259 504 16
796 159 4
309 156 3
877 244 16
356 95 25
590 266 4
448 18 14
514 317 5
838 97 24
838 356 3
29 504 14
256 166 20
332 395 17
396 751 12
969 694 3
523 65 12
997 513 5
536 27 22
816 865 19
313 56 2
314 85 9
827 694 25
847 26 20
112 775 24
472 744 18
99 620 8
