130 45 1
368 607 0
822 344 1
850 839 1
755 862 0
5 287 0
255 773 2
741 800 1

263 110 2
196 927 1
339 57 0
194 777 2
793 599 0
813 449 0
605 556 1
234 913 2

406 169 20
680 910 23
140 173 8
175 369 12
505 61 21
232 607 24
566 400 23
114 523 8
197 110 22
63 196 3
359 336 3
117 864 24
802 721 12
897 954 19
769 520 20
592 117 13
217 583 11
399 132 21
846 52 14
462 116 11
988 827 24
39 945 13
811 747 10
997 996 14
141 117 11
334 710 5
797 279 15
784 30 23
493 338 18
654 678 23
151 717 18
513 881 17
948 230 14
985 371 6
977 855 23
642 991 5
88 872 7
291 717 22
609 371 26
755 522 18
389 335 6
576 672 5
232 271 13
