377 902 0
930 339 1
75 726 2
628 750 0
510 759 1
533 456 2
314 223 1

857 650 0
352 545 2
956 143 0
800 520 2
607 802 0
817 877 2
338 505 1

719 15 17
187 900 26
900 566 24
449 128 23
687 85 16
171 885 13
635 661 19
439 351 26
993 422 18
658 610 18
132 862 12
181 326 13
233 128 16
829 815 26
921 986 13
532 896 7
292 971 22
792 964 20
658 974 5
777 459 17
462 640 20
923 873 23
539 976 2
450 508 23
558 158 5
975 803 3
95 595 19
990 605 19
143 382 3
510 196 20
204 119 19
377 984 24
14 523 25
341 325 10
212 883 21
968 210 26
46 658 23
89 648 3
458 144 13
934 654 9
754 210 6
96 588 15
845 954 15
570 295 17
156 859 26
252 179 13
151 226 21
997 667 22
448 125 16
986 59 20
369 813 8
575 262 23
413 459 2
126 382 24
868 538 10
142 790 15
331 293 18
825 290 10
672 90 10
311 77 21
957 798 9
813 373 23
609 138 10
711 616 17
108 484 5
716 979 22
856 310 15
222 487 5
255 160 22
413 471 24
982 428 24
717 593 24
65 554 12
873 265 3
143 794 19
13 650 4
528 225 18
229 246 2
553 580 7
28 649 3
875 715 7
861 588 25
814 4 2
252 147 21
21 513 24
748 393 24
667 79 6
745 308 4
647 213 10
606 469 26
436 682 17
