896 114 2
394 709 2
524 252 1
558 356 2
901 554 0

993 316 0
990 420 1
612 573 2
960 549 2
416 316 0

917 212 2
335 958 11
211 482 13
657 393 20
696 646 26
165 639 18
640 981 15
465 945 15
446 905 17
915 322 8
952 926 5
88 137 15
477 146 10
222 842 6
521 8 22
489 0 3
877 466 23
543 912 3
758 179 2
289 56 20
437 448 11
677 925 8
310 147 25
589 21 10
859 510 11
110 740 4
658 635 18
112 393 23
239 34 4
958 770 16
603 207 16
89 885 17
370 547 16
681 996 2
165 459 19
819 469 4
386 581 24
132 821 10
286 779 5
152 734 12
466 823 24
58 546 22
150 744 11
262 425 9
589 943 20
656 762 15
710 148 21
157 632 19
