301 428 0
449 969 1
54 165 1
562 730 0
751 78 2
371 976 1
379 215 1
27 768 1

721 591 1
98 756 2
864 410 2
599 211 1
877 618 0
530 180 2
409 931 1
526 655 1

633 386 10
793 413 3
435 135 19
85 585 3
591 401 24
684 513 22
720 922 6
186 801 13
287 580 15
713 15 2
82 101 12
208 225 14
844 899 25
561 935 13
459 8 10
288 194 11
476 823 23
513 258 21
926 818 23
788 915 18
354 24 5
465 483 13
850 123 9
37 599 10
658 650 20
859 40 23
449 832 3
47 972 20
814 728 6
784 899 16
97 102 15
957 139 14
640 797 16
785 8 7
389 588 22
691 281 11
547 418 11
886 867 13
349 824 4
764 816 26
933 60 25
843 293 25
363 504 2
963 195 10
997 94 3
283 981 23
319 330 24
522 275 20
558 560 5
146 52 25
194 415 5
396 378 2
879 728 22
133 11 3
254 683 10
903 881 7
437 314 19
566 48 3
800 136 4
75 16 7
797 501 18
500 755 3
534 10 10
366 28 16
473 465 7
140 383 6
