928 283 2
197 827 0
84 86 0
571 955 1
841 728 0
290 767 0
976 423 0
67 581 2
931 429 1

183 621 0
546 901 2
818 98 0
801 182 2
11 754 2
577 947 0
835 237 1
443 565 0
916 632 0

344 916 12
245 99 8
93 646 10
535 617 18
285 206 19
718 393 8
919 189 24
894 105 6
451 801 22
436 46 22
395 491 20
903 68 11
861 603 6
354 888 9
601 174 17
227 163 2
224 410 7
103 297 7
748 692 26
743 947 21
202 161 24
631 867 13
41 469 14
8 264 8
369 491 24
919 67 9
736 728 19
994 219 13
113 773 24
799 798 13
669 528 21
225 726 15
393 814 18
563 758 21
425 752 17
261 54 23
814 493 6
803 10 10
318 404 25
210 319 10
572 330 5
988 591 11
161 394 16
132 560 11
261 354 26
376 773 21
911 92 2
261 302 21
369 935 15
582 507 23
660 847 16
145 8 13
186 492 23
721 754 4
122 25 25
956 753 23
152 16 15
105 278 19
24 647 5
40 229 14
738 242 12
63 925 15
12 646 21
