329 190 0
463 465 0
89 766 0
420 13 2
531 219 1
1 593 1
995 868 0
449 84 1

66 709 2
8 604 1
149 934 2
908 749 0
429 838 1
296 258 1
236 789 1
130 143 2

26 490 2
339 5 20
8 365 2
836 514 13
44 204 25
998 500 9
318 88 25
857 571 20
989 949 10
341 94 26
571 441 26
673 630 17
709 837 17
118 584 25
727 112 12
246 101 11
606 443 5
914 144 9
529 879 4
896 374 14
243 548 5
755 275 17
542 873 20
927 832 15
757 90 11
21 4 8
431 645 26
118 526 5
347 422 6
810 242 25
208 486 25
213 593 26
978 136 26
197 415 8
797 546 7
880 329 2
209 147 2
716 309 20
66 869 6
965 83 24
139 413 12
890 962 2
122 525 2
147 674 25
177 554 4
204 335 3
757 544 25
733 612 9
951 679 4
304 783 2
442 673 15
642 147 15
367 647 14
342 824 20
294 381 5
46 138 26
856 174 18
933 533 12
797 190 22
722 632 22
962 274 22
727 994 19
166 336 20
487 381 17
712 677 15
549 533 17
577 615 15
224 690 22
544 652 24
364 380 20
183 546 8
827 58 16
851 545 24
366 609 2
722 927 8
520 856 25
861 80 15
481 977 20
673 877 25
955 56 8
219 907 6
217 626 15
244 435 26
887 677 12
586 538 19
326 372 23
71 452 17
196 126 21
