269 562 1
672 959 2
322 159 0
950 590 2
732 720 0

352 121 1
622 574 1
135 859 0
597 960 2
555 716 0

110 9 26
825 986 3
414 718 25
85 70 21
404 692 21
215 827 7
984 777 19
994 332 10
997 309 20
87 720 14
123 545 25
101 311 20
799 396 16
971 800 10
365 368 15
322 704 17
239 699 26
872 696 13
842 259 12
173 699 7
835 174 4
836 275 16
554 74 14
695 45 15
894 436 12
36 27 13
510 899 12
998 93 21
258 266 22
238 454 21
116 642 23
657 196 25
594 244 22
684 125 10
790 19 23
953 55 26
814 917 2
724 916 23
246 174 16
818 765 20
213 233 12
234 890 11
682 484 5
880 521 5
488 311 26
236 616 8
660 431 25
688 507 18
809 105 18
548 924 10
94 489 18
281 75 10
665 110 21
750 830 6
874 66 22
405 79 5
206 119 15
922 928 20
173 922 12
766 204 13
249 221 25
921 867 15
761 969 22
265 196 15
386 601 19
641 159 15
404 82 18
273 247 24
769 773 21
