905 272 2
537 548 1
602 459 0
402 402 0
295 174 0

448 633 0
988 316 1
750 154 0
354 110 0
761 34 1

646 939 2
507 477 2
349 431 11
624 834 13
144 481 14
686 282 24
573 270 16
888 372 22
148 840 19
351 486 10
826 345 14
201 694 21
388 670 7
624 814 13
739 852 20
486 777 17
550 17 14
473 804 18
506 305 10
925 656 21
283 482 18
823 35 14
247 400 25
885 139 4
806 625 7
996 528 26
911 1 6
904 859 13
737 784 19
776 242 15
190 36 14
274 635 16
172 521 5
626 327 7
858 675 10
108 938 13
514 194 24
225 283 10
944 43 5
497 819 24
85 361 11
213 159 19
468 786 23
701 644 24
461 104 14
223 970 9
195 195 17
304 491 11
184 988 7
658 426 19
169 875 4
316 441 14
330 962 21
704 424 3
16 999 23
500 738 3
505 397 6
224 566 8
227 882 24
741 218 13
41 548 25
337 604 26
738 620 2
462 496 24
143 662 17
246 519 14
775 744 7
532 971 17
81 64 10
892 105 10
18 442 14
919 533 11
172 995 7
971 728 19
972 223 6
712 822 26
201 949 20
609 833 18
407 511 14
815 881 8
179 153 16
163 325 13
644 296 18
286 268 19
