597 692 2
746 490 2
109 988 2
293 867 2
704 736 1
607 151 1

669 805 2
898 733 1
617 200 2
153 35 2
455 632 0
98 378 0

868 840 15
794 133 9
303 189 20
196 797 21
15 818 3
29 686 11
778 191 23
192 999 6
299 97 11
249 317 26
187 463 12
344 767 26
590 315 25
986 682 18
188 366 10
474 747 21
961 877 14
482 70 13
636 369 13
521 618 5
245 805 19
455 502 13
207 444 3
755 430 10
122 618 3
205 445 26
326 406 3
990 888 23
493 995 21
387 803 25
48 10 19
376 117 24
35 239 20
763 796 15
887 474 23
241 465 11
664 119 13
457 182 13
869 675 11
790 63 14
213 463 26
432 840 18
729 227 10
997 990 6
62 230 6
533 471 23
245 135 17
833 945 26
172 814 26
506 956 16
