756 696 1
680 572 0
307 290 1
717 811 1

415 960 1
351 313 0
393 49 2
708 581 1

549 709 10
941 530 23
492 286 19
517 694 21
477 109 8
850 461 21
530 854 22
74 914 3
726 463 14
11 757 19
82 249 8
201 981 26
892 436 4
225 953 23
177 985 23
299 867 4
573 20 8
385 383 15
80 466 17
712 912 12
341 489 17
665 211 2
450 740 14
696 39 6
148 861 25
866 786 22
47 523 5
338 603 23
878 368 18
103 81 7
765 774 21
483 241 25
922 937 16
228 437 2
476 303 15
96 351 14
452 689 19
273 919 13
114 22 21
219 788 22
814 521 14
971 356 5
221 278 18
511 506 5
13 335 9
302 783 12
466 235 3
233 509 22
721 975 21
290 195 9
986 361 7
473 684 13
553 906 18
219 769 2
434 436 24
896 902 10
47 488 21
117 209 21
561 500 18
146 838 6
251 663 16
65 216 24
508 788 18
810 463 2
447 249 14
220 145 18
580 192 6
997 222 18
389 720 6
845 972 19
634 389 12
33 249 25
849 60 15
152 507 16
539 79 11
532 11 5
1 810 16
192 551 11
573 748 10
617 383 26
877 768 26
278 618 11
141 122 20
606 13 2
567 545 13
721 207 3
887 208 15
276 752 18
171 294 26
122 802 15
958 943 12
653 901 25
428 469 20
567 542 3
518 429 13
983 58 18
999 796 20
763 319 17
263 17 16
