270 15 0
153 786 0
80 742 1
270 204 1
76 878 0
858 714 0
824 599 2

996 273 2
737 349 0
895 294 1
228 916 2
686 69 2
737 502 1
598 124 1

782 200 4
531 411 18
166 235 18
60 968 17
461 215 11
260 444 2
667 818 2
919 600 3
696 132 16
188 650 26
631 889 10
412 114 21
398 98 24
646 794 14
674 713 16
902 410 25
541 950 25
415 581 16
4 340 7
350 463 7
140 213 8
608 307 2
270 981 16
335 776 3
84 544 11
425 769 16
716 125 6
474 475 21
606 967 9
195 340 3
348 963 11
214 552 22
490 887 23
68 323 19
227 749 14
666 817 14
797 291 17
743 898 9
550 87 16
371 283 9
499 631 24
608 197 26
305 687 13
779 755 14
796 334 13
935 0 7
200 149 24
940 892 24
647 794 11
439 165 21
571 664 4
370 625 26
369 930 13
607 61 20
169 858 4
832 145 6
313 345 7
437 285 26
459 285 21
568 724 13
665 647 3
392 369 3
317 738 10
280 697 22
403 51 2
65 153 10
159 533 23
620 550 20
98 942 14
201 259 4
587 540 2
339 294 24
141 454 18
289 520 23
145 246 23
437 669 15
952 870 25
204 457 17
506 843 8
27 182 4
952 676 9
