764 77 2
484 649 2
563 365 0
192 335 0
991 584 0
547 517 1

649 94 2
991 574 1
761 739 2
529 309 2
607 425 1
574 262 2

996 825 16
711 18 3
690 361 14
869 908 6
601 557 25
435 900 2
710 13 16
463 542 2
556 150 3
79 724 15
603 720 17
492 784 12
420 826 23
932 695 6
313 648 15
437 84 17
487 146 7
628 609 25
78 165 2
306 597 3
796 200 26
464 45 10
149 465 13
548 750 8
854 63 6
70 852 17
185 691 13
666 319 24
41 750 17
193 21 11
3 522 4
322 277 19
654 347 24
69 884 15
983 902 10
505 943 12
545 861 20
534 733 4
724 278 25
310 282 25
714 273 22
868 948 26
438 602 23
860 671 10
973 6 12
758 512 8
293 409 21
589 944 6
667 978 19
937 913 17
235 563 18
970 889 24
608 647 13
335 882 17
215 675 12
517 461 12
934 751 26
300 488 6
267 75 20
258 46 9
608 6 8
469 547 26
740 882 8
307 449 11
542 174 5
108 691 17
718 626 18
174 545 10
669 156 8
53 116 14
84 585 11
409 678 21
967 985 20
201 880 22
130 340 15
872 58 16
365 5 21
698 531 17
