204 514 0
67 533 1
87 300 2
508 3 0
536 585 0
772 0 2
466 805 0
570 453 1

550 99 2
407 213 1
97 417 1
267 836 2
526 275 0
995 784 1
593 320 2
329 444 2

917 263 20
928 833 23
518 735 24
499 143 12
323 240 7
660 859 18
531 737 19
702 84 5
876 677 2
987 358 24
450 628 12
718 556 20
440 426 8
612 926 26
350 601 18
848 792 14
467 494 26
870 722 3
946 61 12
818 863 17
305 582 23
625 374 2
681 338 3
880 40 6
673 746 12
237 436 8
90 734 19
302 904 10
142 209 17
891 834 18
519 748 24
573 772 21
52 210 8
359 799 21
740 890 5
192 687 20
784 578 6
