186 549 1
981 45 2
351 326 2
820 975 2
934 765 1
564 696 0
700 703 2
922 965 0

500 122 1
429 831 2
371 18 0
785 351 2
854 702 0
230 874 1
199 809 1
42 725 1

402 425 3
940 699 18
853 199 17
460 980 24
969 351 19
28 488 22
131 695 25
913 277 26
22 476 10
819 625 14
445 565 13
388 418 15
702 200 24
321 228 14
292 711 9
317 625 12
216 999 15
277 248 11
414 419 12
329 216 2
590 956 23
755 409 26
901 464 3
398 137 6
87 781 18
120 98 20
782 667 21
920 296 19
917 39 6
117 982 14
290 638 15
691 388 4
673 476 11
366 948 11
705 2 26
975 932 12
15 201 3
272 319 10
484 759 23
458 401 13
896 445 4
176 118 5
885 836 5
575 929 14
49 256 24
234 272 25
163 896 21
721 380 6
369 839 9
8 87 4
35 263 24
538 500 10
693 897 9
578 472 16
817 873 22
989 460 21
715 623 17
915 66 14
827 109 17
300 999 17
493 622 13
307 439 12
729 781 24
776 848 22
718 959 18
41 227 9
203 52 8
805 879 19
670 179 18
35 140 12
650 985 9
88 292 26
400 373 9
567 220 18
11 261 20
752 622 4
444 292 10
136 679 2
581 770 6
82 522 7
364 695 8
846 614 3
639 625 17
660 146 11
732 898 8
36 342 2
520 830 6
847 54 15
808 635 10
412 717 7
