461 204 1
998 749 1
77 51 2
506 867 1
240 122 1
192 961 0
128 843 0
89 201 0
704 490 0

418 245 2
762 707 0
254 705 1
398 783 0
469 641 1
923 881 2
817 425 2
37 905 0
235 995 1

565 51 17
551 236 12
469 980 14
836 797 16
688 774 19
764 339 20
331 430 16
663 767 11
240 318 24
658 365 11
245 553 9
961 70 23
583 110 22
200 874 13
868 558 18
691 958 20
743 568 8
961 479 8
184 62 18
829 263 20
517 483 3
283 545 7
591 326 24
314 369 9
708 910 22
349 5 17
707 282 10
618 596 14
600 780 26
691 962 16
361 479 2
589 115 24
871 706 25
519 21 22
828 81 7
48 782 12
189 489 21
847 107 19
336 59 25
535 103 14
704 406 8
251 277 17
71 977 21
576 25 5
438 566 19
583 765 3
675 101 13
900 989 16
106 747 13
239 350 16
644 898 18
290 826 21
718 265 12
987 200 5
716 875 6
152 128 22
43 567 15
750 25 12
512 265 14
903 696 16
442 341 16
311 983 17
17 41 7
595 757 10
627 909 15
647 304 9
711 55 10
873 919 2
386 174 23
725 968 16
666 279 25
81 484 4
346 449 3
454 428 14
394 76 19
902 139 26
435 12 22
585 398 21
783 475 14
675 141 21
198 575 7
127 689 11
745 35 13
405 138 8
106 925 21
872 646 24
986 321 17
380 871 17
963 998 6
285 921 11
600 32 22
694 789 13
