20 288 1
620 279 1
335 66 0
467 755 1
454 237 2
92 796 2

201 287 0
809 233 2
797 848 1
246 195 1
689 567 0
455 188 2

308 875 8
768 343 13
587 149 3
403 794 13
772 401 21
107 0 16
601 41 10
736 496 23
151 156 26
632 925 19
220 512 18
20 738 4
633 734 8
479 507 12
173 614 12
414 567 5
219 455 10
443 87 10
362 307 24
79 706 9
493 64 9
202 543 18
312 717 9
774 131 26
277 354 7
980 926 12
921 84 11
218 515 17
925 749 11
734 951 7
402 615 24
684 389 7
885 18 14
391 999 17
703 839 13
103 113 24
162 683 16
279 886 22
86 897 25
465 335 7
172 572 3
234 963 4
