76 85 2
868 200 2
388 102 0
407 148 2
601 935 0

346 102 1
959 608 0
848 762 1
106 7 2
79 254 1

158 331 22
865 551 24
528 939 3
115 699 4
237 652 14
243 998 16
715 309 25
6 510 14
264 616 23
226 47 3
686 205 9
583 423 10
32 951 2
936 419 3
327 252 6
416 967 15
466 325 25
802 167 15
228 206 23
998 526 24
950 462 20
601 802 4
256 129 6
910 897 25
226 364 25
51 995 18
493 797 10
333 378 18
379 715 10
200 65 13
325 15 25
868 968 4
420 225 8
224 487 5
147 117 16
240 610 16
149 943 21
615 675 13
575 875 4
361 421 15
463 841 17
46 418 6
527 117 22
371 617 14
563 857 26
904 358 21
623 326 21
409 901 22
613 315 24
833 676 20
21 492 14
138 890 9
742 417 26
551 704 3
300 960 11
345 935 14
64 696 16
11 310 8
159 495 9
79 868 3
841 6 19
373 748 13
375 513 4
993 64 10
821 365 20
8 710 5
520 126 4
286 138 14
367 649 11
477 728 4
78 570 10
922 295 10
184 670 23
586 16 13
45 837 5
521 718 18
923 4 6
987 372 7
546 201 11
