395 56 1
403 653 0
541 198 1
481 383 0
839 596 1
313 429 2
205 80 1
484 718 1
980 722 2

652 27 2
982 774 1
825 529 0
981 70 0
81 903 2
613 743 2
89 408 2
435 613 0
107 450 0

410 430 19
961 434 23
234 416 22
914 593 26
248 574 21
131 656 25
398 269 20
259 498 19
336 957 19
132 719 26
649 680 10
546 266 4
216 181 24
768 429 24
389 912 7
914 311 26
182 925 14
211 536 14
205 872 21
523 6 22
183 552 14
612 120 20
635 240 26
232 630 13
63 79 3
352 290 14
139 847 14
235 496 20
50 19 26
546 554 5
308 167 3
327 34 25
315 223 20
615 638 26
191 991 18
656 482 15
686 120 7
738 666 11
341 326 3
417 929 7
86 608 18
384 924 16
579 891 7
121 738 7
236 731 2
477 508 14
662 201 18
871 57 8
762 793 9
229 373 25
334 578 7
782 52 23
712 288 6
713 136 26
973 627 13
439 993 9
187 216 16
543 330 9
527 559 9
50 245 15
7 27 17
703 92 7
835 805 18
384 991 7
146 964 9
109 756 4
691 943 20
682 838 26
64 126 12
556 830 4
336 665 9
605 401 25
487 899 17
996 8 23
970 200 25
931 176 19
489 240 20
