234 388 1
215 341 0
157 130 1
330 583 2
283 106 2

713 275 2
209 41 1
768 961 0
734 414 0
711 904 2

249 491 3
867 58 19
894 567 25
188 897 10
547 180 16
442 245 16
206 454 9
401 574 20
134 308 11
301 371 16
189 973 9
465 192 17
83 86 10
183 274 9
866 822 17
655 616 12
71 822 19
528 575 18
298 710 4
483 363 25
924 904 25
856 369 17
846 804 4
756 339 5
564 205 4
904 860 20
841 931 20
233 811 20
552 110 7
179 945 20
529 869 24
853 77 21
368 923 2
322 680 17
903 596 22
305 500 10
676 341 18
221 927 5
