54 778 2
323 170 1
904 54 2
815 544 1
764 94 0
37 621 0
21 889 1
830 327 2

649 955 0
227 368 0
553 775 0
753 98 2
88 354 2
214 169 0
423 286 1
669 675 2

8 696 3
152 878 6
206 659 7
951 764 7
891 771 8
108 194 21
772 864 22
409 224 20
936 376 24
142 579 3
303 820 12
185 26 23
490 977 15
246 547 19
708 790 15
339 899 12
609 23 3
906 433 2
899 721 6
123 863 10
875 166 7
437 352 9
658 194 13
996 792 11
891 500 26
556 840 2
416 801 26
844 707 11
145 958 7
526 82 20
486 957 13
246 292 9
73 848 24
798 617 2
547 461 11
433 958 19
688 836 26
158 323 10
487 664 11
726 226 14
406 473 6
938 546 6
187 596 14
123 29 24
290 876 9
223 23 24
903 863 15
339 589 18
657 285 14
338 299 11
989 838 7
101 961 11
523 627 6
134 269 10
716 492 8
240 747 23
547 614 10
138 271 23
276 962 22
462 951 11
244 52 24
585 414 20
476 723 14
473 503 3
344 541 16
915 169 5
786 631 6
847 227 10
221 282 14
493 562 11
471 216 14
772 627 17
39 971 8
578 887 2
