325 86 1
290 986 0
42 627 2
817 16 2
514 904 0
260 51 1
149 359 2
559 534 1

794 117 0
624 914 1
463 591 0
407 234 1
983 628 2
252 445 0
729 960 2
555 572 2

2 74 16
563 633 26
362 779 18
636 403 9
780 625 11
314 861 12
235 942 24
764 849 22
344 203 21
284 767 4
110 481 9
53 470 12
62 91 8
449 148 17
112 462 5
924 49 23
697 165 22
394 510 26
165 146 20
217 256 3
401 661 23
989 923 9
795 985 25
226 786 26
267 250 15
520 175 15
68 224 7
466 970 19
67 135 15
435 704 23
988 106 11
660 447 9
642 242 22
716 468 8
642 87 9
30 960 11
820 380 12
776 846 7
945 913 17
