778 787 0
33 889 0
486 208 0
834 87 1
584 756 1
828 752 1
243 116 0
827 446 2
928 31 0

114 839 2
358 969 0
386 2 2
272 840 2
92 675 0
127 611 2
637 439 0
229 683 0
978 862 0

73 257 16
964 615 11
642 2 13
210 626 6
338 70 6
905 550 19
580 187 8
359 416 18
255 746 7
597 296 23
970 369 5
534 334 22
420 328 26
309 538 4
38 228 25
161 417 14
319 777 5
513 32 26
568 629 24
869 837 7
292 258 10
68 567 26
471 957 4
296 751 17
671 264 9
233 935 13
563 448 22
639 17 26
12 783 4
458 5 17
590 297 2
698 365 21
49 188 3
694 155 22
140 303 6
135 943 23
112 307 6
391 117 11
508 707 10
883 405 3
529 455 16
132 84 26
808 658 24
714 150 2
