876 489 1
926 377 0
15 202 1
119 801 1
548 320 1
152 989 1
872 430 1
0 635 0
928 880 1

351 19 0
466 896 0
802 174 1
390 541 0
348 661 0
199 561 1
859 65 0
246 289 2
8 289 0

694 217 14
819 921 8
325 387 6
320 541 8
693 932 24
269 632 10
997 831 24
694 691 14
83 937 4
903 298 20
710 344 13
243 854 23
266 123 6
301 120 14
250 166 7
913 602 22
217 857 20
810 920 14
621 669 4
705 125 19
528 240 6
541 483 10
189 101 10
470 403 8
583 5 26
738 918 3
535 135 11
278 946 6
717 919 2
671 977 5
465 505 20
420 398 3
580 940 5
620 345 15
890 991 18
43 808 25
665 809 16
995 25 26
80 997 22
818 243 8
179 366 4
676 927 6
118 142 26
184 33 19
75 234 19
314 229 19
963 309 16
310 479 11
741 659 5
500 805 25
195 217 15
79 420 18
296 86 24
481 712 15
315 806 26
868 302 13
349 802 20
324 331 12
684 526 5
472 549 2
830 980 23
773 276 9
