743 838 2
393 922 0
263 492 1
450 774 2
705 399 1
431 739 0
37 973 0
73 569 2

514 893 2
306 575 1
120 318 0
818 64 2
353 327 2
67 129 1
670 835 1
687 618 2

484 655 7
778 728 3
409 243 23
739 901 25
723 21 21
545 839 10
642 544 14
584 612 20
299 282 7
414 322 25
973 158 6
505 288 11
606 697 4
304 788 5
578 511 3
874 409 17
882 403 14
921 987 3
445 53 9
418 26 19
109 489 5
413 146 21
619 76 7
845 950 18
263 184 22
577 105 11
503 194 25
946 762 7
690 161 16
371 622 7
102 388 3
621 359 4
3 556 6
795 171 15
342 748 20
876 251 17
50 667 10
629 965 22
586 655 11
427 379 10
758 481 23
586 454 9
491 457 16
879 175 16
921 577 8
955 558 23
750 144 6
411 572 10
695 682 16
718 268 20
392 457 11
854 193 7
417 72 9
232 994 11
864 403 16
318 815 15
151 862 22
817 932 15
585 385 2
514 129 9
881 753 26
240 985 22
