625 295 1
780 928 0
61 678 2
167 43 2
298 768 1
945 916 1
954 104 0
770 291 1
699 3 1

188 17 0
585 642 0
880 774 1
642 835 2
578 2 0
788 652 0
840 597 2
416 904 2
759 674 1

719 725 8
519 913 25
839 498 19
805 730 18
700 724 5
274 655 9
243 443 11
332 636 11
689 404 15
150 163 16
902 234 16
658 754 7
431 593 5
550 398 13
91 451 14
171 725 19
253 320 15
988 4 26
672 693 5
226 97 2
522 539 26
978 442 2
516 533 3
778 57 5
48 310 25
462 322 26
215 286 19
483 864 18
985 782 26
242 656 16
43 502 18
222 681 13
22 794 13
178 256 13
27 823 24
71 306 16
213 643 23
186 372 20
655 467 3
368 64 3
368 622 9
167 693 17
629 721 21
84 324 25
525 863 23
468 518 17
302 67 24
706 274 19
365 642 16
848 161 11
988 993 18
124 622 16
144 231 3
515 700 23
57 745 24
289 399 18
288 105 17
8 11 15
176 136 15
65 282 21
630 426 5
707 294 5
5 351 2
2 992 26
418 281 9
108 163 9
144 262 7
990 622 20
180 798 8
993 863 15
865 493 19
968 552 15
123 558 16
23 560 11
674 331 19
783 791 9
715 936 21
22 278 18
341 810 18
499 156 6
807 341 4
320 464 14
536 487 2
745 513 8
945 364 12
916 387 15
510 728 3
253 227 9
508 167 7
960 326 23
964 998 14
527 535 3
2 632 16
160 572 13
757 869 5
158 999 22
836 253 26
