192 163 2
818 816 1
947 351 2
15 849 0
7 114 0
82 30 1
476 54 2
991 115 2
297 843 0

202 115 0
758 307 2
455 125 2
81 73 0
779 440 1
458 447 1
39 530 0
81 6 0
592 349 0

199 646 22
972 848 14
704 959 22
599 766 22
663 200 22
367 181 19
589 207 26
166 758 22
938 730 23
20 386 25
693 49 2
790 126 9
328 115 25
532 961 21
757 550 5
331 716 13
903 6 19
676 832 3
408 852 14
259 897 13
309 688 17
691 368 7
215 33 19
271 565 5
820 653 24
457 908 6
176 585 13
977 993 17
517 252 17
105 914 5
820 605 23
998 738 20
879 911 25
477 720 8
81 896 18
869 225 12
861 742 16
751 848 7
681 20 13
979 23 12
310 43 8
206 42 24
424 921 12
647 750 9
779 183 5
557 266 25
224 17 25
804 699 20
342 678 19
405 989 12
911 195 6
860 972 5
72 619 5
4 398 14
832 246 18
386 379 4
