879 948 2
900 376 0
254 626 1
611 770 2
259 610 2
750 487 0
947 98 2
823 224 2
114 997 0

554 539 2
776 419 2
531 319 1
169 926 1
958 537 1
655 796 1
643 547 0
306 846 2
137 669 1

643 135 4
195 466 13
72 477 25
228 484 21
698 127 20
303 785 16
359 274 12
991 917 23
269 31 15
438 578 8
26 507 7
933 194 3
119 267 8
842 847 17
713 545 22
132 200 9
396 912 9
682 903 26
455 524 9
918 314 12
199 340 21
181 626 18
683 97 12
14 939 9
181 4 6
476 136 8
261 533 22
944 22 2
952 940 17
889 491 9
334 672 10
677 707 7
287 721 23
744 255 3
450 731 16
708 992 26
879 312 18
657 257 17
607 209 9
224 98 25
534 784 25
117 461 9
150 100 8
473 196 13
801 646 19
266 707 14
615 938 3
532 595 10
174 202 21
757 779 22
182 313 8
280 782 20
438 284 22
724 177 24
865 677 7
700 851 12
745 608 16
240 143 6
223 423 15
316 213 25
956 741 21
144 808 19
529 25 21
510 726 24
45 823 10
711 415 3
42 638 3
155 307 19
185 173 17
