824 908 2
650 242 1
538 807 2
208 133 2
402 795 1
672 144 0
374 720 0

244 699 1
855 38 1
430 395 2
720 219 1
349 869 0
54 407 2
898 967 1

984 369 2
802 394 23
222 768 18
174 365 18
985 220 8
655 3 3
841 723 24
936 73 18
624 479 2
472 729 20
100 714 16
228 868 10
499 91 6
491 617 21
534 602 18
615 610 21
490 739 20
433 188 5
428 288 21
903 368 8
134 211 25
378 97 5
14 155 18
909 645 8
229 403 24
28 836 12
909 265 2
503 410 21
318 665 16
224 800 4
100 178 26
930 725 13
370 92 20
261 1 15
244 231 20
591 611 6
478 520 23
6 24 8
