656 897 0
256 340 1
607 840 0
416 343 2

764 462 0
15 335 1
399 963 1
241 410 2

451 869 6
901 803 22
452 459 21
161 68 13
372 675 6
530 92 24
231 208 12
538 223 24
300 974 12
303 216 24
458 667 18
959 725 9
830 887 2
42 611 3
446 141 22
193 373 5
755 911 6
652 563 5
512 866 23
486 324 16
977 14 14
975 325 14
433 156 26
958 550 15
159 996 6
156 541 6
791 301 8
546 166 25
518 652 26
509 630 17
421 605 18
58 38 26
935 349 26
423 508 22
404 17 15
111 379 14
729 170 16
262 68 7
310 586 9
387 447 16
477 868 22
893 279 12
169 214 11
643 989 22
465 745 14
181 856 18
193 585 15
507 848 8
339 510 22
472 249 21
586 727 15
