587 527 0
536 657 0
269 459 2
527 946 2
704 611 2
473 772 0
988 239 1
859 687 1
822 858 0

790 888 0
565 827 1
889 363 2
649 984 1
148 863 1
328 567 1
887 392 0
307 732 1
42 944 1

229 766 11
377 908 26
736 67 18
190 546 12
540 433 7
310 92 14
671 487 8
72 68 2
331 445 10
830 563 11
549 368 23
926 525 15
167 715 13
680 255 24
585 917 16
222 941 5
156 13 23
251 386 12
105 287 8
28 213 8
168 733 25
327 350 2
243 924 18
647 80 8
470 288 6
739 105 11
923 708 24
111 813 11
667 193 25
100 361 10
708 895 25
734 139 24
52 138 7
384 608 20
115 348 25
725 271 8
72 382 23
707 401 18
907 853 5
192 454 23
890 162 21
290 896 10
262 301 23
667 37 8
713 152 6
511 229 5
370 302 14
41 361 18
258 620 21
188 812 25
686 54 15
80 344 13
965 958 14
988 626 26
620 339 4
906 572 12
596 614 25
687 224 22
631 412 11
382 450 15
456 848 18
919 837 21
418 809 12
422 112 14
656 19 14
144 654 4
364 285 18
749 667 18
539 314 26
415 42 14
896 587 10
860 243 6
397 138 23
900 282 2
979 999 13
