101 706 0
245 908 0
121 15 2
582 278 1
521 442 0
49 808 1
26 974 1
235 265 0

365 288 0
514 313 2
927 766 2
20 12 1
411 133 2
129 67 1
624 588 2
108 989 2

803 15 25
864 250 17
983 967 6
597 833 21
581 761 13
272 781 25
870 544 10
188 674 2
784 298 17
175 758 9
373 561 26
546 777 2
689 113 21
768 710 7
906 327 21
333 111 21
701 286 5
58 660 18
782 558 21
109 247 9
756 367 21
829 255 6
203 154 20
365 209 9
632 343 17
537 561 9
108 149 16
972 978 22
103 533 3
618 424 15
327 789 16
322 506 2
329 490 21
246 518 3
411 407 16
296 516 15
60 488 20
432 943 3
310 965 9
953 935 11
685 265 22
129 512 17
82 275 25
259 632 6
604 416 26
15 680 4
324 373 18
774 958 5
730 644 20
177 125 9
143 208 10
868 156 8
109 768 17
190 372 9
214 855 13
556 870 20
185 546 20
76 320 4
904 50 25
350 228 25
659 723 10
