216 263 2
813 649 0
875 784 1
634 216 2
55 801 1

179 374 0
727 369 0
567 703 0
765 189 0
230 666 2

215 883 8
134 48 9
241 923 18
537 910 10
221 965 13
33 496 14
114 223 10
862 143 13
364 908 4
142 491 21
359 706 6
192 840 6
674 433 7
293 322 17
128 895 9
764 929 6
478 395 4
561 257 22
699 973 8
26 115 24
372 827 7
953 19 25
583 46 10
488 339 8
655 467 3
787 583 9
416 61 7
621 622 16
968 321 17
323 72 11
481 25 8
479 608 4
262 448 18
720 103 10
722 891 18
356 659 6
386 632 5
378 601 26
343 177 2
775 853 24
387 334 25
18 165 10
695 779 9
711 500 12
546 574 5
964 282 15
443 669 24
896 399 25
22 94 5
847 869 8
745 256 19
20 274 11
903 969 15
587 32 17
375 578 18
53 542 26
66 233 21
341 607 15
794 455 11
452 552 18
796 572 19
305 827 16
946 767 23
86 142 4
505 547 23
854 291 11
345 402 4
560 549 11
996 1 13
337 798 12
657 455 14
298 401 8
619 840 25
722 551 16
558 127 2
627 824 4
656 384 3
492 380 7
528 70 7
488 79 12
628 377 14
886 348 6
935 572 26
883 646 4
474 204 6
