649 949 1
394 629 0
311 264 1
171 560 2
743 852 1
390 691 1

326 229 2
252 798 2
788 703 2
268 342 2
249 991 2
37 737 2

122 400 15
211 923 2
295 667 7
907 57 23
537 735 2
868 339 3
269 128 6
743 748 23
860 997 16
677 508 8
692 71 7
870 516 19
923 736 8
126 6 13
680 749 12
929 609 11
520 239 23
201 916 8
312 627 23
914 125 3
423 251 9
59 283 8
796 564 20
531 437 9
652 638 3
633 273 13
38 561 18
458 225 23
857 323 25
771 237 25
431 72 13
190 868 3
910 751 15
869 403 5
745 389 4
934 427 17
702 238 20
98 447 18
696 570 7
771 345 20
449 776 17
411 318 12
252 98 17
557 195 8
784 129 13
277 184 3
995 282 25
388 331 20
18 454 17
312 956 18
999 560 18
441 117 13
625 254 20
588 531 4
789 526 13
789 266 19
319 674 22
681 338 3
624 689 13
665 483 7
254 108 11
972 696 17
874 837 20
304 612 21
234 931 20
831 965 11
32 589 25
579 59 3
825 821 6
336 803 19
484 107 8
578 693 15
699 524 5
158 908 19
658 405 3
642 133 14
733 345 22
225 276 8
553 101 7
508 790 10
