855 911 0
461 938 1
785 494 1
104 715 0

243 453 0
691 934 1
884 452 2
222 883 2

724 684 9
813 991 8
957 198 22
622 660 10
858 797 6
65 901 21
537 497 26
365 188 12
561 72 14
256 646 24
4 370 9
89 535 2
395 845 25
965 819 12
474 677 9
180 94 11
602 632 8
476 349 21
637 262 20
601 518 17
449 874 14
333 963 2
208 359 22
281 676 16
719 502 20
601 683 14
385 285 23
18 113 22
839 750 11
733 704 4
625 505 6
887 838 19
37 46 5
384 679 9
550 398 11
393 0 19
683 737 4
604 108 20
227 947 20
866 305 6
495 545 19
95 319 22
427 221 22
261 615 24
131 650 12
285 606 20
553 833 19
924 945 2
998 163 7
930 10 4
699 449 14
515 896 10
362 323 8
607 937 25
557 68 25
892 705 7
687 259 17
556 533 2
637 815 12
966 515 14
230 30 10
813 744 11
970 703 25
93 260 20
951 543 11
516 325 21
379 881 5
404 870 20
792 837 12
981 67 17
714 233 13
475 555 17
173 0 2
291 219 7
115 170 2
549 687 2
374 174 4
44 966 16
230 299 11
797 366 19
109 841 26
476 367 26
751 658 21
883 125 18
559 27 7
793 624 2
546 20 20
487 602 20
848 752 11
442 861 2
591 689 19
741 792 5
