44 437 0
213 184 2
493 773 2
654 529 0
165 819 0
874 649 1
151 922 2
843 837 2
83 910 2

582 538 2
220 934 0
256 147 0
953 641 2
703 295 0
703 812 0
366 39 1
115 190 1
459 33 0

718 117 25
973 51 13
403 623 25
270 879 22
673 185 15
906 944 2
782 662 16
458 588 19
447 659 13
697 632 14
486 388 15
209 10 21
431 684 6
295 885 22
833 926 5
156 396 22
798 195 8
909 245 16
72 731 4
562 292 16
931 723 25
838 370 11
985 528 5
76 362 6
829 262 19
533 217 13
15 126 8
481 550 14
335 112 8
199 396 7
100 586 2
886 571 6
464 999 20
320 180 7
763 243 25
954 128 17
340 495 19
972 976 21
686 663 9
693 215 7
775 315 18
856 17 17
551 337 22
156 452 15
180 406 18
772 747 14
761 109 6
495 154 21
625 281 11
684 717 8
844 425 23
150 82 5
187 573 26
553 686 13
582 181 19
852 757 24
475 366 8
505 517 15
633 56 16
185 609 2
198 543 9
365 721 17
124 363 10
152 45 24
448 250 6
170 725 25
554 230 17
667 216 25
784 599 5
43 316 4
460 483 14
729 959 5
191 82 3
89 636 10
680 66 4
465 850 5
547 354 7
112 435 16
40 25 3
941 229 22
242 670 11
477 879 19
577 911 10
781 728 13
585 873 6
