746 490 1
266 11 2
637 76 0
602 386 2
187 822 1
336 569 2
679 628 0

812 369 2
300 109 2
631 198 0
676 944 0
572 563 0
997 552 1
461 154 1

460 341 15
834 30 11
812 873 13
18 526 22
72 757 7
350 754 9
94 28 7
9 862 14
846 141 25
310 306 26
496 676 2
144 113 11
989 974 21
131 399 3
188 749 8
210 548 3
507 756 11
407 66 17
181 915 19
833 59 9
636 532 9
388 720 9
246 518 11
125 100 22
441 607 5
718 548 13
119 24 25
685 400 4
417 646 23
603 670 3
690 795 5
687 236 12
440 838 4
50 418 8
548 889 9
446 944 22
228 981 22
730 750 21
103 705 16
110 435 24
623 876 12
577 890 16
33 438 8
218 236 2
63 816 8
660 547 10
904 2 15
170 559 13
231 670 24
528 293 25
16 795 15
412 372 7
226 757 23
282 975 11
967 51 25
50 307 2
191 478 14
727 709 11
899 606 26
939 18 23
870 596 5
900 217 23
378 185 24
403 587 7
79 778 10
18 858 21
881 809 19
930 748 12
881 561 19
387 814 11
284 192 21
838 27 14
923 397 24
70 24 7
454 905 16
797 835 14
509 538 10
62 159 14
404 569 11
769 844 8
991 914 9
771 721 14
402 379 16
62 550 12
375 488 18
307 659 24
539 63 20
150 184 16
806 176 6
190 299 4
127 12 24
603 766 3
969 180 5
