756 764 1
516 142 1
595 501 1
811 273 1
623 703 1
82 53 2

364 88 1
279 890 1
696 166 1
882 673 1
769 429 0
574 298 1

187 245 23
656 57 23
19 466 6
926 830 21
372 461 11
264 392 3
827 162 9
975 275 5
298 283 12
894 413 21
545 432 13
684 327 11
910 506 23
269 12 11
927 340 14
830 990 22
142 237 10
486 782 20
643 833 18
450 965 6
415 649 10
124 911 19
348 532 6
659 459 23
246 289 16
469 783 3
104 622 12
172 271 23
869 364 24
850 131 25
159 608 13
326 308 20
857 319 5
81 918 21
295 387 7
746 491 4
683 16 25
5 319 17
512 541 8
336 391 15
809 902 25
545 580 8
813 790 2
893 871 22
263 518 9
768 616 3
247 299 19
310 520 6
692 856 25
557 665 4
30 562 10
163 376 25
615 621 23
986 884 16
696 603 6
313 249 15
602 911 10
783 955 17
708 864 7
536 246 22
296 761 23
494 377 19
267 715 6
206 810 12
761 507 16
967 820 17
830 774 5
214 558 13
63 802 26
883 450 12
79 944 14
249 563 4
655 769 15
417 882 22
431 850 19
398 32 19
277 598 2
865 468 25
514 351 25
925 783 22
64 384 10
919 39 7
232 456 14
404 240 16
748 638 24
515 267 24
192 82 4
