153 888 2
992 501 2
632 837 1
858 73 1
259 418 1
579 969 0
536 156 1
656 432 2
803 329 0

903 585 1
896 738 1
136 82 1
490 715 1
363 925 1
449 184 0
66 763 2
61 652 2
661 308 0

124 463 12
154 366 24
301 263 15
688 751 22
577 594 14
654 957 14
157 406 25
726 824 16
968 238 18
550 24 16
62 530 8
970 800 20
922 964 11
720 42 11
634 10 24
200 729 25
426 279 26
468 341 6
524 853 14
547 552 11
673 522 11
42 182 18
720 456 9
156 528 26
65 163 14
564 715 18
315 494 25
89 962 18
394 838 21
592 410 21
752 804 5
70 524 11
705 681 15
381 98 5
68 15 22
626 165 20
573 399 9
720 991 20
741 95 26
144 956 9
199 377 26
