682 118 0
877 550 1
568 357 1
230 632 0
121 183 0
431 283 0
947 53 2
48 438 1
731 967 0

427 28 0
224 710 0
603 587 2
165 155 1
603 386 1
88 859 2
636 642 2
610 942 2
495 990 2

886 73 9
753 500 14
621 77 24
495 550 19
93 505 7
324 593 16
786 839 2
888 686 20
428 924 18
287 29 21
174 2 23
123 961 7
659 809 7
351 902 12
781 578 6
422 668 12
706 806 4
283 694 15
851 474 17
493 761 21
987 287 24
910 410 12
865 69 21
371 773 26
733 906 4
689 329 22
875 387 5
667 874 25
359 367 13
81 706 25
490 833 9
985 556 7
734 642 13
761 558 6
914 162 4
787 541 22
926 622 5
351 427 23
187 918 8
826 341 9
762 754 15
380 867 24
763 248 20
16 387 12
988 313 11
312 204 9
144 0 14
884 826 7
979 320 6
390 524 15
358 541 2
868 881 18
705 548 8
617 860 12
151 356 12
940 240 15
306 838 26
762 793 12
0 183 11
416 762 11
307 467 9
215 436 21
327 939 3
255 960 19
806 722 12
766 75 21
251 265 15
980 681 4
239 340 24
398 555 12
418 882 2
146 321 8
114 698 12
941 954 22
958 760 19
121 527 19
467 130 12
709 702 9
883 100 14
494 870 24
529 483 19
964 776 25
359 87 10
829 208 14
373 675 21
675 443 11
859 679 13
598 525 11
220 921 4
164 802 12
158 767 16
106 478 3
166 307 13
754 681 15
823 864 24
707 891 19
293 750 23
