936 62 1
286 128 0
575 202 0
598 623 0
498 334 2
85 111 0
155 865 0
954 281 0

235 913 0
235 765 0
271 701 2
942 987 2
966 915 0
77 513 1
815 363 1
707 448 1

250 603 19
421 910 2
480 145 15
642 732 7
975 3 8
722 297 22
731 340 2
779 817 22
198 590 7
250 70 4
863 712 11
376 762 13
499 64 26
536 795 18
439 282 25
705 860 17
419 992 9
21 793 21
98 8 10
423 682 15
236 181 4
312 70 26
728 509 10
652 214 21
142 985 15
801 427 7
698 800 25
17 899 11
400 510 15
176 934 24
714 522 6
668 835 3
769 563 12
152 567 3
748 61 15
336 862 17
467 560 18
742 929 19
378 682 4
616 858 15
889 572 13
695 592 23
571 361 13
308 513 6
611 262 17
615 417 17
483 512 22
879 859 14
443 100 11
881 795 5
802 718 16
990 378 6
394 989 20
892 855 13
132 338 2
654 940 20
858 820 4
920 615 4
906 496 26
484 650 21
775 640 24
580 387 13
998 599 3
367 491 9
506 975 24
508 630 15
401 840 10
505 761 2
357 667 23
777 279 15
12 210 5
689 929 21
573 435 24
795 296 6
958 697 21
293 555 9
243 264 2
41 973 8
489 102 12
930 679 24
757 691 9
536 732 13
157 305 26
754 101 24
