629 929 2
935 318 2
105 93 0
314 146 0
934 982 2
41 103 2

335 214 2
148 367 2
352 825 2
50 71 2
923 700 0
794 988 0

934 445 23
823 759 20
707 45 4
579 87 8
419 422 22
509 922 14
84 274 16
572 677 12
251 600 15
859 746 5
137 32 25
509 855 10
379 562 5
231 493 19
539 912 18
62 773 16
951 857 17
666 782 19
803 33 22
819 30 3
795 891 10
178 622 25
958 206 18
826 745 8
819 807 8
383 759 18
926 777 25
145 580 8
236 393 11
539 188 2
49 718 2
122 29 8
41 855 3
224 26 13
180 762 22
346 688 24
628 503 3
854 91 24
463 982 12
316 31 8
791 154 12
472 547 19
250 771 20
836 303 7
533 650 22
7 296 8
62 924 13
360 946 13
923 614 19
204 405 25
514 229 22
31 480 20
574 668 24
232 554 24
577 561 22
108 623 24
494 962 5
323 674 3
134 597 18
977 153 23
677 667 5
573 50 12
943 625 7
265 857 11
589 434 23
210 895 21
459 741 10
839 65 12
165 199 11
106 528 15
805 558 7
85 483 8
845 426 10
