814 21 2
869 396 2
435 790 2
115 619 2
421 568 0
964 384 0
867 941 2
884 39 0
348 276 2

326 462 2
763 629 0
870 850 2
542 285 1
29 400 2
55 173 1
183 489 2
143 357 0
236 241 1

586 942 26
811 795 4
306 583 5
459 118 19
532 850 22
402 436 14
901 997 9
509 600 20
654 411 15
731 837 18
913 495 26
268 955 20
314 188 8
109 942 22
846 196 19
203 411 4
943 272 4
288 926 18
76 10 5
392 923 25
643 191 7
661 303 13
293 969 26
774 78 19
44 276 15
663 831 3
191 126 2
670 414 4
641 586 14
747 243 10
286 536 5
12 663 10
329 59 14
194 723 22
822 266 26
723 288 17
902 202 10
739 843 23
506 160 24
464 446 12
744 458 25
455 140 12
442 686 10
964 861 3
613 584 16
29 838 20
639 577 14
835 780 26
966 638 13
988 102 11
824 654 12
547 378 20
330 398 12
694 585 19
407 891 12
141 142 11
686 318 17
723 479 17
447 700 6
31 247 9
200 408 18
558 90 16
846 136 2
913 607 3
131 859 14
207 621 13
724 68 13
653 100 10
961 652 20
246 674 8
199 645 26
44 776 13
31 618 11
688 177 9
176 901 3
12 906 5
447 219 9
643 599 21
929 795 7
703 41 6
437 240 3
847 668 26
408 709 5
591 885 8
897 697 9
