49 889 1
828 417 2
121 504 1
344 314 0
919 251 2

682 470 0
186 547 2
337 153 2
97 305 1
385 917 1

980 966 12
177 146 6
482 267 10
165 963 24
706 883 3
596 565 23
307 751 21
290 440 24
39 275 23
685 607 17
220 136 13
524 618 8
684 783 21
159 842 4
885 438 21
81 97 24
177 388 15
981 917 4
804 602 14
594 822 25
883 698 19
439 383 4
310 542 21
65 427 12
159 38 24
374 464 3
126 797 20
506 602 23
493 548 22
616 431 21
710 870 6
588 533 23
659 598 2
521 334 14
481 493 4
180 867 21
406 994 18
550 500 22
648 345 21
920 961 2
891 672 25
245 612 8
493 623 6
