24 571 0
652 962 1
922 400 0
631 229 1
712 536 2
238 790 0
590 582 1
292 51 0

752 813 0
325 854 1
53 878 0
87 530 1
186 804 0
760 787 1
366 499 0
450 737 0

867 680 13
585 324 15
449 77 3
994 402 7
526 456 12
628 895 17
45 81 23
863 841 12
549 361 26
638 166 7
53 967 11
929 313 14
659 839 22
971 820 17
461 217 25
459 432 19
233 596 17
365 565 17
447 619 9
521 560 16
891 531 11
508 345 4
558 156 13
123 945 8
220 662 23
836 109 17
770 68 18
370 589 5
810 832 13
898 251 19
512 53 22
820 659 8
76 134 5
303 543 3
671 313 22
939 684 11
830 267 13
591 518 16
508 30 22
186 926 18
182 511 6
327 450 17
414 569 13
333 400 8
296 343 26
511 851 6
131 29 8
528 58 19
1 164 9
17 698 21
347 378 21
64 792 16
628 477 18
459 125 11
160 636 14
891 119 20
472 882 12
331 762 20
375 764 11
907 781 11
951 480 14
798 897 8
214 525 10
382 336 13
893 496 24
255 387 19
998 211 3
264 176 15
198 480 20
863 278 17
16 119 3
934 724 3
335 384 22
851 764 14
482 380 18
247 930 23
