714 86 0
294 765 1
186 43 0
854 131 0
188 706 0

702 82 2
373 534 2
85 233 1
36 182 2
692 8 0

879 75 9
842 369 24
670 908 17
821 762 25
334 951 8
935 5 16
367 730 25
840 815 9
935 203 18
476 248 2
519 127 2
1 321 21
248 343 6
664 499 22
495 435 2
761 802 7
210 995 25
244 282 5
460 758 3
37 278 7
337 631 5
359 232 24
288 122 14
332 138 15
327 986 2
679 747 5
762 309 2
660 905 9
465 366 20
519 755 23
51 445 6
905 804 13
102 444 13
816 777 3
381 456 14
382 136 14
537 898 25
687 910 6
471 727 24
14 246 4
992 555 5
28 9 25
893 558 12
232 940 23
319 829 23
74 988 13
446 2 11
573 542 11
146 534 18
226 914 2
751 806 6
53 51 15
516 283 7
762 955 12
611 375 5
369 449 20
207 895 25
644 820 17
378 318 26
22 296 23
554 702 24
292 218 8
674 332 13
886 943 15
615 665 14
683 872 11
106 868 6
423 247 2
922 971 22
688 993 18
259 899 20
882 191 13
788 218 21
1 104 16
589 71 6
978 107 6
614 565 24
70 989 23
845 911 19
165 599 15
782 211 14
452 93 8
341 233 26
210 234 7
726 175 4
556 505 11
