488 250 2
686 863 0
679 580 0
755 686 0

972 250 1
712 701 1
412 497 1
178 879 0

134 115 5
488 603 8
471 641 23
63 321 4
485 428 17
302 400 19
990 112 20
927 876 20
22 55 24
91 307 25
522 148 3
203 619 20
99 35 18
928 520 21
443 822 23
560 165 12
731 92 13
751 115 20
298 806 18
905 250 3
980 772 26
307 975 20
627 74 7
620 355 2
41 150 2
862 63 17
499 146 11
12 897 3
933 195 10
674 452 10
75 433 9
976 92 9
497 71 10
52 691 17
480 84 18
730 298 6
497 797 2
35 94 21
520 769 23
255 196 8
762 525 2
244 22 23
504 74 16
120 554 25
238 636 25
67 485 22
394 194 9
266 229 3
908 356 23
917 118 23
17 714 22
541 218 21
107 690 3
406 928 14
