861 703 1
313 639 0
766 217 2
905 392 1
795 24 0
137 790 0
965 929 0
166 789 2

434 167 2
377 693 1
492 554 1
198 867 0
51 633 2
917 891 0
830 686 0
164 176 1

564 308 18
712 94 10
393 824 3
245 316 7
799 514 26
263 369 14
766 81 6
971 103 10
224 348 3
31 499 19
705 844 11
364 952 23
915 216 17
152 11 2
565 777 9
686 262 16
347 233 19
832 457 19
633 840 18
300 545 13
8 825 8
500 329 20
878 246 24
985 717 24
441 755 11
255 454 22
172 286 6
141 919 22
610 571 19
571 808 4
836 168 6
163 546 8
785 883 3
644 932 15
966 457 26
235 131 4
14 320 22
971 990 18
256 153 16
788 938 2
97 194 11
260 160 20
62 257 19
783 327 4
427 914 13
852 899 25
493 156 3
385 296 18
160 37 18
964 486 12
348 99 24
542 161 7
686 296 11
578 955 5
86 160 7
584 653 13
587 390 11
881 550 23
372 514 9
607 109 21
948 116 23
277 554 8
