879 697 0
637 394 1
895 267 0
496 500 1

328 161 0
270 112 2
964 477 2
850 748 2

200 292 14
287 456 14
125 687 11
61 324 7
140 219 24
758 67 26
715 395 14
850 18 26
287 982 3
645 185 3
806 25 3
643 502 15
177 916 14
457 56 10
756 882 2
668 732 20
45 20 4
898 17 14
500 911 2
745 717 4
447 713 8
187 242 24
252 700 7
535 408 24
590 516 8
40 185 17
508 582 14
662 480 6
2 980 17
727 726 12
181 525 25
489 712 19
362 964 19
994 852 5
441 442 21
122 482 8
888 342 15
25 4 23
532 6 3
949 85 6
84 618 8
727 822 12
221 816 14
124 258 6
852 972 7
743 350 14
114 882 22
817 831 8
247 268 3
553 552 11
924 631 8
260 853 25
447 329 10
429 225 19
244 430 17
402 173 17
564 287 24
84 104 7
42 703 25
619 609 3
655 533 11
162 793 16
837 593 21
122 22 23
139 618 5
481 20 3
821 584 17
395 21 24
801 63 2
474 34 11
52 690 22
614 204 15
28 41 8
124 515 7
798 654 26
901 136 23
530 309 8
797 705 6
169 858 19
597 684 6
633 737 21
203 351 25
567 731 18
875 856 8
558 654 14
859 555 2
