696 676 0
252 280 0
101 741 1
357 671 2
198 921 0
415 435 2
960 672 2
817 14 1

894 811 0
104 260 2
400 308 1
836 561 0
67 14 1
895 371 1
818 922 2
108 337 1

15 819 8
786 169 7
623 921 15
840 109 3
337 176 17
576 71 14
838 242 13
21 350 2
639 638 4
282 654 23
290 956 13
190 717 4
931 557 14
548 823 14
587 14 8
548 35 8
550 27 23
202 661 4
673 951 10
210 62 3
268 604 20
247 535 5
336 120 4
602 20 2
291 607 18
222 507 6
126 612 21
989 199 13
317 467 18
966 51 25
168 5 22
545 296 4
289 870 13
68 77 23
226 204 12
397 960 24
519 949 24
549 630 8
929 948 12
430 654 13
416 74 16
164 300 20
876 697 7
423 977 2
87 526 9
171 807 9
306 237 2
798 188 20
40 903 26
685 779 26
290 5 20
548 428 24
74 868 2
581 391 9
389 49 22
16 847 12
9 139 5
9 90 18
83 130 23
457 167 5
233 457 10
578 357 16
900 431 11
460 106 26
705 122 25
842 484 14
597 493 4
738 576 11
487 385 3
15 619 12
548 197 20
214 450 3
748 550 18
25 362 26
999 67 24
173 261 10
837 858 5
476 436 18
880 451 14
740 351 14
310 918 14
30 692 4
154 568 10
289 406 20
917 998 19
473 474 7
414 706 8
679 799 12
141 109 5
219 156 17
396 11 13
993 517 6
203 806 12
271 75 12
289 548 14
703 993 19
