462 443 0
347 777 2
59 937 1
932 230 2

114 901 1
751 87 2
214 947 0
498 772 0

103 497 8
383 650 20
171 112 14
541 870 7
540 154 12
629 268 13
660 20 25
746 586 25
579 84 22
708 540 21
635 446 10
899 150 21
940 691 18
622 584 22
182 565 16
995 225 11
895 324 24
743 255 10
364 315 25
185 481 23
305 468 21
888 367 21
635 659 15
251 281 26
22 815 16
413 810 17
824 706 18
821 449 23
254 165 13
228 351 21
476 8 15
523 248 9
367 883 21
607 135 4
431 509 20
821 922 7
977 525 7
838 753 8
532 582 18
47 105 17
930 824 25
824 432 12
703 215 23
46 36 20
552 176 18
115 255 14
480 232 15
11 422 20
244 307 4
838 706 11
328 636 11
53 812 20
266 516 10
987 914 24
631 818 25
724 934 8
89 766 17
627 129 17
270 726 26
200 564 7
445 297 8
88 563 26
299 551 16
898 534 11
673 610 22
56 699 14
672 326 18
414 949 21
463 149 10
218 735 4
314 181 2
223 621 17
647 272 18
338 170 2
848 196 15
643 252 14
557 924 18
601 690 19
370 153 18
704 724 5
633 38 11
860 613 8
651 261 5
992 951 3
220 799 24
58 795 26
947 352 3
163 305 18
