55 897 1
633 37 1
743 379 0
141 426 1
474 951 0
938 262 1

866 337 2
903 654 0
668 522 1
24 959 1
159 366 0
293 999 0

328 95 22
845 236 25
41 711 26
858 1 15
559 867 2
967 122 7
560 790 4
849 166 15
229 677 6
857 971 8
523 651 5
920 496 16
743 537 4
517 395 7
362 186 16
830 617 10
762 826 8
45 349 9
775 269 5
741 12 19
419 881 17
801 138 23
51 121 22
774 835 11
288 452 22
321 635 16
679 749 17
712 146 17
224 662 3
293 433 11
758 235 25
530 286 21
927 412 8
511 701 11
483 22 23
424 53 22
840 765 18
957 161 16
343 385 3
446 678 12
431 789 24
554 319 12
150 598 24
581 462 25
817 297 24
688 722 4
778 871 7
817 566 17
871 13 23
6 444 12
80 350 8
440 852 8
212 433 20
38 603 18
237 291 15
490 304 4
859 82 25
390 900 16
305 123 6
603 481 25
448 1 4
805 565 15
975 955 18
91 193 11
281 683 15
385 542 23
550 590 23
104 545 4
455 236 15
507 684 18
750 817 16
691 260 9
275 542 17
516 279 11
62 190 11
760 646 6
939 453 19
679 961 6
420 373 22
78 123 16
692 166 2
499 793 21
341 309 25
