296 728 0
560 172 1
798 74 0
165 255 0
683 512 2

254 105 1
767 152 2
408 512 0
437 245 0
955 610 1

588 258 2
646 171 25
226 969 24
170 134 4
130 817 18
724 71 24
872 190 3
341 598 16
191 388 11
194 343 23
691 283 7
917 281 3
667 859 24
139 29 8
219 159 2
859 460 15
413 801 16
127 992 4
711 230 9
618 305 5
776 876 16
90 663 17
629 142 11
908 932 25
530 644 5
787 887 2
678 834 18
77 452 25
857 229 4
796 332 20
675 834 20
662 924 11
154 905 5
639 813 13
662 695 9
915 834 21
585 590 12
160 447 16
807 271 9
253 285 8
714 792 13
669 431 3
557 445 23
89 712 8
861 731 21
818 668 13
228 180 10
867 145 7
782 623 10
272 202 13
151 505 6
697 323 26
833 552 6
768 771 26
651 314 6
595 797 16
530 269 9
544 893 11
707 364 5
230 867 10
836 565 11
110 750 13
917 871 9
516 522 26
772 326 16
938 274 15
727 804 9
161 701 5
797 408 19
78 991 11
863 179 3
418 427 24
869 200 2
983 138 26
246 217 8
130 378 11
908 527 21
402 605 14
764 469 19
690 441 13
719 427 22
