912 962 0
938 669 0
555 372 0
775 147 2
926 528 2
155 420 0
945 420 0
408 658 1

395 857 1
57 917 0
511 181 0
370 472 1
153 27 0
601 802 1
185 80 0
368 588 0

996 533 6
747 942 14
297 337 23
724 746 18
206 609 26
2 979 23
467 485 25
305 438 4
641 975 10
154 343 23
438 339 6
495 438 25
209 736 15
781 812 11
622 18 21
348 372 2
195 840 14
448 138 2
908 292 22
956 83 12
537 578 2
61 787 13
274 568 26
585 542 21
154 891 19
144 858 8
672 658 21
174 918 14
244 451 8
985 302 10
444 798 19
847 997 23
234 369 24
456 458 15
995 54 18
754 893 2
999 878 4
683 323 4
129 922 24
600 508 18
650 916 21
111 724 4
102 720 11
543 823 12
450 929 9
829 612 9
7 189 11
7 318 11
356 271 19
718 384 12
172 486 7
33 30 6
69 755 10
997 206 14
