223 524 1
571 555 2
754 769 0
330 531 0
106 895 2
984 5 0
78 240 0
929 64 0

788 563 2
161 345 0
2 568 2
988 492 0
929 246 1
284 928 0
704 34 0
218 370 2

523 449 6
639 730 22
651 518 11
676 679 8
103 33 26
406 22 20
617 951 18
867 510 3
631 33 2
407 675 3
743 351 9
424 454 18
119 830 20
782 888 24
788 107 11
165 90 21
342 77 20
485 4 4
328 382 16
361 665 3
469 799 18
868 588 2
777 105 17
423 447 21
86 77 12
636 243 26
627 971 20
895 839 10
87 391 14
981 132 14
711 570 18
22 704 10
41 692 4
90 395 20
994 346 22
562 973 19
282 220 8
920 558 3
534 621 25
225 643 5
536 36 24
738 127 19
81 121 17
278 35 17
95 670 12
104 612 2
81 320 6
449 592 16
302 126 13
726 703 8
206 239 20
378 329 24
298 762 20
563 41 7
154 488 4
964 592 17
617 673 14
338 777 9
451 503 12
207 709 4
352 440 8
624 738 23
369 301 14
150 807 2
952 772 22
158 939 22
189 277 25
346 80 5
559 640 17
11 992 7
144 969 22
40 338 25
329 840 8
107 145 7
477 864 23
95 564 17
598 822 14
163 185 7
520 681 26
615 74 16
272 862 2
952 691 18
725 916 18
437 11 10
779 106 25
202 56 24
264 572 11
671 92 17
47 60 18
