757 936 0
214 857 2
957 996 0
92 385 0
533 247 0

93 347 1
788 952 0
508 38 0
771 506 1
472 626 0

435 735 16
630 950 23
968 703 9
216 236 7
616 682 6
881 470 10
601 330 25
993 453 6
359 713 20
175 695 22
848 575 6
870 895 12
278 463 25
285 79 7
639 961 4
649 562 12
697 555 17
604 739 18
137 450 8
405 977 5
976 825 6
157 696 26
23 602 7
353 603 20
13 300 2
478 904 16
222 41 18
678 447 20
182 775 23
613 932 21
729 843 10
599 218 14
429 571 17
174 584 17
827 415 24
866 637 15
60 667 14
878 201 14
226 166 22
270 106 24
992 187 17
325 786 10
964 568 9
206 94 18
196 140 24
36 200 17
324 430 20
738 657 12
407 920 7
572 597 21
308 914 14
615 120 10
858 869 7
869 65 24
516 102 24
831 778 6
52 516 13
87 602 18
580 9 15
260 934 12
79 594 3
818 209 24
