424 294 1
369 952 1
727 284 1
161 638 1
344 777 1
61 893 2
161 113 1
833 639 1

79 406 0
35 610 1
710 386 1
504 756 0
61 483 0
124 996 1
850 340 0
402 402 0

450 563 25
594 396 14
798 828 21
745 863 8
336 574 20
221 430 26
410 491 11
236 968 7
699 818 23
940 572 2
672 969 15
261 120 20
905 217 9
512 554 10
505 127 17
606 890 8
770 177 24
43 117 21
70 543 21
869 734 5
603 598 11
263 455 14
353 61 6
287 603 9
188 725 11
260 121 4
257 191 24
628 204 16
969 907 19
782 776 5
813 732 3
461 701 21
767 988 24
199 528 25
809 141 21
888 398 14
510 378 20
51 700 2
524 647 13
577 397 8
7 978 24
180 177 3
801 578 19
834 491 24
859 912 9
13 788 6
133 803 14
715 811 17
990 343 21
441 125 10
503 827 24
276 39 11
883 52 24
489 952 17
493 437 20
355 504 6
547 494 24
916 287 24
976 24 2
615 455 21
46 959 25
968 235 14
803 470 17
117 804 8
261 159 12
215 58 7
865 975 21
287 303 21
988 918 26
34 964 10
907 285 22
820 88 17
137 865 6
112 596 22
674 163 5
