223 604 2
230 885 2
695 341 0
760 794 1
211 420 1
175 418 1

696 35 2
312 51 0
43 54 0
203 319 2
517 542 0
47 125 0

369 820 18
309 932 14
230 144 9
664 671 5
688 720 17
614 32 18
568 427 25
504 630 19
787 499 11
674 898 11
798 268 8
616 929 16
581 511 12
613 176 8
768 864 3
958 831 10
167 42 22
28 716 20
15 867 13
821 835 17
912 416 4
406 150 21
384 109 2
43 661 3
481 861 9
901 380 26
821 408 20
640 423 12
78 597 24
446 861 16
973 361 25
28 767 25
947 151 11
50 546 24
551 379 10
660 633 17
460 454 26
328 446 26
415 525 25
337 971 12
28 296 23
101 676 17
677 975 20
59 929 23
969 941 6
137 496 11
913 186 9
548 20 8
313 697 11
581 410 13
647 143 11
178 755 12
949 555 17
610 820 5
595 370 22
875 918 17
820 517 3
481 617 25
424 264 18
308 443 25
945 959 18
664 260 25
