701 276 1
836 777 2
594 35 1
572 854 1
308 348 2
988 597 1

466 126 1
45 171 2
74 67 0
561 723 2
700 776 1
732 612 1

77 559 6
705 131 13
763 132 10
222 598 13
885 996 12
631 422 6
700 983 5
213 683 8
3 767 23
275 196 7
229 253 15
742 58 7
603 174 17
414 396 17
514 264 12
394 964 20
997 178 4
80 533 23
776 808 20
31 390 23
770 484 9
652 440 8
667 854 6
985 908 15
946 423 4
34 817 21
752 166 24
506 246 9
28 23 20
746 406 12
451 829 11
359 848 17
664 833 26
954 132 24
156 166 18
675 918 9
724 425 7
402 903 14
239 972 15
