466 222 0
230 282 2
239 420 0
636 328 2
874 299 0
73 831 0
317 526 1

215 169 0
418 995 1
640 495 2
337 313 0
16 544 2
814 783 2
743 771 2

674 997 15
62 70 23
865 739 24
732 306 20
653 725 15
819 365 11
651 54 26
56 71 20
744 237 5
852 980 3
993 7 25
81 69 21
352 934 12
501 19 19
819 24 19
485 844 11
120 551 14
139 296 26
921 493 14
194 574 10
326 131 15
68 303 15
887 788 11
71 434 6
662 554 9
676 45 7
576 42 8
808 963 26
301 78 15
257 737 8
618 587 5
844 634 14
645 693 16
992 262 21
210 519 8
568 610 19
360 734 19
410 90 18
506 327 23
644 945 10
97 142 22
412 139 15
478 568 10
975 560 24
