977 732 0
411 742 1
698 680 2
997 664 0
755 750 0
536 433 1
308 583 2
729 710 2

261 456 1
944 639 0
191 616 0
241 27 2
400 78 2
434 427 2
248 182 2
98 718 0

143 378 2
688 107 12
990 17 7
421 208 25
585 802 5
490 202 8
780 988 12
734 588 19
439 687 14
929 182 19
706 223 26
841 677 24
784 19 16
14 441 25
564 26 2
142 868 6
554 526 24
593 807 9
10 513 7
887 354 9
484 138 3
99 504 19
251 915 18
950 3 4
411 910 6
910 855 13
592 218 2
431 941 22
33 392 3
427 18 24
200 269 15
841 700 8
483 2 13
860 765 25
764 28 8
476 620 26
701 470 8
632 901 26
54 286 21
680 266 11
295 107 11
717 802 8
15 567 11
873 395 6
597 96 26
130 80 5
957 135 16
176 468 7
765 148 23
624 796 5
535 124 22
801 841 2
832 209 19
891 82 14
922 32 12
424 162 17
827 471 4
516 999 22
624 765 21
645 741 17
126 629 18
773 614 21
917 505 3
91 555 25
159 734 23
713 603 23
384 227 15
555 872 6
522 998 12
613 899 17
392 590 13
969 46 20
929 490 25
404 1 10
351 714 13
712 5 14
516 527 15
654 493 14
869 391 11
51 784 3
737 105 2
907 386 19
633 791 22
741 494 13
804 791 14
94 503 21
608 371 26
121 25 19
885 247 10
322 298 21
348 387 3
125 647 15
392 280 8
12 373 2
699 177 20
