241 791 0
484 97 2
212 730 1
446 730 1
355 808 1
99 605 0
762 939 0
793 259 1
670 123 0

527 239 0
465 480 0
616 964 2
252 176 0
867 623 1
362 330 2
826 429 0
169 191 1
988 337 1

349 7 18
402 886 9
693 319 4
508 571 5
32 153 10
819 331 16
212 501 10
896 489 22
610 593 17
267 569 20
405 615 15
137 880 4
326 83 16
43 296 19
951 544 10
800 346 21
642 613 17
835 18 7
348 877 7
785 15 14
12 758 3
745 436 14
162 479 10
79 430 6
838 978 17
139 130 13
33 772 4
200 608 24
631 308 2
888 93 17
26 106 2
427 203 13
616 365 20
749 797 25
131 987 6
896 126 13
360 511 13
789 711 23
