545 615 2
727 211 1
49 720 1
281 264 2
170 418 0
939 149 2
815 298 1
616 766 1

747 84 0
845 411 2
713 309 0
197 388 1
335 437 0
826 718 2
130 240 0
302 180 0

164 995 16
780 963 7
521 710 19
193 907 5
521 817 4
56 504 17
311 330 12
182 812 3
472 466 10
263 630 7
352 762 21
851 180 16
907 82 13
271 603 6
24 660 12
566 323 20
826 506 7
712 945 6
93 297 21
789 856 6
547 60 14
861 967 21
500 238 24
604 262 11
559 359 18
15 38 23
289 103 18
193 548 17
219 236 10
406 98 4
27 598 18
251 554 7
136 822 13
696 382 22
762 397 12
158 686 15
851 231 15
391 15 14
227 800 14
395 403 20
178 891 17
141 587 26
111 349 23
823 859 11
639 710 18
2 903 14
55 647 6
344 297 4
83 876 6
772 624 9
15 802 26
432 943 13
780 581 24
367 220 12
799 630 14
428 974 13
830 57 17
736 829 16
45 196 18
894 628 13
170 712 25
582 897 23
898 696 3
212 124 4
664 394 15
746 686 18
659 369 6
330 894 26
