7 540 0
831 237 0
889 481 2
40 970 1
550 40 0
541 46 2

683 480 1
592 116 0
638 891 2
957 856 1
347 215 2
426 46 0

952 287 17
484 680 13
252 582 5
457 123 26
238 158 7
280 750 23
613 741 17
118 50 23
373 397 14
168 823 12
905 128 2
770 612 7
958 216 16
187 26 15
568 897 26
792 862 19
907 980 19
230 353 16
769 873 16
707 778 21
189 211 2
28 750 3
343 564 20
817 132 17
41 276 4
710 183 9
77 766 14
193 535 12
484 242 16
904 174 19
288 715 5
240 744 8
867 87 22
110 904 6
602 297 8
604 7 18
938 436 9
625 981 22
