919 992 0
323 981 0
932 422 0
797 79 0
783 279 0

626 149 2
292 356 2
17 39 2
507 722 1
749 394 0

830 988 3
869 272 2
147 69 6
759 205 10
648 831 12
179 475 20
863 492 12
409 100 6
359 908 21
654 738 10
332 107 4
813 218 9
221 866 17
483 397 19
102 612 11
112 913 14
196 674 15
172 688 15
62 654 9
889 467 4
273 40 20
488 876 19
882 330 6
416 442 21
654 990 21
344 18 7
294 190 22
982 847 19
982 909 23
441 799 17
118 72 9
13 913 12
305 795 17
562 564 11
731 570 2
927 914 22
157 208 14
427 542 11
19 877 20
617 318 21
34 789 21
844 154 11
529 460 6
545 374 22
354 457 17
506 385 8
676 894 18
740 322 11
299 693 15
387 697 24
431 541 4
197 968 15
569 674 24
512 533 9
368 209 4
96 601 21
636 369 9
494 109 7
