286 556 1
769 642 1
819 228 2
170 221 0
955 171 1
454 11 2
584 391 0
181 873 1
76 602 1

872 799 0
168 437 0
681 558 1
268 377 2
697 547 0
896 854 0
351 660 1
15 244 1
30 777 1

440 206 20
484 78 21
344 598 9
761 280 19
525 900 22
165 597 21
378 845 3
115 549 13
215 564 8
706 946 12
775 387 18
93 871 22
915 567 20
174 681 2
633 101 22
805 491 11
682 711 23
723 144 4
826 682 25
525 667 4
422 953 21
892 499 14
292 182 26
563 836 4
401 61 7
273 785 26
524 131 11
427 66 20
174 958 21
186 602 5
262 165 17
965 567 5
556 45 19
609 98 7
968 622 15
879 402 7
797 576 17
919 114 20
714 694 4
268 866 23
958 389 18
612 945 13
754 907 14
47 106 15
354 904 16
620 175 6
488 397 10
873 112 4
826 380 20
65 302 8
502 56 15
389 567 17
602 615 24
866 321 5
57 941 5
363 781 4
46 655 16
423 833 23
18 507 14
354 573 18
636 427 25
592 770 11
466 636 8
596 694 24
901 57 8
603 456 13
905 956 5
149 592 7
97 121 25
316 713 21
151 531 9
307 127 3
756 28 13
987 983 21
875 327 13
730 476 5
661 925 3
111 242 16
980 393 24
838 52 3
741 808 6
823 21 20
176 318 17
778 545 22
897 288 3
873 400 20
563 732 15
487 922 19
539 16 2
970 422 25
385 598 22
554 774 17
496 904 14
118 946 16
593 716 7
