614 798 0
748 628 1
634 384 0
994 919 2
367 134 2
826 511 1
58 859 2
423 266 1

829 331 2
29 410 2
776 24 1
209 773 1
763 407 1
168 401 0
983 120 0
846 298 2

369 708 25
842 131 19
697 470 12
683 680 12
297 795 19
647 963 22
916 946 19
586 513 25
712 356 8
104 498 20
531 360 14
527 445 19
514 94 14
556 741 2
703 9 25
322 681 20
887 620 8
512 684 14
620 140 14
688 671 2
803 688 12
388 567 9
769 989 21
144 44 5
987 253 9
358 737 8
896 778 4
146 933 18
158 673 12
615 30 19
518 799 10
162 295 5
167 464 21
854 452 2
504 481 9
790 875 22
887 870 24
599 552 10
397 920 10
717 776 19
961 554 24
81 187 9
874 230 12
49 470 7
671 191 19
292 142 21
25 689 4
