324 977 2
79 752 2
237 488 1
733 564 0
441 840 0
109 475 2
617 689 0
976 331 2

471 977 1
848 652 2
170 976 0
597 407 1
399 996 1
348 730 0
588 171 2
849 633 2

387 602 11
360 578 19
58 401 22
66 601 26
483 771 4
228 721 11
78 120 9
670 761 13
889 119 5
809 186 7
733 21 5
337 249 26
355 447 22
93 118 8
354 883 18
96 165 3
523 54 25
704 215 11
39 637 8
413 341 12
14 492 18
657 92 14
649 540 4
702 416 11
227 120 26
938 606 2
670 645 14
652 959 25
17 372 16
477 57 4
408 71 21
926 80 13
663 81 5
226 363 16
751 302 22
576 972 20
38 976 6
627 823 13
906 583 12
325 509 17
188 524 26
592 89 12
411 668 2
703 419 4
600 995 4
143 33 7
998 872 3
577 851 26
565 758 9
625 83 20
118 272 19
44 216 10
754 627 3
179 330 22
259 931 17
663 426 3
43 424 25
769 353 3
802 896 22
147 366 21
664 410 12
975 516 14
817 13 8
467 135 11
969 805 7
580 608 6
275 107 22
594 772 10
489 699 6
617 91 3
