456 518 0
283 358 1
645 418 2
873 903 2

641 598 1
23 391 1
699 493 1
672 739 1

140 892 11
104 892 14
191 700 9
865 983 20
832 980 13
771 206 18
113 847 19
699 223 12
180 922 5
600 946 19
507 87 14
368 543 8
830 86 8
515 951 18
558 135 24
371 907 5
88 20 4
755 72 2
517 604 2
420 204 23
63 63 12
302 432 8
433 614 19
616 481 23
782 39 10
929 763 17
282 851 15
187 958 14
962 475 18
364 247 25
713 310 15
148 612 24
479 397 16
249 13 22
322 796 12
530 77 2
486 899 13
398 213 15
914 578 12
339 291 25
828 791 14
452 623 12
691 872 2
412 194 23
524 724 3
399 722 15
477 208 14
80 225 7
542 564 23
315 744 15
405 197 15
892 240 14
392 652 8
41 528 9
767 279 9
205 108 19
542 973 3
444 405 3
925 948 19
48 615 14
963 20 13
501 264 3
263 657 8
571 698 13
604 465 18
63 670 26
730 564 2
708 8 7
559 285 7
191 297 20
604 799 10
257 62 19
915 986 17
102 942 7
568 5 4
142 87 18
42 796 3
700 355 14
305 34 25
878 577 22
824 181 23
34 791 13
901 706 24
818 808 16
200 376 21
252 871 8
