23 803 0
996 545 2
543 941 0
701 981 2
739 648 2
566 38 1
674 552 1
570 916 0
431 161 2

927 353 1
681 376 1
711 724 2
633 267 0
582 320 1
111 60 0
37 626 1
509 652 2
783 222 0

482 6 22
258 933 25
349 745 4
277 741 6
286 223 14
808 482 24
683 916 13
262 264 3
858 17 25
774 920 7
704 158 11
310 436 2
491 74 3
678 882 10
502 565 3
940 851 6
56 114 21
834 972 15
858 746 11
238 848 7
67 552 16
503 214 4
82 736 12
317 591 4
468 531 5
947 587 19
43 422 16
157 280 14
191 870 12
198 937 16
12 441 6
966 474 14
904 873 20
410 640 14
319 193 18
533 736 15
244 934 3
210 299 21
391 265 20
958 164 3
876 248 21
326 10 11
527 235 17
619 769 3
535 575 12
801 949 14
227 259 6
878 136 4
222 462 14
559 530 3
931 58 14
150 961 25
738 497 2
625 780 21
