522 582 1
660 762 1
459 87 2
943 939 1
18 338 1

170 100 0
958 798 2
644 317 2
67 363 1
216 833 2

546 707 11
532 178 12
111 121 2
356 492 17
448 662 17
344 620 16
85 36 23
426 604 9
730 150 16
616 560 11
265 92 14
352 555 13
379 912 7
97 712 19
562 56 16
826 536 9
111 621 20
408 399 24
242 129 2
431 745 12
692 362 4
450 895 13
517 458 19
908 636 5
915 748 3
311 508 2
310 750 8
460 533 4
522 226 18
325 710 12
35 755 11
9 205 6
695 74 16
789 982 5
420 249 5
671 912 15
674 223 15
805 35 25
34 558 26
978 235 13
988 622 18
797 631 25
854 678 24
720 819 8
575 239 8
530 263 22
305 129 18
981 459 3
368 447 25
861 597 8
560 803 13
332 875 7
791 451 22
499 981 10
119 975 24
315 533 18
898 190 24
39 172 8
415 892 8
765 105 5
746 665 8
757 350 8
939 493 11
9 992 18
694 111 20
737 676 19
286 715 18
943 482 12
751 247 17
804 345 10
12 102 12
630 403 22
498 450 10
341 470 14
69 207 17
636 494 10
79 789 17
414 540 17
