938 995 2
409 149 0
244 690 1
862 721 0
607 896 0
330 692 0
539 655 1
886 824 0
138 702 0

751 412 0
995 350 0
990 111 2
419 355 2
753 570 0
702 177 0
406 859 0
578 398 1
88 637 1

572 775 12
134 879 26
337 874 26
887 216 12
976 741 15
87 443 19
447 201 3
499 779 4
910 219 16
794 792 18
731 278 22
81 967 23
132 854 15
943 441 2
813 418 18
253 857 14
870 304 15
346 155 22
573 66 16
789 212 10
781 943 15
651 376 7
100 509 12
765 804 5
686 438 20
208 364 13
483 934 20
129 38 6
114 803 10
245 220 4
793 679 24
199 327 16
614 14 6
832 574 20
820 524 24
668 360 10
163 7 23
683 488 11
64 955 16
897 200 14
51 993 18
75 545 23
839 159 14
746 343 13
88 183 23
430 446 25
848 366 4
635 112 22
348 777 12
234 217 22
832 664 20
437 760 2
883 542 26
283 813 24
884 499 23
830 278 23
321 126 15
323 113 2
20 461 6
232 48 24
900 553 17
174 836 8
496 720 7
917 550 10
514 223 13
829 546 3
904 918 16
883 129 22
872 102 22
964 628 8
222 124 6
14 259 5
175 88 3
153 345 24
593 806 24
432 689 6
504 714 8
894 586 10
189 903 15
673 477 14
877 457 9
983 471 19
313 999 9
190 152 4
689 97 10
986 882 26
117 386 16
533 174 9
68 708 17
612 21 16
596 563 21
