931 528 0
920 330 0
257 421 1
617 673 2
993 199 1
653 671 1
534 222 1

363 83 0
160 327 2
192 531 2
543 463 1
913 735 1
106 345 1
581 962 0

40 313 18
886 847 17
346 211 26
486 723 3
238 267 9
2 811 24
647 76 12
621 535 7
17 116 21
437 298 4
409 338 20
700 576 19
866 409 5
142 999 23
302 2 11
276 649 14
338 270 24
393 639 16
115 429 14
144 838 4
487 890 6
30 807 4
135 674 15
964 816 15
412 470 19
671 99 18
710 437 15
933 183 7
272 298 13
261 794 26
844 312 25
23 799 24
612 763 18
552 527 15
494 550 14
437 261 2
2 194 10
207 818 10
193 431 4
369 371 11
435 568 25
309 591 25
924 107 18
463 601 18
527 393 25
137 952 20
45 498 26
100 219 25
84 655 18
885 876 15
448 801 24
891 616 3
885 68 18
139 596 13
910 131 14
312 231 8
85 667 15
426 752 8
710 989 10
550 790 13
498 681 4
751 918 24
42 410 20
420 612 12
907 924 20
965 9 12
679 787 17
412 850 6
670 400 21
81 250 5
460 1 23
908 396 10
303 827 10
784 247 23
396 506 24
102 150 23
717 563 23
673 585 26
420 19 26
7 43 5
817 179 2
240 576 8
588 815 6
297 917 9
793 986 24
492 12 9
591 784 3
292 336 10
446 593 21
724 411 26
601 3 2
984 591 17
839 240 12
548 386 25
820 878 14
677 469 23
966 109 21
765 555 14
960 632 2
