244 12 1
201 99 1
56 626 0
847 555 2
847 774 2
781 350 2
900 725 2
811 862 0
265 272 2

188 376 2
476 972 2
621 173 1
187 229 2
558 429 1
740 628 1
850 761 0
988 13 1
749 177 2

932 442 6
152 630 7
73 458 4
359 79 5
755 528 15
14 471 7
409 459 20
529 561 22
511 493 14
766 997 21
748 422 4
703 782 10
183 526 6
892 634 9
383 308 5
501 322 26
733 84 10
627 613 23
49 125 16
914 243 15
65 398 22
154 474 9
389 209 17
866 444 26
651 423 16
350 824 18
541 738 11
730 499 7
693 916 5
438 716 12
413 871 13
671 260 22
236 152 7
504 373 3
794 75 3
560 617 18
627 392 10
82 182 2
278 618 10
350 207 14
781 35 11
359 540 11
361 686 12
539 246 4
455 520 5
258 582 6
10 349 26
633 980 22
868 330 4
255 463 14
716 823 6
551 536 17
813 75 16
340 882 11
270 457 11
744 430 17
617 932 7
559 256 20
6 972 10
495 664 20
856 934 4
365 174 22
456 270 5
249 818 19
21 435 3
828 682 18
99 241 2
526 362 9
934 857 23
577 714 10
382 431 9
254 888 7
557 137 2
924 510 14
119 790 12
271 982 19
231 860 6
515 795 16
463 724 7
346 106 15
756 713 3
788 270 17
627 475 21
947 946 11
859 218 20
776 801 6
408 316 3
156 830 13
