899 23 0
592 246 1
762 0 1
630 281 0
937 124 1
812 435 1

354 510 1
91 710 2
609 99 2
387 538 1
804 437 0
926 30 1

504 144 11
116 126 19
95 63 18
18 876 3
71 582 15
278 25 25
779 634 2
573 373 15
109 177 5
373 103 10
882 959 6
392 75 8
534 170 21
153 541 24
206 612 6
770 890 6
395 22 18
120 595 16
736 57 21
224 664 11
803 56 13
509 943 9
279 96 2
276 302 14
208 424 6
164 820 3
107 292 24
72 28 6
918 817 11
128 197 9
465 706 4
324 985 25
724 614 4
736 822 6
990 338 26
619 446 20
491 870 26
772 788 20
131 7 14
506 136 11
290 601 17
17 277 5
192 1 21
22 89 20
276 431 8
702 50 4
871 313 14
140 796 22
802 655 10
578 667 15
833 859 16
702 881 5
745 509 11
127 211 14
954 984 5
4 855 21
193 995 19
38 149 26
723 162 24
9 741 16
572 574 2
488 277 11
493 374 20
930 501 7
417 808 16
