969 144 1
864 330 0
979 296 0
375 72 0
919 387 2
989 504 1
561 178 1
83 195 2

437 307 2
334 537 1
827 506 0
771 722 1
506 53 1
738 780 2
640 52 0
436 41 0

368 955 18
154 827 22
302 161 12
745 111 20
721 617 25
993 707 6
338 347 8
70 136 26
658 504 8
424 854 23
737 8 25
710 663 13
572 114 4
940 211 15
735 932 10
584 926 17
213 616 17
246 687 3
672 697 7
54 122 12
825 211 20
535 845 25
903 873 21
436 457 24
28 22 15
968 620 4
44 293 2
625 347 26
412 524 14
855 948 13
314 836 10
239 823 25
796 866 8
143 895 8
459 215 3
161 237 20
687 1 20
425 208 18
788 874 4
695 841 10
619 637 2
