304 661 1
884 506 2
648 964 2
54 638 0
358 618 0

308 969 0
707 769 2
815 614 0
503 955 1
447 635 0

782 291 4
977 528 11
998 176 2
615 582 16
574 601 6
336 308 25
446 475 16
864 978 24
572 425 9
163 207 2
768 536 5
527 534 6
954 149 16
668 834 7
353 760 10
7 449 18
782 895 18
524 759 23
221 684 25
905 199 7
880 967 20
384 846 4
415 801 5
29 821 14
936 174 2
444 533 26
612 668 23
255 192 7
876 765 18
231 902 12
724 638 11
103 54 12
632 435 10
346 724 10
173 168 20
97 781 13
268 36 5
551 265 20
869 891 17
387 123 20
225 199 10
909 303 16
746 287 2
404 985 26
589 159 21
694 229 16
625 780 8
968 1 24
686 389 24
954 614 24
212 523 4
877 621 18
329 25 5
505 615 14
849 923 25
193 594 9
698 601 26
548 555 15
597 119 15
949 348 11
292 29 14
620 534 4
460 736 4
908 415 23
937 960 20
204 686 11
756 234 18
569 831 14
610 132 15
919 424 19
958 397 6
260 209 17
189 469 9
88 406 19
581 152 5
702 464 3
618 386 9
445 267 18
915 226 17
919 838 3
659 380 22
166 468 3
985 401 5
