729 836 2
494 308 0
159 430 2
162 234 0
362 309 0
360 155 2
625 171 2

927 700 1
846 39 1
232 804 2
176 534 0
936 28 0
85 540 1
976 702 2

249 416 20
694 128 3
511 753 24
212 32 25
827 879 16
412 463 23
711 639 7
846 927 12
289 13 4
973 590 25
93 637 4
721 148 9
169 712 19
669 540 25
208 952 13
486 213 7
449 854 22
951 368 13
508 693 3
834 787 15
288 508 15
439 698 20
262 259 24
548 515 15
178 2 3
383 451 8
216 615 22
717 449 11
208 89 21
198 936 26
901 376 26
144 638 12
692 539 3
607 717 7
735 452 10
366 757 14
70 973 4
115 42 5
299 602 19
695 153 8
769 54 9
246 551 22
981 595 13
189 937 9
597 656 16
112 726 14
889 193 9
820 844 11
839 539 14
795 661 21
450 592 17
242 718 8
624 316 16
228 669 12
735 489 6
197 681 23
459 476 9
128 956 20
348 406 12
515 69 14
543 640 26
857 756 6
250 336 25
187 72 17
617 621 23
290 80 26
217 909 15
402 777 12
117 661 25
550 556 17
651 414 25
180 16 12
730 203 11
770 172 7
843 462 12
393 86 23
250 655 10
514 410 12
899 429 7
240 80 23
40 612 14
825 342 19
34 113 17
216 308 4
127 53 18
950 304 23
35 170 10
897 369 14
421 620 18
853 212 25
51 253 12
265 78 5
