357 291 1
741 200 0
625 82 0
205 759 2
946 517 0
387 890 1
140 487 2

597 10 1
715 56 0
56 301 1
838 10 2
827 751 1
675 376 1
650 581 1

903 880 17
727 267 9
473 759 21
924 423 17
171 831 20
506 21 6
483 200 9
13 875 13
625 525 21
996 780 3
588 508 20
817 321 21
210 179 18
614 662 20
474 676 21
710 653 21
879 650 4
281 590 14
301 661 22
433 54 22
272 130 21
535 947 17
450 476 11
118 950 14
662 12 17
84 892 19
447 963 4
67 236 12
836 123 11
279 457 21
900 907 23
536 378 23
200 392 11
166 828 5
485 466 7
395 166 12
967 613 26
944 680 14
756 869 12
516 148 20
785 400 4
883 289 7
993 655 5
298 493 22
128 888 13
840 855 2
516 152 9
413 797 20
896 729 9
123 722 17
987 209 10
969 990 20
524 467 11
628 232 10
21 480 15
256 603 12
146 782 10
529 778 10
152 815 3
983 802 13
318 772 3
562 945 11
220 450 14
303 471 20
116 727 25
4 225 7
912 106 13
774 594 8
437 265 7
90 827 2
549 113 23
179 685 23
41 988 22
736 457 26
387 461 2
382 397 21
761 523 16
942 960 6
247 402 10
849 303 25
794 876 25
139 964 7
