112 158 0
348 626 1
45 150 2
529 803 1
91 312 0

338 318 0
815 142 0
242 180 1
737 166 1
547 86 2

861 551 16
615 251 18
544 648 20
281 529 23
659 125 23
673 720 6
595 809 24
533 357 13
414 218 14
453 833 17
471 729 15
639 363 21
963 680 16
599 10 26
553 669 4
1 694 26
982 289 10
482 174 17
68 940 11
557 394 19
297 217 26
306 172 19
98 28 26
775 29 20
876 364 12
435 198 11
804 824 15
853 213 26
617 871 25
709 418 23
812 868 26
936 996 8
106 872 24
566 307 22
201 10 15
128 846 15
449 2 16
339 207 4
439 824 25
414 534 20
161 346 13
287 634 9
443 92 7
425 340 23
640 141 25
679 480 8
283 271 7
406 686 16
299 199 14
61 486 25
170 930 18
800 597 4
90 687 16
741 464 8
887 105 24
392 772 3
572 178 14
639 830 13
403 243 26
802 413 8
645 566 6
147 8 20
