36 799 1
474 96 2
762 454 1
730 798 2
255 426 0
962 809 1
455 782 2
15 155 1

298 291 0
175 456 1
427 844 0
556 318 0
97 432 1
323 163 0
938 770 1
848 85 0

98 540 10
142 556 17
601 854 9
981 381 15
244 160 11
658 716 4
168 165 11
484 489 26
598 779 24
490 627 9
191 725 24
26 219 7
389 749 5
323 407 24
575 575 14
611 59 3
163 9 7
485 499 11
892 690 13
191 717 7
47 734 4
551 774 9
179 24 17
368 987 4
695 150 13
152 987 15
589 879 5
750 71 24
131 118 10
683 578 20
549 989 18
116 520 19
258 888 7
460 935 9
24 440 22
87 29 3
192 779 24
367 262 19
921 39 7
340 940 23
857 408 18
101 667 8
981 479 21
716 503 11
86 942 15
39 487 21
206 129 7
834 743 16
82 952 24
507 387 21
451 455 26
835 893 21
600 932 8
144 644 12
951 203 18
905 21 14
694 103 18
891 954 23
452 912 15
478 547 12
665 851 17
982 259 2
867 858 3
633 102 7
804 210 20
715 14 7
80 17 8
339 867 9
530 697 7
717 363 8
108 697 19
685 750 9
283 617 19
336 602 21
344 406 6
545 554 15
376 245 7
611 775 4
393 492 19
26 952 16
918 989 16
327 624 10
595 961 12
964 305 21
489 14 25
452 391 20
634 354 20
162 99 15
756 125 19
696 395 11
385 75 10
396 670 23
656 986 5
675 882 25
168 372 14
566 176 5
562 163 11
332 677 10
947 433 12
