929 924 2
22 701 0
544 489 0
340 727 0
754 668 2

886 261 0
797 207 0
488 9 2
286 58 0
141 991 1

675 272 7
84 295 8
640 839 24
855 531 4
341 637 22
620 524 8
90 321 17
559 810 2
441 448 12
241 617 3
598 701 25
204 549 22
127 214 11
151 567 19
628 9 20
515 168 12
394 409 6
898 360 10
696 17 3
686 221 4
558 405 24
68 884 15
102 919 22
162 70 14
679 50 25
349 566 19
609 312 5
191 210 15
474 259 7
802 945 6
680 855 11
504 276 20
542 730 14
589 892 12
204 572 14
827 273 5
619 883 20
525 426 7
438 900 16
225 734 19
134 590 20
279 133 25
991 722 18
478 926 17
16 106 15
471 725 25
239 250 26
922 41 3
511 762 6
398 339 17
140 825 8
510 104 18
258 447 17
251 926 21
816 294 2
7 765 4
80 357 7
683 142 12
489 540 3
513 542 7
481 801 4
171 404 7
492 221 26
567 580 19
72 660 3
827 592 9
975 276 26
885 117 17
838 499 24
146 845 20
123 369 24
731 861 22
632 781 2
299 853 13
34 7 10
184 244 3
226 82 2
300 346 17
335 967 8
158 698 20
553 683 26
881 982 4
