986 483 1
354 936 0
746 317 1
222 80 0

804 319 0
82 887 0
443 954 0
55 71 0

690 177 16
336 998 23
498 337 9
111 691 20
984 789 12
497 364 20
400 168 16
546 602 3
130 46 9
436 453 6
986 144 10
753 480 11
151 330 23
33 794 16
851 130 6
339 627 20
259 379 15
498 277 19
976 408 15
409 196 21
265 535 15
298 640 22
34 791 4
755 177 23
520 380 3
426 71 7
486 180 16
878 157 26
669 918 23
913 183 10
653 833 25
873 868 18
775 623 20
824 495 26
650 273 24
993 807 12
807 686 21
382 707 14
153 972 24
163 625 10
461 850 3
902 977 3
873 801 26
224 452 24
646 260 21
751 253 3
831 794 23
896 299 20
495 462 22
928 923 22
581 178 2
210 403 3
686 627 7
435 273 17
154 25 22
33 414 8
949 597 4
573 845 4
168 341 16
389 621 17
811 555 22
765 155 2
