214 377 0
392 650 2
566 184 2
906 217 0
751 579 0
872 107 2
733 860 2
345 166 2

718 587 2
864 235 0
351 801 0
801 193 0
219 112 1
618 18 0
133 769 2
8 993 0

455 142 26
696 6 13
81 709 14
547 862 10
664 82 22
668 52 15
988 545 4
665 314 4
601 121 21
475 817 4
551 797 3
631 482 14
569 372 26
980 712 22
32 609 15
163 274 6
717 227 2
413 55 21
115 992 21
230 543 20
916 886 20
28 808 17
30 788 5
190 688 17
469 405 20
869 818 25
438 285 19
609 515 14
929 724 21
63 640 8
31 21 18
724 51 8
129 628 8
495 170 21
135 639 26
630 650 8
412 540 25
181 604 15
189 987 13
357 63 14
795 687 14
243 530 15
721 410 3
970 822 19
943 356 23
909 545 12
895 903 26
285 569 20
654 716 10
842 33 10
372 277 15
803 690 16
455 13 13
647 956 19
481 750 14
360 246 16
318 971 20
512 537 4
276 992 17
862 639 26
997 717 8
92 550 8
784 135 11
550 805 7
593 964 18
605 828 6
660 104 25
375 966 17
751 475 3
51 916 21
860 672 23
721 457 11
532 7 18
963 953 9
831 558 12
284 946 10
674 697 10
96 446 3
892 306 26
815 379 10
226 911 17
443 226 22
975 58 6
336 295 26
935 605 22
194 808 16
629 256 14
