438 46 0
90 621 1
460 141 1
279 747 0
270 283 2
476 748 1
696 666 1
674 415 2

757 412 0
269 985 2
27 775 0
740 866 0
995 678 2
809 957 1
253 228 1
504 56 0

556 752 20
544 778 10
821 535 22
650 157 8
133 184 10
15 924 26
165 271 7
161 433 14
905 686 19
283 542 3
58 451 5
59 168 23
637 952 16
371 319 15
322 485 14
952 998 22
892 255 10
411 539 4
987 597 5
668 800 2
127 859 21
473 890 15
977 880 19
368 603 14
684 277 26
271 582 26
643 474 7
53 885 21
5 873 20
430 845 23
520 174 5
915 543 10
629 227 13
180 498 20
729 493 21
886 546 6
582 551 6
227 664 24
672 176 21
328 958 17
227 831 18
5 98 11
739 727 13
102 907 13
695 988 8
114 875 4
74 709 25
221 38 9
379 622 15
89 713 17
377 815 26
516 510 16
147 976 18
677 747 26
110 751 13
207 825 24
481 398 12
