615 587 2
153 629 0
919 863 1
468 74 0
162 720 0
533 306 0
262 462 0
141 338 1
93 537 0

113 415 0
944 30 2
887 535 0
666 455 1
384 275 2
137 789 0
972 323 2
161 937 0
30 431 2

423 876 5
184 286 26
172 173 11
142 191 16
975 576 19
234 65 8
566 389 8
656 932 4
446 707 5
774 843 21
518 380 9
305 46 26
422 21 4
814 608 21
995 174 12
852 730 15
998 386 24
927 184 7
380 959 2
526 829 7
311 825 12
268 130 8
769 552 7
198 366 15
692 714 14
418 916 9
840 195 18
322 575 4
353 764 10
963 385 18
972 154 20
2 353 14
640 397 3
804 677 21
682 288 9
498 962 11
978 610 16
286 316 8
772 631 18
388 955 24
908 957 4
795 597 4
748 753 6
619 803 4
406 485 19
740 336 6
1 314 19
716 952 12
547 724 20
837 373 8
648 888 17
302 647 2
244 739 15
501 741 6
255 356 10
599 660 23
383 925 20
764 719 14
250 720 5
540 22 2
668 619 18
261 192 18
695 799 24
853 924 22
828 524 8
45 23 7
560 518 26
937 186 20
54 669 17
263 282 11
930 977 10
304 183 10
150 11 11
656 540 20
439 585 18
294 119 18
221 32 11
484 639 3
68 921 6
