959 744 0
653 204 2
161 161 2
284 61 1
561 228 1

68 950 2
771 963 1
527 724 1
977 900 1
125 346 0

791 658 16
407 311 21
969 824 7
79 108 21
53 669 24
27 89 26
781 860 16
402 388 15
723 717 18
778 842 14
513 392 10
457 713 9
914 145 19
433 550 15
532 577 5
946 112 5
386 188 23
727 318 17
415 91 3
760 604 22
121 413 11
953 680 8
246 113 8
559 998 10
581 616 23
654 343 18
570 110 10
823 223 16
820 344 7
531 297 12
387 895 2
793 455 25
129 769 9
175 699 13
685 281 4
384 935 25
400 857 10
925 501 2
755 384 2
265 772 22
592 565 4
918 46 26
175 221 25
116 643 21
914 43 3
174 904 11
306 829 14
133 584 23
631 793 13
810 711 9
759 886 8
760 900 17
41 16 12
610 930 5
37 456 9
848 114 13
160 248 24
856 858 25
677 841 19
415 652 7
199 763 21
557 523 21
174 565 12
434 527 19
738 564 25
297 764 15
