943 705 2
494 417 2
461 800 0
752 598 1
511 641 2
22 205 1
584 35 1
521 6 0

947 856 2
794 461 1
292 756 0
737 250 0
560 64 2
45 816 0
544 679 2
234 701 1

490 286 23
772 807 4
530 900 25
217 192 6
961 281 9
122 194 23
84 239 14
348 783 18
901 18 19
157 984 14
662 595 20
374 126 21
829 657 24
361 131 18
957 215 9
721 915 20
812 816 15
957 180 25
387 337 11
977 351 6
916 274 5
57 103 14
831 817 20
349 12 22
62 969 2
401 6 19
383 275 20
413 332 25
452 163 17
271 962 19
9 968 17
662 318 4
132 732 26
134 720 10
329 166 11
179 619 26
847 242 13
289 603 9
931 265 2
585 750 11
561 884 6
265 579 21
643 865 24
647 546 18
632 726 14
483 573 8
945 214 13
727 497 3
179 434 5
363 996 17
620 242 4
845 508 9
139 150 23
357 134 24
329 915 15
718 173 21
472 888 19
814 860 12
866 57 20
498 849 23
348 340 25
744 49 10
218 595 5
617 276 20
230 991 14
692 709 12
588 533 2
481 347 13
616 214 22
109 412 13
892 78 9
645 47 10
313 629 26
975 321 13
162 262 21
238 95 21
418 135 16
656 244 26
592 137 5
474 134 4
985 448 9
134 775 7
794 528 14
238 406 2
248 629 3
322 399 15
161 56 10
861 0 24
520 811 8
327 298 9
808 995 24
902 789 4
92 27 12
344 275 18
271 950 20
36 111 3
694 324 3
