502 882 2
861 441 0
258 594 0
817 378 1
715 444 2

269 896 2
126 480 2
376 274 2
838 313 0
548 997 1

317 851 4
238 712 20
952 323 16
587 140 22
27 208 18
400 477 16
417 603 22
433 331 23
393 169 12
221 70 11
243 977 26
680 869 17
616 648 2
231 65 7
678 498 15
434 465 5
170 608 19
405 851 21
705 692 3
679 372 22
794 974 20
469 590 18
621 173 10
376 203 11
815 603 5
805 912 6
574 317 9
968 374 26
996 54 25
893 848 24
686 670 17
479 291 17
338 20 21
399 187 26
704 962 17
474 119 4
853 693 24
788 13 23
62 10 2
413 903 3
385 942 23
300 421 14
93 111 9
737 510 21
688 214 10
380 41 6
633 246 24
555 34 13
203 449 25
457 247 20
678 900 19
427 82 18
498 770 9
884 150 2
388 135 24
586 42 8
149 246 7
722 152 19
198 609 19
969 639 19
161 181 14
816 960 21
334 459 18
419 343 20
544 731 6
916 669 25
675 818 23
530 540 25
