947 80 1
62 58 2
250 771 1
357 335 2
385 952 2
60 499 0
328 285 0
947 916 1
245 166 0

762 218 2
519 166 1
790 580 0
786 831 0
899 540 0
94 277 0
319 337 0
551 665 1
256 964 2

340 210 5
475 324 25
679 843 16
315 986 24
361 124 7
179 23 22
332 469 24
789 141 12
98 692 4
692 301 21
906 993 6
286 468 7
649 166 12
698 527 13
998 39 8
695 181 24
82 631 19
487 675 22
208 581 15
139 867 10
394 751 9
493 752 25
930 450 2
492 380 11
429 378 3
187 426 11
87 860 17
31 699 17
276 907 25
866 46 19
924 441 20
481 286 25
204 569 2
806 61 8
116 842 13
169 381 16
403 468 4
268 851 5
160 127 13
985 993 11
677 269 4
472 750 16
20 306 10
723 465 23
806 933 17
619 102 25
859 857 21
663 477 22
166 637 2
929 622 20
739 299 17
341 771 19
582 144 3
392 867 18
263 25 3
680 644 5
