584 370 2
549 13 2
210 196 2
963 172 2
250 209 1
801 714 2

917 650 0
256 933 0
33 174 0
743 255 0
149 191 0
637 740 1

558 950 7
609 266 4
636 516 13
800 317 2
626 586 4
647 842 14
430 227 13
611 120 11
380 109 4
162 20 4
492 629 20
346 265 13
58 417 7
835 43 18
263 42 13
327 472 17
59 649 11
96 29 20
873 543 17
952 387 21
298 733 13
159 791 5
690 979 25
158 594 17
469 921 14
360 487 4
573 547 5
907 995 9
703 868 4
518 820 16
315 118 26
376 630 20
207 320 24
80 478 18
996 300 14
735 12 4
864 585 3
642 845 23
801 900 16
503 418 13
944 85 9
119 814 14
437 21 11
86 453 16
977 801 16
141 889 3
344 748 11
242 549 11
8 53 6
4 468 6
402 343 7
433 814 25
934 959 3
373 656 3
