597 85 0
106 152 0
936 538 0
767 36 2

625 921 0
118 791 1
660 962 2
944 826 1

227 274 22
887 603 7
429 552 19
110 658 21
417 946 12
185 713 25
966 690 23
745 160 15
498 172 4
31 469 5
816 696 7
312 935 12
894 365 16
85 596 22
245 747 4
131 342 13
608 726 7
264 542 5
546 854 16
431 100 8
220 14 12
19 451 8
116 598 16
278 195 15
846 295 2
382 255 5
740 871 22
145 417 4
192 420 20
77 439 21
910 907 19
876 185 14
589 667 3
147 513 25
399 248 7
377 340 6
249 485 23
976 972 24
156 516 19
701 594 11
346 856 20
940 733 6
