268 538 2
358 601 1
680 806 0
244 748 2
820 428 2
847 527 2

320 281 0
843 33 1
319 846 2
828 381 1
214 1 0
142 359 0

930 391 15
845 635 16
276 455 21
83 654 24
510 975 7
374 818 15
677 489 14
987 669 20
877 236 23
306 378 7
688 308 26
869 782 19
939 218 23
888 80 25
118 454 20
733 484 9
195 823 6
390 701 17
586 359 22
494 47 7
793 627 13
79 497 21
173 436 16
922 324 21
625 75 12
29 465 15
669 404 24
391 250 23
422 43 25
958 474 24
629 648 10
518 922 11
839 919 7
967 810 12
578 436 12
13 817 4
501 487 8
700 230 8
946 652 3
172 611 5
894 240 3
405 111 25
591 950 19
572 917 7
432 848 18
719 861 10
823 715 24
332 415 5
90 714 9
892 886 20
872 132 13
148 889 24
698 481 26
447 189 19
515 908 7
401 83 22
80 506 6
258 622 26
69 122 16
920 339 4
414 139 18
108 6 3
676 317 10
780 5 10
122 616 7
948 37 4
664 381 26
861 653 15
463 419 6
606 527 13
9 542 22
496 180 9
398 856 2
806 988 9
964 110 2
96 411 15
998 75 21
424 937 26
94 711 24
357 720 18
27 216 24
287 614 7
864 772 21
798 736 8
349 184 19
937 534 20
