369 609 2
289 335 0
142 961 1
78 847 0

467 500 2
314 881 0
792 808 2
187 674 1

975 956 15
940 698 20
881 419 7
512 708 19
238 202 7
824 280 7
408 747 7
850 414 15
134 206 23
193 393 23
464 720 4
427 13 4
922 894 23
27 759 8
277 174 16
582 582 15
778 919 13
976 112 6
497 928 4
326 707 17
151 9 22
157 532 20
366 809 19
207 743 3
147 835 15
150 613 11
711 941 23
17 791 3
44 469 10
436 675 17
723 826 26
768 336 8
163 54 20
732 613 15
236 760 25
524 910 15
84 621 7
59 35 17
709 899 21
892 183 13
587 915 26
25 503 11
651 28 24
889 464 22
421 571 13
392 982 26
185 52 25
652 761 24
298 472 18
280 716 26
668 655 19
669 680 22
79 683 2
751 573 16
396 994 15
385 739 22
409 276 26
257 280 13
356 931 12
474 563 5
424 232 10
993 901 17
713 332 26
814 435 24
730 184 20
218 569 11
689 978 12
915 587 20
903 295 26
363 769 14
891 545 23
74 538 2
642 604 9
541 418 20
13 148 6
183 367 25
93 408 5
96 227 12
510 186 2
556 254 19
391 795 14
661 160 15
115 344 9
490 437 19
843 67 19
783 516 23
18 713 16
276 982 14
717 890 19
