784 996 2
899 963 0
385 494 0
471 747 0

471 64 0
353 153 0
570 583 0
33 962 1

581 470 9
232 782 26
700 919 25
198 555 7
293 379 6
503 202 23
763 555 26
860 125 11
462 510 25
65 91 20
625 323 5
926 23 26
224 329 21
837 879 3
592 524 7
799 27 10
70 790 17
846 3 18
205 465 5
231 883 22
4 786 21
553 363 2
272 200 8
899 145 7
256 944 11
816 14 3
932 860 6
525 417 24
628 648 7
823 375 17
694 379 5
940 285 18
515 909 21
3 417 12
712 585 3
915 517 13
122 394 7
794 23 6
701 198 8
468 244 14
21 184 24
290 699 9
759 372 19
373 375 13
635 439 24
911 707 18
47 829 13
304 975 11
210 676 11
491 496 6
856 869 15
153 159 17
712 918 16
432 643 17
568 278 8
642 189 15
234 588 21
220 893 21
581 455 24
492 947 20
296 803 15
637 308 24
29 21 20
793 805 15
285 373 19
217 368 10
207 602 24
27 174 19
