442 807 2
599 746 2
210 368 0
890 869 2

186 787 2
381 122 0
710 323 0
72 697 0

391 643 11
878 85 21
694 684 19
66 247 12
319 137 8
16 323 20
514 56 18
298 766 18
334 839 16
154 121 21
40 999 9
734 45 18
526 463 17
38 782 5
588 665 12
231 963 5
197 649 21
391 306 21
213 699 23
120 785 20
63 312 9
254 702 16
934 474 17
289 414 7
701 645 22
232 194 21
701 151 7
923 716 6
496 836 16
114 252 5
548 858 8
780 433 23
812 487 20
807 719 14
803 320 26
599 374 5
54 297 21
560 793 10
500 259 12
113 573 16
791 517 13
424 479 5
625 78 6
978 485 3
400 45 23
658 897 7
520 705 17
240 818 15
456 64 20
105 207 12
594 894 13
801 670 17
329 647 23
935 978 8
486 378 5
534 388 5
842 260 12
957 852 5
998 308 21
391 413 6
654 359 2
240 161 24
658 842 21
487 264 4
217 151 17
197 993 2
882 950 4
386 300 14
657 692 5
136 698 14
861 938 25
608 948 18
355 454 21
727 941 12
830 511 13
672 708 6
423 943 9
377 681 9
640 338 3
20 827 26
407 40 17
956 1 17
868 83 15
653 265 26
942 938 12
223 713 5
455 442 11
