501 448 2
809 207 1
915 382 2
335 382 2
944 764 0

50 400 0
900 220 2
358 861 2
5 464 2
397 470 2

772 972 25
84 133 10
496 48 17
449 384 26
520 328 15
397 730 17
359 630 14
499 341 2
139 346 16
694 867 11
219 304 19
419 601 2
621 121 7
586 870 12
952 581 19
241 80 10
392 572 8
6 541 4
443 587 21
852 158 25
986 882 3
313 503 2
968 442 24
705 394 6
424 987 13
133 379 10
393 181 15
115 34 24
140 781 12
966 119 21
744 432 2
644 400 19
119 457 15
823 881 2
20 258 22
621 3 3
810 118 14
509 259 22
319 577 16
715 321 23
615 318 25
957 437 9
397 612 16
473 923 9
280 943 19
825 565 23
368 236 4
613 555 6
330 270 5
478 238 25
27 195 12
384 945 26
975 418 24
933 50 18
500 227 8
465 850 21
117 816 3
699 498 25
602 976 13
175 3 11
537 740 8
511 67 26
408 0 3
601 853 5
7 276 12
492 741 15
213 211 8
841 262 6
92 864 7
580 391 13
264 280 3
597 143 20
996 903 23
797 505 26
