652 467 2
122 971 1
448 837 2
344 292 1
102 595 1
243 954 2
684 186 2
749 324 0

588 231 1
671 669 0
362 673 1
158 795 1
784 596 0
154 292 1
296 747 1
932 990 1

86 674 21
784 424 22
874 364 5
186 35 24
594 397 25
821 907 20
19 691 18
406 197 11
86 845 8
65 778 25
998 864 26
118 1 2
265 875 16
644 61 3
43 7 25
689 847 25
505 606 23
966 692 18
174 109 21
372 107 13
949 577 14
949 843 16
666 839 3
417 234 10
566 703 16
973 392 15
72 249 21
368 216 15
861 390 24
133 115 7
621 64 9
110 13 2
474 679 18
252 449 3
38 15 8
652 988 2
465 412 26
885 780 19
348 994 12
