718 728 2
63 9 2
351 301 1
575 113 2
782 255 0
729 363 1
213 967 2

796 560 2
567 800 2
169 919 0
838 637 2
204 52 0
651 403 1
534 330 0

742 112 14
898 193 4
837 758 22
363 907 7
186 474 8
366 643 4
442 833 18
526 575 6
458 318 21
646 216 14
548 53 23
418 768 7
784 321 2
286 763 10
320 420 17
619 299 17
249 757 12
343 755 3
982 304 9
380 74 2
685 627 9
817 411 7
592 697 22
943 118 4
910 719 14
196 414 21
632 815 4
614 632 18
621 576 15
391 480 19
522 31 18
777 326 11
332 237 6
63 130 19
139 87 24
641 71 16
770 37 25
311 658 26
902 49 6
319 923 15
235 700 18
621 32 5
727 28 13
896 444 21
564 576 6
778 698 18
976 362 26
102 264 2
709 935 25
699 522 2
15 495 10
569 223 13
907 471 9
376 636 19
284 201 22
263 331 21
279 660 10
305 114 26
380 823 11
730 874 10
781 890 5
216 811 5
587 447 15
781 731 18
373 626 11
355 16 26
441 99 26
401 880 18
856 448 4
