628 663 1
864 13 0
417 464 0
896 248 0
276 486 0
431 362 2
760 503 1

887 883 0
582 400 0
137 374 1
411 354 2
812 570 0
492 987 1
632 883 1

894 159 14
850 943 4
886 703 7
574 942 17
247 877 19
779 14 18
363 777 22
257 589 17
869 434 4
594 66 14
270 313 23
662 401 24
42 975 16
9 222 18
469 717 9
564 326 26
581 196 12
585 142 3
472 764 18
212 859 9
609 253 11
300 614 9
517 342 15
99 811 9
107 727 10
408 660 8
143 245 25
296 69 15
763 292 14
96 856 26
831 817 6
540 117 23
824 986 15
462 86 2
169 545 4
555 953 15
136 448 12
860 744 9
700 859 26
89 956 9
690 139 26
545 679 18
366 504 7
529 318 18
856 488 13
586 743 12
968 443 24
994 885 7
876 575 21
575 472 25
744 838 6
899 720 25
140 576 15
278 839 8
721 113 14
260 52 8
247 20 3
94 15 15
601 243 16
895 819 13
221 915 4
50 814 26
550 306 4
538 936 19
484 269 11
142 868 9
595 963 26
934 564 19
200 812 15
586 33 5
515 435 21
164 986 4
159 446 24
41 282 20
