477 841 1
721 727 2
578 966 0
479 179 1
847 397 2
788 483 0
749 981 1

123 68 0
620 128 1
830 531 2
338 8 2
260 729 1
637 659 2
122 138 2

379 338 21
654 478 6
626 227 12
993 323 11
520 505 17
624 843 2
921 455 8
946 92 17
936 214 7
106 945 22
377 600 25
132 578 4
867 310 7
23 655 5
307 527 10
474 503 5
649 425 10
257 371 2
524 307 19
930 766 14
25 143 16
951 275 19
103 495 7
958 518 14
523 4 20
401 6 22
734 263 18
512 788 3
856 70 21
35 398 17
502 502 14
984 812 9
122 653 14
787 176 19
307 578 25
253 664 13
921 528 3
249 384 23
343 530 21
933 565 19
214 404 13
909 665 19
26 972 22
501 577 14
887 851 17
362 796 7
758 81 22
553 583 16
201 797 22
662 945 23
128 854 13
771 232 13
343 733 15
200 453 19
477 117 10
493 318 9
