743 454 0
321 364 1
566 115 0
995 180 2
87 608 0
556 754 1
469 570 1
233 183 2

135 685 0
989 58 2
761 154 0
931 475 1
556 41 0
622 388 0
179 475 2
454 384 0

930 205 17
882 925 12
531 915 23
219 28 2
712 959 4
218 867 20
544 489 11
49 21 13
383 757 3
173 881 18
861 295 9
282 866 12
209 579 23
407 45 7
954 258 5
702 994 15
655 519 21
46 370 10
363 584 8
947 218 26
559 428 7
482 39 9
273 798 4
206 696 10
686 750 6
924 405 25
396 803 23
810 466 25
560 378 3
240 860 20
422 133 18
2 686 10
324 244 8
257 931 8
536 207 15
687 603 18
313 45 4
988 957 7
740 550 19
883 324 3
176 326 16
859 3 11
942 260 19
423 149 3
13 188 9
346 49 24
103 141 26
721 376 2
647 707 19
316 482 20
545 496 8
377 903 6
444 222 19
908 569 21
682 24 12
358 745 14
359 569 19
38 535 8
720 534 15
14 851 25
810 396 23
317 829 19
511 864 21
199 574 18
911 933 15
528 323 25
909 395 9
273 572 8
44 365 10
70 890 4
318 560 11
