970 301 2
552 499 2
708 159 0
937 667 1
404 470 0
35 135 2
495 946 0

705 490 1
417 519 2
977 891 0
529 214 1
289 766 2
150 474 1
125 763 1

110 167 10
227 554 23
620 401 19
215 107 11
617 876 7
262 853 23
769 734 14
930 23 6
410 650 23
601 761 17
261 988 22
57 961 23
151 176 7
894 408 13
593 177 22
505 108 22
184 51 23
42 461 23
663 414 11
803 676 25
850 85 11
299 589 14
206 28 10
978 516 21
349 21 6
69 600 20
343 615 12
377 770 15
752 621 25
88 272 16
259 468 20
274 148 9
85 16 19
5 359 9
703 841 3
245 530 5
708 820 23
269 446 23
204 776 21
696 861 12
789 218 23
496 559 10
326 614 3
777 470 7
852 68 15
406 83 7
780 144 4
953 765 25
626 321 26
245 18 14
881 807 7
579 655 18
