906 835 2
355 733 1
343 303 0
164 73 1
227 711 0

21 10 1
292 160 2
946 453 2
475 308 1
864 909 0

116 167 6
322 875 16
897 218 19
10 314 6
759 336 16
242 980 4
419 926 7
202 402 18
273 618 4
17 735 22
612 306 19
932 929 4
429 50 7
895 644 14
522 64 18
955 618 22
696 892 15
698 261 25
220 562 10
617 526 18
639 783 13
8 564 15
65 460 10
771 289 19
841 985 13
881 36 2
305 256 14
490 226 15
981 163 24
754 154 9
465 515 26
931 932 11
689 387 22
215 510 12
396 585 10
46 242 19
610 732 22
348 65 12
582 637 8
540 961 7
972 535 21
757 329 25
424 939 9
669 640 25
429 537 21
696 119 10
53 130 19
369 454 5
740 801 13
49 911 20
247 335 11
530 357 26
