8 324 2
303 206 2
210 493 2
122 968 0
194 747 0

428 710 0
656 75 0
436 573 1
181 94 1
449 510 0

73 870 20
675 526 26
518 736 21
687 210 14
981 405 14
233 833 24
320 489 25
445 277 25
653 260 5
447 333 2
565 360 3
241 879 16
411 918 2
900 899 9
137 485 17
85 805 9
460 250 13
408 39 24
803 44 9
356 492 19
483 409 5
137 651 11
526 62 4
478 314 6
835 452 16
378 889 21
423 109 14
895 912 8
627 620 2
397 456 12
536 471 2
463 950 16
642 785 18
306 515 9
198 349 22
12 596 11
519 576 9
869 973 15
629 500 10
392 36 8
709 494 23
652 800 13
485 280 16
18 478 17
13 491 13
625 362 14
857 231 12
545 213 12
530 605 23
97 884 19
993 536 21
404 21 26
93 392 7
483 757 25
822 382 12
384 239 20
272 136 10
307 18 16
731 357 16
6 454 2
423 799 13
344 555 10
194 649 4
874 484 11
397 658 19
102 315 22
127 57 24
293 415 5
929 535 10
889 729 11
241 955 22
351 704 6
