870 714 0
765 252 0
916 988 2
425 425 1
283 609 1
317 318 2
468 143 1
479 534 0

419 173 0
379 424 2
195 647 2
292 764 2
606 681 0
75 106 2
915 741 0
429 58 2

967 878 26
307 129 10
420 508 11
286 703 8
218 995 25
754 953 6
279 28 14
581 295 5
492 724 15
425 691 18
149 49 3
111 708 7
894 481 17
806 119 22
12 337 17
687 443 22
691 723 2
505 656 22
708 501 21
673 926 14
517 76 16
718 187 26
591 240 26
837 604 15
429 292 9
975 335 9
900 841 17
473 901 18
769 927 20
757 444 23
947 915 21
878 859 13
279 48 20
18 477 14
552 804 24
161 57 17
778 882 21
545 651 23
590 760 19
818 436 10
499 85 12
786 989 19
761 502 3
576 281 10
997 826 11
993 768 22
137 479 7
155 229 17
988 80 4
650 867 19
117 980 21
993 908 4
751 906 7
513 251 25
35 389 4
815 185 9
802 555 6
346 700 12
615 818 17
34 163 25
439 267 6
669 780 8
668 815 24
497 630 9
