775 851 1
233 128 0
882 146 1
373 969 1
481 241 2
23 891 1
641 999 2
441 102 2
815 63 0

36 790 2
914 917 0
695 150 1
605 32 1
227 758 0
495 239 0
665 614 1
512 607 1
317 400 0

216 216 3
571 252 20
21 167 12
675 214 13
457 820 22
385 399 7
634 247 23
124 264 12
239 446 20
427 14 11
423 607 8
733 634 24
546 91 19
744 476 21
699 462 20
246 939 11
526 389 10
772 269 20
3 253 21
897 997 25
543 48 12
788 294 3
297 53 26
500 519 2
130 874 7
49 667 3
62 455 24
114 40 11
252 410 14
558 231 5
710 87 19
611 717 14
991 921 12
721 970 4
147 384 12
571 750 17
697 864 7
458 469 19
197 379 25
51 90 15
143 573 2
106 536 22
943 528 18
903 249 15
883 748 2
670 319 2
562 368 18
142 826 14
762 427 9
775 570 9
727 676 21
749 971 26
692 226 2
606 461 25
608 483 21
360 45 15
976 539 18
414 376 17
583 138 19
996 786 19
846 744 7
444 352 16
714 712 11
704 41 26
520 807 2
713 390 17
332 232 9
874 258 3
91 654 22
751 497 5
331 293 10
747 359 24
857 415 15
235 1 16
750 333 23
882 207 9
358 651 13
281 635 15
