450 972 1
148 754 2
300 725 1
218 362 0
884 969 2
724 827 0
475 679 1
160 531 1
586 857 1

868 312 1
66 762 2
327 910 0
77 562 2
443 781 0
187 665 2
840 742 0
773 217 0
221 377 0

707 315 25
59 183 12
571 602 26
55 281 11
645 358 24
312 801 5
341 340 22
691 180 14
428 527 12
520 586 2
820 646 13
433 569 15
807 976 21
92 973 6
291 285 9
271 626 24
268 317 6
656 537 12
964 965 17
650 837 3
2 658 26
538 443 20
676 250 23
210 608 7
184 877 26
151 849 4
843 499 18
122 854 26
46 392 19
892 421 22
508 797 4
939 359 12
645 544 16
19 235 26
512 582 2
578 704 6
655 102 26
944 60 15
761 920 14
915 859 24
965 228 7
841 511 20
215 23 4
872 608 13
941 727 21
407 840 16
995 433 11
513 750 14
970 591 2
814 807 2
943 600 6
347 814 4
8 947 25
221 808 10
961 944 10
461 888 12
267 665 12
682 730 10
879 77 26
156 119 2
274 480 24
499 314 16
565 371 7
916 684 26
75 145 16
472 447 13
280 326 16
607 483 12
507 109 17
354 608 9
495 117 21
901 25 24
447 35 13
501 136 18
208 983 10
120 657 20
121 911 22
620 429 10
884 228 23
595 687 16
985 939 16
857 400 23
839 253 11
132 813 19
635 87 9
678 561 20
434 418 5
805 365 17
510 560 9
606 751 12
462 426 17
162 62 7
519 740 20
140 191 3
189 978 23
467 135 16
785 332 16
42 842 3
