650 594 1
337 174 2
28 360 1
942 450 1
603 11 1
82 37 2
285 709 2

397 548 2
682 636 0
831 200 0
953 202 2
443 891 1
128 919 0
764 861 1

747 465 19
634 184 17
984 934 15
947 968 2
647 799 4
721 752 9
38 195 25
881 676 20
85 440 6
91 188 23
460 335 22
866 321 7
981 658 18
997 605 11
853 326 15
559 950 14
777 387 6
208 830 21
105 290 9
900 156 5
232 489 15
498 486 23
733 487 4
119 341 7
9 289 15
164 498 20
210 955 12
944 855 18
0 440 9
713 938 21
384 23 8
12 494 24
317 104 3
691 399 15
367 761 5
675 487 10
210 432 17
253 432 7
786 145 23
15 246 18
215 563 22
16 607 23
329 974 9
737 784 24
497 347 8
113 600 17
520 738 14
588 263 17
804 478 8
547 175 14
732 460 23
841 549 8
790 47 5
171 512 7
688 32 23
351 251 20
895 839 10
38 995 13
744 471 9
696 102 24
626 86 22
506 610 9
338 298 19
909 649 20
513 935 4
777 679 2
886 88 22
171 136 25
268 581 21
267 559 7
