456 919 2
691 25 0
307 625 0
133 312 2
986 659 2

91 379 2
248 207 0
214 930 0
79 892 0
464 557 0

481 14 20
462 705 23
812 12 23
237 497 12
22 484 21
12 927 25
385 528 10
232 742 15
541 173 9
380 989 16
154 822 7
199 285 14
270 97 2
327 60 12
97 458 18
407 42 12
647 583 12
779 315 4
820 821 26
876 21 13
988 291 10
792 937 9
602 987 9
692 436 19
310 843 11
670 490 22
908 621 12
135 442 9
536 670 7
223 10 23
358 828 10
180 620 24
415 222 12
722 267 23
840 577 19
857 643 2
441 179 22
294 113 12
300 708 7
787 783 24
735 773 11
966 982 6
991 423 13
38 821 17
96 115 5
839 921 9
271 708 17
970 419 17
123 633 17
859 951 26
591 295 24
502 333 22
167 781 12
946 115 8
370 306 6
854 929 16
770 899 11
12 497 8
571 184 22
895 775 17
994 277 2
914 796 11
302 94 26
958 816 9
887 671 13
