20 495 0
936 896 0
559 34 0
153 505 1

448 240 0
443 926 1
870 962 2
878 19 0

265 706 10
173 926 10
821 431 18
533 675 12
821 545 26
891 423 23
766 918 25
777 184 8
610 93 11
290 623 3
515 797 4
125 970 10
593 922 17
302 455 17
937 629 13
238 872 13
559 639 7
332 768 18
163 379 11
425 21 10
701 536 9
888 607 26
754 909 9
294 198 13
732 437 10
594 348 26
726 681 20
42 196 26
451 621 22
836 322 11
18 577 25
171 818 9
597 924 21
831 570 19
342 303 8
78 249 7
947 17 13
821 820 12
717 657 9
651 198 9
