437 923 0
97 748 1
841 983 2
730 618 0
617 829 1
722 149 0

847 637 1
518 999 2
431 418 1
250 813 1
246 603 0
566 700 0

222 542 12
614 272 7
354 242 11
599 964 12
975 811 24
94 682 25
486 715 9
592 314 12
398 102 7
240 423 23
151 22 14
212 998 26
261 92 10
310 895 25
113 326 7
349 947 12
637 698 15
819 208 7
322 952 4
334 516 4
510 778 24
368 440 21
44 921 4
435 34 7
77 372 5
765 543 15
522 817 16
702 491 19
809 336 15
806 704 5
50 100 26
380 535 13
35 27 23
342 105 23
995 222 16
209 97 10
575 151 26
894 408 2
378 218 13
343 376 19
749 427 20
75 807 7
436 194 12
533 537 17
354 884 16
718 445 15
604 21 17
628 915 2
478 645 22
16 989 24
306 165 10
498 135 20
855 911 25
593 515 23
835 144 16
706 343 2
655 306 17
31 612 8
566 500 12
296 351 22
914 916 15
718 69 17
391 256 13
332 742 14
919 801 7
494 456 13
512 840 2
695 406 5
480 702 6
752 969 24
865 738 23
133 200 25
169 532 18
532 451 21
589 298 4
601 162 19
928 857 3
756 689 5
935 441 26
383 658 15
306 899 23
298 33 25
546 554 10
889 86 13
33 28 13
338 981 25
33 666 23
639 601 16
213 336 24
526 642 26
0 940 9
25 487 13
297 114 5
308 452 11
834 286 20
216 320 11
