840 554 1
125 615 2
508 93 2
319 645 1
161 358 2
475 233 2
809 971 0

43 30 0
590 348 0
83 166 2
934 6 0
566 483 0
839 343 1
58 663 2

517 824 4
947 651 14
327 460 10
268 855 16
124 446 16
36 881 7
55 733 26
985 924 19
8 983 9
29 852 8
56 799 11
20 478 21
955 99 4
921 223 2
235 259 8
906 111 10
932 96 9
949 456 19
334 485 22
190 893 23
402 265 4
600 142 26
925 378 12
483 797 16
856 703 2
314 987 25
49 289 9
766 623 21
688 165 17
410 567 7
962 641 3
965 593 23
839 871 3
324 354 25
866 211 4
166 877 18
267 926 7
824 45 5
218 733 21
858 495 13
116 809 6
242 774 2
863 613 23
566 290 2
715 508 15
919 674 18
110 293 21
591 117 18
694 688 2
315 898 24
504 14 9
