714 828 2
245 285 0
910 181 2
961 230 1
754 686 1
822 869 2
19 321 2
575 39 2
3 549 1

820 11 1
241 726 2
746 323 1
705 234 0
50 547 1
89 653 2
839 476 0
540 495 0
557 422 2

198 778 20
555 598 7
176 839 10
329 586 8
415 643 17
35 45 16
236 486 20
959 127 16
429 325 19
829 409 9
937 90 22
721 506 17
738 893 12
303 129 23
521 253 26
567 134 19
108 446 21
424 227 23
211 208 14
743 145 5
565 218 13
30 957 8
540 260 12
914 52 4
158 160 25
177 937 4
491 761 13
557 708 14
88 248 26
101 489 9
367 403 11
119 914 23
670 91 12
955 471 11
319 962 25
181 586 3
613 143 12
650 584 12
299 37 3
433 756 9
619 875 23
317 897 14
953 697 8
396 4 6
857 324 21
80 857 7
334 470 2
944 120 13
506 771 25
558 556 6
365 527 9
86 844 6
250 149 5
388 403 11
7 483 18
564 169 13
265 465 10
901 972 6
356 247 16
13 685 10
920 935 10
523 371 7
483 760 10
767 119 21
871 949 6
160 777 12
49 419 6
684 295 5
