839 613 1
480 148 1
489 175 0
216 687 2
139 294 2
20 239 1

414 879 1
922 304 0
560 797 2
782 236 1
425 76 0
504 556 2

434 397 8
229 614 22
904 105 16
794 126 8
651 892 14
758 727 18
821 509 4
587 934 7
318 439 15
549 225 13
307 806 4
752 62 9
844 856 12
527 859 5
89 391 21
308 149 23
676 322 10
280 909 19
961 579 10
901 480 10
887 787 18
191 892 5
564 704 14
511 364 15
184 40 12
367 321 24
485 634 5
745 535 11
879 775 25
170 966 17
437 704 18
858 268 25
670 131 14
335 668 7
971 35 3
220 872 14
48 618 24
709 849 26
158 371 20
498 247 12
279 37 16
970 895 12
70 918 20
183 253 13
688 576 24
866 796 23
678 845 18
852 64 16
645 915 15
357 194 2
422 516 25
627 122 23
464 810 25
688 28 21
136 706 18
203 83 25
470 287 16
461 284 6
52 642 25
679 416 19
554 875 6
995 854 3
42 318 15
665 6 18
405 698 9
928 520 24
219 334 10
74 738 4
474 769 20
391 324 22
873 713 22
13 730 6
829 167 26
703 924 24
962 423 5
195 497 20
775 972 15
770 715 14
641 963 10
718 836 24
113 202 4
219 31 23
767 452 26
587 414 25
92 961 24
336 736 21
701 507 12
38 500 25
120 683 15
573 903 24
