936 993 2
638 69 0
854 916 0
983 31 1
87 372 1
559 909 1

369 348 0
782 187 2
776 254 2
435 531 1
826 819 1
721 457 1

567 663 5
907 647 14
31 734 11
380 645 23
88 15 21
88 149 9
341 926 15
221 361 22
969 539 16
710 612 26
873 531 16
951 791 13
765 822 24
600 554 22
696 994 14
492 82 15
476 423 18
715 644 6
778 675 10
529 548 18
944 852 9
357 617 8
857 569 12
2 617 6
514 462 13
171 5 7
175 194 24
970 150 2
505 860 22
861 69 16
772 71 11
28 937 23
367 816 13
128 987 21
886 515 17
608 586 17
6 517 24
305 839 26
455 344 13
575 206 7
617 330 3
628 710 17
749 77 11
512 558 25
633 444 15
949 404 3
941 411 20
140 68 10
490 875 6
51 803 14
34 772 21
78 501 11
237 13 19
87 647 15
101 948 20
404 889 8
873 30 26
537 275 6
452 309 3
696 397 5
651 827 6
388 64 20
330 503 19
421 956 17
564 361 8
470 234 15
796 119 12
354 460 24
482 157 21
11 160 23
40 548 14
435 231 18
829 652 24
171 216 12
403 38 21
16 186 17
854 535 26
615 241 11
389 724 18
209 87 4
207 127 4
270 915 10
188 96 12
62 268 5
298 23 20
119 39 6
60 245 17
9 212 8
418 602 9
337 811 21
64 18 26
