390 142 2
921 240 0
313 764 1
231 835 1

696 649 1
28 112 0
788 747 2
75 118 2

499 29 10
836 273 15
522 16 9
689 289 25
940 954 14
226 185 25
181 262 15
737 402 12
149 830 6
78 329 12
488 166 12
878 40 5
410 729 19
183 670 25
73 248 10
798 213 21
172 747 10
362 484 14
948 986 19
4 416 26
441 904 19
503 134 11
582 544 18
301 80 15
975 153 15
185 303 3
981 475 2
39 189 12
204 137 25
198 493 16
874 286 22
716 790 6
303 372 25
619 25 7
309 352 10
247 538 13
750 871 15
1 263 5
88 467 19
161 665 15
2 540 26
747 608 16
626 263 15
401 882 18
257 191 20
617 438 10
281 189 7
419 542 20
99 630 14
269 143 6
932 145 23
233 244 7
325 870 20
788 623 5
981 232 23
258 483 3
565 254 22
135 354 2
172 975 20
227 259 17
173 492 11
80 817 8
251 958 8
656 291 16
252 466 18
639 77 26
567 994 5
489 302 13
84 881 22
824 407 17
160 487 11
548 746 13
314 351 4
930 990 8
381 910 3
86 299 8
498 789 12
882 402 26
372 562 15
31 281 6
1 181 4
262 495 5
498 510 10
649 948 9
282 446 25
217 683 3
