165 883 2
43 306 0
549 519 2
979 43 1

41 876 0
776 798 0
646 687 1
608 719 2

100 432 24
523 721 23
296 116 6
806 666 2
556 997 20
35 38 23
223 813 11
14 773 5
723 873 12
420 730 18
859 253 17
830 901 8
811 59 26
311 616 23
207 651 14
978 469 6
900 45 19
861 411 17
189 486 18
301 258 23
970 118 4
360 300 5
218 112 17
616 334 11
528 313 5
607 565 2
851 426 14
869 967 25
760 268 9
733 238 4
960 950 4
441 521 16
981 616 19
137 232 3
296 113 18
276 72 8
654 924 11
91 145 5
366 257 24
900 990 14
552 303 17
505 744 15
921 77 6
113 566 15
640 214 5
183 490 3
940 496 4
826 587 26
680 306 8
154 206 25
866 759 3
233 616 24
121 537 26
418 995 8
971 178 26
949 118 22
851 297 10
250 977 16
258 131 24
257 349 8
910 583 24
308 56 14
134 34 17
527 804 12
133 127 15
582 77 11
