718 317 0
618 665 0
728 34 0
348 941 2
940 742 1
75 787 1
215 988 2
322 256 1

22 489 2
597 176 0
287 894 2
777 864 2
215 945 2
292 293 1
384 585 2
881 660 0

7 875 5
166 550 13
163 572 2
916 170 5
488 809 2
931 802 13
872 446 8
105 182 19
81 64 4
843 423 5
9 105 4
561 373 26
642 861 10
617 590 24
160 522 3
297 746 24
78 851 9
445 932 25
473 128 23
728 426 15
533 436 22
262 349 22
514 991 11
222 608 26
221 769 25
22 418 21
622 848 23
404 646 7
954 119 10
490 84 25
567 787 26
468 8 22
892 383 15
61 5 14
434 761 10
92 715 6
525 642 7
737 133 18
87 307 4
76 226 18
377 695 26
448 587 9
288 0 16
960 879 19
766 756 12
123 494 22
564 583 19
704 670 2
408 98 5
899 476 25
750 924 14
985 564 17
224 542 4
577 854 8
706 96 10
796 717 16
998 477 15
426 728 18
902 830 19
964 815 8
379 392 25
581 321 5
14 965 3
204 24 24
858 721 6
500 71 8
240 498 13
456 400 19
300 716 9
356 96 3
955 29 24
760 396 17
60 191 16
596 402 15
200 254 13
634 494 11
795 302 13
139 602 5
947 958 3
850 265 7
913 563 7
127 624 26
618 572 3
183 772 9
820 758 3
545 45 9
148 344 17
983 918 10
812 183 26
