983 874 0
833 383 0
674 825 0
260 743 1
873 516 1

238 384 1
0 122 2
344 622 1
293 723 1
508 492 0

106 309 6
443 335 8
394 820 19
14 410 4
488 762 3
944 106 25
677 399 23
129 260 16
375 712 19
848 170 3
385 919 13
809 665 8
454 680 21
131 520 8
634 464 17
759 142 16
256 623 26
597 350 15
414 198 11
892 902 25
705 287 21
466 449 11
400 903 18
96 386 14
202 20 5
767 779 24
84 387 22
660 336 23
949 102 23
760 994 26
185 52 13
881 870 12
242 622 15
636 718 3
550 273 23
928 40 5
801 476 17
648 489 4
494 790 6
190 87 7
128 968 2
516 210 2
806 846 20
