78 117 2
749 542 0
941 315 0
891 406 1
598 11 0
445 631 1
156 155 0
996 466 2
353 309 1

218 646 2
397 725 0
906 826 1
268 119 1
846 10 1
975 608 0
728 405 2
798 561 0
969 910 0

582 582 22
383 840 25
727 109 19
738 307 6
155 282 17
935 10 22
347 808 11
299 703 13
40 887 7
810 271 22
759 350 6
826 89 16
608 596 23
998 532 9
145 879 19
206 793 22
177 444 3
115 439 8
238 479 21
489 400 17
495 579 8
809 187 5
406 537 12
132 889 11
30 418 5
631 534 21
889 124 2
683 68 19
100 557 21
516 404 25
177 324 26
514 689 9
730 173 25
91 555 18
545 538 4
141 428 4
569 111 22
638 564 6
107 432 12
95 334 2
220 848 18
379 931 19
427 22 24
245 919 13
427 982 4
324 620 18
778 727 25
988 235 9
117 331 18
569 903 18
711 282 24
730 61 24
713 256 6
907 7 10
475 137 15
476 478 25
633 595 8
476 516 11
519 227 20
494 957 6
491 262 15
407 975 21
89 582 7
752 841 16
36 316 4
399 144 9
349 777 4
631 605 20
865 110 21
403 869 24
550 958 8
569 99 17
248 498 12
405 847 16
509 830 22
130 998 24
978 984 18
487 201 5
358 507 10
