694 712 2
781 386 2
978 819 1
616 283 1
867 790 0

629 701 2
326 906 0
657 513 0
234 46 0
135 282 1

897 976 3
365 758 15
786 56 20
7 923 12
591 904 15
22 231 21
287 240 10
546 475 8
776 962 15
490 859 19
917 576 4
82 175 19
418 961 25
38 321 26
448 912 5
263 934 13
633 221 4
149 896 20
64 386 4
956 655 8
310 89 8
752 508 21
251 546 17
25 347 4
55 610 16
317 243 14
171 463 9
852 964 5
495 29 19
349 337 26
780 648 16
658 3 22
250 380 19
403 788 5
194 105 25
206 628 14
339 832 3
719 327 9
486 28 22
613 161 22
477 899 24
201 909 5
471 160 12
89 915 25
669 109 7
492 315 10
131 6 17
719 564 2
41 177 13
11 6 14
86 207 24
516 31 9
326 472 24
925 141 8
980 985 25
16 469 7
883 204 10
430 923 24
5 317 4
93 680 10
80 766 20
977 634 3
