999 618 1
237 877 0
421 23 2
860 388 2

886 172 0
617 892 2
916 908 1
775 247 0

802 695 10
761 517 9
55 868 3
338 105 7
885 739 20
425 977 17
235 594 12
194 511 22
691 638 19
663 792 17
372 553 9
404 609 4
407 299 10
639 236 13
247 121 4
58 133 3
470 679 16
790 722 5
710 385 24
325 757 3
809 514 14
161 273 15
308 160 22
87 402 22
492 812 5
196 282 9
410 425 8
615 135 19
613 460 26
164 269 17
28 782 16
191 402 6
591 62 16
463 501 20
234 994 8
489 542 15
424 952 17
80 568 2
122 181 14
274 697 10
939 725 18
434 859 11
798 323 12
200 398 25
765 174 3
233 377 4
171 3 3
81 943 3
774 525 21
221 960 8
82 758 8
93 27 17
801 579 17
52 345 17
255 101 24
26 334 3
330 857 7
331 291 2
409 417 2
755 639 12
961 721 23
984 320 9
525 372 4
592 627 7
266 5 18
317 335 26
724 666 19
426 427 11
302 182 2
489 144 26
787 986 19
465 971 16
722 848 13
324 792 17
472 727 7
423 452 25
665 230 4
677 884 12
679 726 6
403 513 19
998 330 17
912 52 15
551 728 9
816 459 19
439 932 22
396 355 26
372 373 6
774 50 18
359 729 19
440 485 7
508 835 13
898 99 17
489 650 23
16 258 16
