148 136 0
146 18 0
875 371 2
182 250 2
584 219 0

498 749 2
923 480 1
360 423 0
92 49 2
582 352 2

325 501 6
179 999 2
876 226 23
544 408 26
297 195 21
800 118 2
554 831 2
812 858 3
680 535 6
37 715 5
412 591 9
510 487 19
211 430 14
131 727 9
801 880 4
303 786 12
228 972 13
528 169 8
60 206 25
590 618 19
217 692 11
79 823 16
488 976 23
367 279 9
78 507 8
416 709 19
612 590 13
695 650 19
494 592 14
236 940 20
817 157 12
829 588 12
568 76 16
539 795 20
296 873 5
377 289 16
946 253 6
685 949 8
277 443 26
235 848 2
322 677 15
584 597 18
823 488 13
