707 813 1
34 619 2
176 278 0
700 444 0
606 917 2
45 434 2
44 148 2

347 112 0
1 166 0
867 530 0
643 237 2
125 623 1
858 151 1
36 203 1

317 855 13
433 251 11
367 599 17
504 466 24
129 461 14
918 939 12
975 797 14
15 834 17
147 937 4
548 606 11
384 392 12
721 525 11
169 892 12
136 397 6
986 878 17
73 796 8
783 124 6
997 139 17
415 286 4
642 834 13
76 571 5
113 292 5
985 302 21
391 288 24
258 713 21
65 496 22
21 846 11
811 261 24
890 903 10
576 331 6
457 531 18
701 922 6
490 618 13
376 429 26
548 672 4
906 600 10
188 607 7
761 568 26
148 25 7
541 727 4
222 903 11
616 350 9
507 192 2
595 568 9
945 116 8
549 374 8
485 562 17
865 324 11
791 824 11
896 366 15
275 588 20
343 416 12
471 11 7
380 308 23
961 210 23
494 47 12
696 703 13
430 951 4
435 108 17
397 579 6
928 311 16
574 624 3
947 118 25
494 801 19
930 584 20
84 532 21
179 196 11
830 983 19
898 381 25
329 309 11
68 883 10
722 183 5
422 418 13
35 912 16
321 279 9
517 458 6
