270 545 2
215 567 0
281 625 1
965 411 1
519 304 1
561 401 2

278 826 2
985 855 0
172 530 0
295 129 0
392 752 1
395 319 1

861 601 5
187 918 19
671 789 23
117 350 24
443 980 26
97 318 6
883 490 13
840 137 18
579 530 20
215 925 14
771 138 17
599 325 12
191 996 2
87 465 4
385 908 10
861 6 5
840 241 20
702 433 10
45 364 15
140 932 17
554 703 5
922 302 7
207 846 5
634 285 23
412 22 8
522 883 16
950 76 10
220 130 18
628 175 10
918 667 17
485 573 20
190 847 24
572 55 20
951 41 6
499 453 3
955 975 14
770 925 15
371 126 22
771 882 14
164 997 19
857 948 10
188 447 14
542 755 16
779 525 19
92 55 17
