884 766 2
813 333 1
331 549 1
308 921 1
218 216 2
593 656 0
863 25 0
380 542 1
630 542 0

151 152 0
181 388 1
683 553 0
619 884 0
688 193 0
292 763 2
62 356 1
892 571 2
412 951 0

84 85 6
533 302 24
826 921 11
432 253 17
412 668 26
766 972 24
322 646 8
124 82 20
773 892 16
373 70 14
326 287 23
827 687 8
548 453 8
220 127 6
221 683 24
436 390 5
986 276 3
293 330 8
3 80 17
145 525 11
127 302 18
490 563 2
893 856 8
102 505 12
790 860 20
730 651 24
705 942 11
840 624 25
509 769 26
569 468 15
257 595 19
548 437 7
325 683 16
433 785 21
444 575 9
887 657 12
984 714 4
970 906 4
694 416 25
295 337 18
760 594 15
527 494 3
209 819 11
748 253 23
793 49 25
402 288 7
662 624 21
217 594 2
396 640 20
344 287 7
113 47 3
476 926 22
629 136 19
113 884 22
734 29 23
282 431 11
839 446 10
110 15 6
288 411 22
40 697 12
452 526 14
484 352 19
944 463 9
998 751 22
45 984 4
762 541 22
774 656 25
571 313 17
604 765 21
18 765 9
864 249 11
508 545 26
167 543 2
237 589 14
165 83 7
385 780 26
303 384 18
