24 538 2
639 531 0
843 193 1
11 204 0
512 243 0
561 759 1
720 404 0
849 368 2
744 653 1

87 80 1
422 104 1
486 743 2
127 939 1
989 302 1
409 815 1
605 728 2
657 800 1
550 649 1

237 833 2
331 607 6
964 93 2
479 573 16
188 562 20
452 971 12
227 234 17
898 784 19
290 254 14
335 491 24
460 174 7
689 490 2
366 970 25
982 510 12
901 962 9
986 922 13
504 149 22
469 400 8
436 42 14
501 377 7
903 878 22
206 245 19
729 227 6
815 480 18
224 819 18
210 323 19
782 144 21
490 581 13
257 832 4
588 88 10
410 294 7
554 23 9
208 190 17
177 766 11
68 976 11
