767 533 2
824 620 2
20 545 0
966 29 0

436 701 1
156 714 0
63 13 0
132 832 0

937 587 23
25 893 21
734 188 2
163 208 24
696 174 4
867 962 7
320 118 23
372 533 11
120 665 20
39 954 9
111 980 4
557 307 18
536 393 6
488 556 16
986 252 17
865 472 5
445 792 25
91 516 9
102 988 26
297 28 6
80 491 13
459 400 22
851 288 15
782 777 21
922 115 25
587 980 22
567 777 14
666 868 7
298 322 21
299 619 26
255 51 17
191 863 19
22 770 26
791 277 8
556 943 3
105 893 22
754 148 25
246 692 15
490 830 4
671 309 5
332 331 2
513 294 17
47 202 10
448 38 6
876 496 26
923 602 26
21 201 20
335 691 3
714 714 12
293 804 23
705 317 19
395 364 21
381 165 11
312 41 9
136 964 12
812 337 13
181 24 4
732 91 21
944 385 18
533 736 16
225 483 8
471 864 25
888 664 9
975 477 21
263 10 23
243 94 14
678 525 5
575 59 16
141 284 24
72 108 16
872 216 19
713 456 11
870 432 15
717 695 25
588 938 19
550 227 9
249 905 9
627 832 18
93 974 5
43 398 13
857 271 4
551 336 10
262 559 19
450 276 15
0 216 5
644 118 8
326 367 15
534 347 23
152 440 22
55 483 22
66 692 20
645 596 7
329 858 16
311 13 12
117 658 5
798 336 24
736 222 21
