943 972 0
921 659 0
812 689 1
731 536 1
890 213 2
658 490 0
167 437 1

942 70 0
746 570 0
756 718 0
314 13 0
605 286 1
844 450 2
317 534 0

411 424 22
243 434 14
40 602 26
98 896 23
304 994 20
556 750 15
277 417 5
26 218 17
419 536 26
53 299 3
548 543 12
237 583 16
363 682 14
559 338 9
29 895 11
218 172 3
963 873 21
606 645 9
771 835 10
112 198 19
350 109 7
934 138 4
268 708 2
372 480 24
497 795 22
425 184 17
309 919 15
383 42 25
393 507 25
437 857 11
820 143 25
97 763 8
899 135 15
548 985 11
71 530 14
238 308 23
104 617 20
567 352 12
218 98 19
418 535 3
176 157 12
684 56 24
25 957 11
809 28 17
346 266 2
420 370 19
413 290 23
800 508 21
695 926 7
446 6 16
55 219 7
552 596 14
387 405 17
104 103 10
129 875 8
123 640 23
469 441 6
914 136 9
