589 413 1
824 846 0
495 745 2
752 196 2
80 36 1
508 167 0
274 547 0
377 477 0
419 764 0

87 934 0
685 875 0
998 51 1
754 547 0
125 651 2
867 732 1
231 592 2
302 867 2
101 596 1

191 15 4
810 492 14
999 842 15
386 596 14
519 73 16
848 293 25
565 524 17
449 178 9
585 279 6
223 209 3
886 371 21
73 722 13
312 108 12
449 628 12
590 476 7
463 42 7
613 780 19
894 626 17
191 201 3
294 88 24
890 513 23
716 627 11
282 385 9
264 666 4
776 631 10
568 526 13
535 69 15
711 363 5
610 254 18
231 935 21
313 651 25
22 827 19
492 77 22
972 854 4
766 310 26
854 373 16
734 984 22
897 255 13
16 167 26
521 12 4
43 984 10
197 864 9
877 630 19
626 837 20
161 51 23
11 16 5
740 932 3
673 130 19
380 7 25
750 986 14
493 429 14
572 942 16
449 989 18
287 0 9
941 13 23
958 105 5
312 778 12
529 511 20
729 613 8
118 458 12
431 30 6
795 952 20
261 754 9
727 41 9
561 982 25
932 293 5
588 957 11
518 568 12
649 686 20
561 117 2
768 264 4
436 526 8
102 519 9
477 451 4
217 765 25
339 635 18
74 285 4
267 198 22
842 318 11
721 754 14
3 847 22
678 302 16
687 779 19
990 737 11
601 954 26
699 293 11
717 719 23
892 180 17
978 902 24
943 257 23
513 935 25
954 622 7
846 964 19
531 969 21
568 687 16
889 109 4
113 353 10
656 331 14
