315 25 2
838 883 2
704 507 2
74 7 0
956 649 2
662 679 1
924 774 0

467 488 1
517 754 0
733 327 0
169 642 0
130 832 0
180 537 1
784 963 2

913 919 18
302 933 24
609 209 24
849 676 12
506 546 18
39 631 20
979 800 15
945 282 22
272 512 18
988 166 3
735 127 14
609 976 16
619 483 14
88 522 20
883 502 22
321 447 4
944 944 18
751 149 18
874 421 7
267 409 23
946 497 26
833 106 2
749 78 10
563 166 10
8 49 14
253 723 13
272 264 15
946 562 12
395 395 20
433 60 16
568 69 16
641 807 8
21 632 3
207 374 16
920 320 3
482 67 23
897 24 8
827 149 3
216 790 12
272 164 20
451 67 21
274 274 22
713 194 17
714 28 11
462 179 3
708 76 4
14 589 22
93 417 23
494 985 14
55 258 3
600 709 22
246 335 22
959 114 22
719 576 26
422 284 4
821 743 12
643 590 23
607 997 8
383 949 19
578 195 4
400 814 4
417 126 18
462 197 19
38 619 6
690 120 8
283 942 2
294 937 19
642 544 16
248 279 15
915 209 12
269 962 4
671 379 5
539 193 2
983 583 23
796 556 12
623 202 24
40 844 20
806 92 26
521 359 13
860 3 6
63 542 24
815 526 7
678 386 15
463 361 18
