196 69 2
139 910 0
569 668 1
845 94 0
561 122 1
680 769 2
390 717 0
904 440 2
134 104 1

258 480 0
951 677 1
366 816 1
139 737 1
967 935 0
636 848 0
466 529 0
217 271 0
290 527 1

152 661 15
839 271 21
137 432 6
769 399 16
847 387 16
400 206 20
723 423 18
466 65 20
650 570 9
708 881 5
506 55 23
528 313 6
359 561 25
79 636 25
71 454 18
473 44 22
277 104 6
655 962 13
782 315 20
231 193 20
31 273 6
606 344 11
810 759 14
783 388 18
637 43 7
250 722 18
55 857 8
525 494 20
507 77 13
51 108 13
230 714 9
216 962 20
89 544 14
994 794 14
38 201 21
44 726 17
589 234 19
976 285 2
47 436 7
392 95 7
496 594 14
340 683 9
712 112 10
471 30 8
673 369 3
590 768 14
820 160 11
175 8 5
438 348 14
597 928 19
902 821 12
57 534 24
643 263 3
462 735 10
595 350 25
59 523 13
124 488 20
313 437 25
180 340 23
514 392 23
968 855 10
803 774 20
820 750 21
509 187 24
815 701 8
498 824 16
792 185 12
659 43 20
228 709 19
638 571 9
25 188 15
314 356 16
348 969 12
588 468 11
603 612 23
558 763 12
176 991 24
20 630 20
52 468 25
804 845 16
742 512 22
733 860 18
229 403 25
495 4 17
783 532 9
780 552 16
348 957 11
487 855 18
859 940 5
201 333 6
362 914 11
365 13 13
6 796 22
