175 80 0
296 372 0
821 981 2
266 181 0
11 293 2

712 808 0
64 636 0
901 661 1
912 912 0
842 855 2

65 30 11
754 679 10
40 852 16
568 118 24
597 481 17
545 610 15
808 511 4
355 776 16
649 618 21
889 790 10
97 182 12
638 751 8
360 700 14
727 984 10
254 529 22
418 689 8
595 44 11
36 46 7
333 99 18
660 340 8
18 437 15
580 427 18
424 866 2
335 837 18
645 874 14
277 559 15
593 219 5
699 589 19
339 169 21
822 207 3
898 339 25
855 493 18
149 180 5
192 825 6
281 102 15
469 47 11
997 746 25
666 438 22
410 169 5
645 991 14
98 241 5
672 96 23
488 598 3
493 790 6
373 72 10
821 243 6
771 909 19
243 672 13
498 669 7
960 768 23
113 792 20
111 280 18
938 773 10
294 498 9
752 310 3
610 483 21
215 606 5
609 850 4
821 348 24
728 661 17
524 774 9
417 886 16
894 470 15
303 574 25
254 537 8
800 104 14
383 886 17
180 614 3
745 139 2
454 908 15
443 521 16
