672 684 2
914 596 0
184 701 1
478 865 0

39 683 0
706 521 0
543 205 2
894 805 1

244 852 26
227 815 11
49 487 22
225 402 18
126 586 20
139 416 12
652 807 21
325 513 19
735 408 24
582 654 7
767 478 25
203 527 12
324 104 16
392 231 4
810 370 20
798 22 2
117 700 17
661 435 2
58 17 8
613 460 9
21 579 12
596 782 16
658 106 20
123 851 3
525 13 25
696 811 25
673 928 25
164 589 10
766 0 4
23 965 16
530 338 20
515 934 3
731 593 11
603 593 26
876 289 12
876 315 18
224 831 9
359 597 11
512 620 2
476 502 15
372 369 25
50 100 20
834 504 13
822 107 6
823 335 23
635 212 13
728 788 19
763 148 18
797 12 16
797 840 18
113 262 17
331 449 21
969 623 3
848 446 16
721 433 5
909 514 20
576 277 20
545 426 7
134 224 23
577 64 10
390 177 25
656 860 24
425 829 22
654 29 20
570 103 5
698 12 19
966 941 23
87 486 25
840 549 15
