948 676 1
50 555 2
982 489 1
52 891 0

307 449 2
540 8 2
920 415 2
949 233 0

451 317 16
122 770 20
391 71 21
971 121 3
43 103 17
117 507 8
142 815 9
305 707 17
617 929 17
505 380 9
644 854 7
412 597 3
208 921 26
559 964 7
400 433 14
483 927 4
16 232 14
556 535 17
864 152 23
756 657 4
349 626 6
873 538 20
853 938 3
341 773 5
995 789 14
357 698 26
699 914 3
975 988 18
185 934 11
993 635 14
722 509 2
415 362 17
893 55 16
288 112 7
812 164 21
841 487 19
526 462 9
217 647 19
678 993 6
118 715 15
95 483 5
11 376 12
52 27 15
234 667 5
467 479 19
613 672 6
782 199 20
940 768 19
384 799 12
463 917 3
52 364 13
707 727 14
417 779 18
883 366 10
461 833 17
555 446 14
784 229 15
179 169 11
221 905 10
257 368 4
360 420 18
946 127 21
260 897 2
954 780 20
962 593 5
154 148 2
82 111 4
266 684 9
601 941 2
