428 607 0
436 722 1
656 637 2
413 745 2
559 157 2
55 203 2
499 665 2
158 365 1
607 302 0

707 390 0
438 818 1
791 254 1
642 262 0
546 676 2
365 587 1
480 994 0
461 493 1
264 3 0

114 670 26
333 108 22
864 899 3
765 893 16
655 440 19
642 157 6
786 637 3
850 66 25
580 933 13
316 48 8
91 733 19
36 597 20
939 714 14
753 721 6
595 715 15
377 853 2
774 189 21
47 121 6
635 437 4
894 880 15
261 268 12
231 208 4
95 961 25
399 909 16
14 791 10
619 565 26
290 965 24
894 600 12
899 494 17
637 107 13
324 339 21
202 186 16
437 117 20
173 88 13
97 378 3
682 523 2
749 160 9
85 837 25
629 915 12
135 117 25
901 510 2
954 300 21
149 473 9
262 570 14
340 417 14
19 99 12
896 849 25
880 286 14
204 916 4
988 112 9
647 374 7
685 715 26
699 86 26
236 982 2
286 862 13
328 436 9
600 102 16
734 871 3
521 211 15
780 858 17
610 895 7
210 594 20
261 831 2
513 117 16
51 643 10
715 571 26
410 178 8
350 959 18
665 921 14
47 483 8
515 96 16
982 13 4
65 871 25
936 938 23
910 520 7
107 930 11
515 280 22
944 345 4
