345 531 2
202 174 1
570 499 1
423 473 1
174 24 0
624 650 0

363 308 0
577 668 1
771 572 1
688 243 2
826 940 1
873 143 1

385 65 22
509 840 20
668 14 19
216 990 19
510 353 4
127 283 23
26 94 18
185 794 26
704 531 19
74 40 9
269 60 26
137 277 16
6 787 22
536 266 5
734 427 11
504 453 6
222 645 4
529 830 25
330 886 6
197 960 24
257 229 9
683 718 11
99 77 26
869 613 19
274 699 21
734 203 26
640 778 23
819 307 3
792 637 14
296 187 26
193 796 8
503 479 3
89 578 5
815 448 20
808 722 19
579 808 25
156 800 5
377 619 12
429 411 26
718 60 13
968 605 9
151 108 13
52 550 17
31 365 17
326 173 16
321 105 2
871 261 2
199 638 22
834 419 10
810 138 20
622 458 3
20 661 13
37 44 4
502 723 4
393 44 9
93 267 20
66 652 5
949 462 20
245 436 5
859 38 5
771 75 24
400 929 22
202 322 18
110 768 10
630 714 26
789 780 5
720 81 18
140 678 4
19 176 24
858 36 12
711 807 14
961 207 20
933 761 20
950 223 13
585 854 2
687 995 9
440 715 17
8 856 21
13 227 22
35 437 8
96 501 17
935 462 26
704 747 13
358 635 17
44 114 3
703 488 13
