380 187 0
23 47 1
285 936 1
932 713 2
818 425 1
166 164 0
105 228 2
584 602 1

573 352 0
973 82 0
849 814 1
593 837 1
385 123 1
262 407 2
993 577 0
649 744 0

965 201 26
135 711 10
503 684 17
442 885 6
272 478 20
963 830 4
498 825 26
72 299 16
76 786 2
784 289 13
27 858 22
296 821 2
675 15 3
280 865 3
883 609 19
923 37 7
25 173 22
164 451 8
187 685 16
41 713 26
463 361 22
716 36 14
792 317 7
45 650 19
88 534 5
783 809 20
263 834 18
385 998 22
591 538 7
858 579 20
982 395 8
280 111 22
944 255 16
474 300 16
274 523 11
692 787 21
635 172 19
30 116 7
111 326 14
256 660 11
115 940 22
10 237 4
574 711 6
788 605 21
889 879 20
798 923 7
894 558 6
637 941 22
833 660 11
566 137 15
243 711 2
967 786 23
223 775 14
305 293 23
193 536 11
145 461 13
54 103 6
842 42 25
905 361 11
879 584 13
793 180 9
112 475 18
91 128 20
549 433 13
497 979 26
20 531 17
977 373 9
825 631 20
811 862 7
81 767 14
806 961 7
618 491 15
195 997 23
120 732 18
908 165 12
170 690 25
