154 596 0
623 353 0
245 546 0
28 999 0
610 610 0
525 914 2
607 462 1
301 359 0

37 153 2
52 239 0
420 745 0
236 368 0
668 966 1
398 994 1
51 604 0
49 481 0

80 742 5
728 131 11
196 183 25
179 955 23
759 191 18
691 212 9
352 14 10
144 415 18
851 8 9
373 88 3
901 168 9
935 716 19
932 655 18
23 698 7
492 421 24
334 624 7
968 997 22
697 899 15
204 186 9
599 99 5
137 759 10
242 840 8
662 676 9
743 169 5
592 855 5
449 175 4
394 872 5
860 429 19
394 28 18
472 976 2
557 114 11
692 708 3
48 370 6
438 58 7
468 860 10
496 606 9
774 818 15
591 212 18
860 684 20
571 286 21
174 686 19
254 158 20
261 626 5
444 474 12
204 249 7
392 192 20
961 52 4
165 487 11
884 661 24
678 467 19
586 721 4
787 779 7
924 335 8
880 727 25
48 688 5
252 194 19
50 359 9
486 596 20
609 274 14
803 213 10
155 470 22
485 609 26
642 534 13
48 414 15
999 462 4
2 714 25
921 117 12
328 603 10
