226 612 1
209 411 0
576 560 1
473 491 2
49 300 0
209 920 1
923 41 2

181 126 0
69 612 0
680 318 1
840 544 1
728 105 2
236 682 2
892 155 0

178 556 4
463 118 24
154 41 17
183 996 8
408 676 3
455 833 12
463 256 2
891 577 14
153 831 11
811 239 13
788 117 7
308 78 4
286 533 14
298 99 17
465 914 25
541 632 23
86 523 26
25 982 24
539 135 7
48 947 23
234 87 15
289 395 19
131 684 5
46 150 20
868 481 4
392 507 12
271 94 23
569 681 10
633 970 8
127 264 19
985 793 5
378 715 25
359 328 16
946 245 12
669 868 8
42 438 14
359 550 3
660 771 9
483 878 18
140 590 23
304 536 20
523 600 6
500 415 12
523 646 6
340 306 4
872 790 10
340 930 25
136 587 13
882 453 21
496 328 21
900 893 24
808 970 5
593 493 26
124 185 10
427 57 2
960 749 9
435 238 21
446 120 25
808 595 18
451 348 8
