238 826 0
530 775 0
952 895 0
180 460 0
770 463 2
691 597 0
497 498 0

65 463 2
327 103 1
783 156 2
689 394 2
488 925 2
748 229 0
124 409 0

190 223 19
939 72 17
233 137 7
125 816 11
607 952 17
274 641 13
91 229 19
958 705 4
637 177 13
224 659 9
167 244 23
924 721 15
433 328 17
820 826 3
147 816 8
358 300 3
144 877 12
651 44 9
0 968 5
813 754 9
930 556 15
688 770 16
279 673 9
979 992 4
387 702 4
163 846 6
736 15 4
170 945 10
558 985 8
372 264 8
55 717 3
916 48 20
945 435 22
274 598 20
731 883 22
302 619 12
331 789 9
565 347 19
273 72 11
654 479 3
880 395 3
450 692 13
722 966 13
840 447 15
161 531 23
331 185 19
869 517 10
351 434 10
819 707 7
255 713 11
408 945 8
609 747 25
597 469 18
