106 201 0
634 483 2
737 721 2
485 73 0
362 801 1

693 225 2
480 879 2
540 154 2
270 262 2
243 393 0

878 851 14
759 838 22
710 575 18
324 412 18
103 774 21
280 467 24
787 948 3
921 840 9
512 462 23
866 705 19
450 936 22
939 695 10
559 757 13
252 81 25
371 536 25
642 816 19
139 955 19
868 877 9
599 607 4
841 409 17
286 700 12
570 259 21
781 864 2
756 235 15
506 229 8
724 369 14
241 589 18
599 339 11
770 938 20
999 131 7
164 770 7
376 692 17
747 581 20
37 88 24
144 812 20
558 405 9
849 4 24
280 478 23
385 995 18
608 69 10
889 168 18
206 702 20
25 260 26
432 461 7
569 326 15
228 456 25
969 565 8
799 771 10
792 796 20
543 581 8
299 112 6
533 33 9
306 560 5
90 980 20
950 977 17
828 665 21
534 316 9
990 849 19
773 448 22
619 106 7
73 548 13
93 843 23
570 862 26
963 813 5
128 748 2
442 577 19
336 463 12
695 454 13
440 579 13
792 623 20
905 69 13
227 639 3
726 602 16
555 731 14
857 525 18
824 861 9
811 909 15
647 349 19
27 153 18
670 59 12
509 286 26
76 919 13
338 128 13
