999 885 0
692 830 1
842 383 0
586 259 1
392 91 0
848 842 2
770 447 1
825 783 0
646 708 2

641 886 1
316 238 0
503 930 1
843 124 1
456 711 2
706 455 1
280 303 1
44 425 1
578 250 0

135 890 7
369 558 20
136 413 2
85 257 2
8 772 20
42 52 25
918 449 25
241 27 2
700 247 26
272 103 25
193 676 22
243 93 11
276 495 12
499 7 16
102 59 13
991 550 26
291 170 18
4 364 21
975 959 17
467 296 18
679 148 8
341 999 17
30 101 26
318 55 4
341 398 7
834 693 18
580 668 3
66 146 19
207 826 19
465 167 19
731 549 22
407 219 2
10 561 25
515 29 16
934 795 5
656 282 8
843 658 5
362 389 6
334 797 26
362 159 12
787 26 18
902 568 8
62 502 5
242 139 21
102 147 5
109 175 23
645 18 7
349 732 23
953 66 22
129 428 6
514 216 7
280 118 26
613 532 5
742 774 22
438 877 21
769 338 21
292 983 16
122 684 23
46 990 17
766 119 22
646 986 13
903 618 8
729 232 17
410 326 17
230 116 19
901 885 9
748 530 17
612 4 4
561 50 19
928 817 15
735 718 20
568 448 4
934 858 5
426 440 23
502 441 16
