447 54 0
273 400 1
755 862 2
802 302 2
704 239 1
50 486 1
385 67 1
539 8 2

550 164 1
804 90 0
847 889 0
900 162 2
292 270 1
496 72 2
300 128 2
362 178 0

722 915 8
31 357 7
411 361 11
980 261 26
950 553 23
134 50 22
973 702 25
50 416 3
614 490 18
597 567 25
588 951 7
96 847 20
693 610 6
828 590 20
100 379 25
147 352 4
970 403 23
971 369 15
239 966 10
314 906 11
746 2 8
340 696 20
646 876 10
563 656 12
493 626 17
839 949 11
27 188 4
135 503 11
546 601 15
804 941 11
672 940 14
131 506 21
186 546 7
269 462 13
57 307 14
159 525 6
172 559 12
497 388 21
560 871 4
31 58 3
12 327 17
648 736 24
263 984 22
826 495 24
930 883 14
802 719 17
656 568 5
450 128 2
454 160 10
357 524 14
722 524 26
746 787 12
916 966 7
728 490 25
52 292 21
92 948 15
521 750 20
173 556 7
531 914 6
920 988 6
694 735 20
804 3 11
954 400 4
554 452 21
114 770 23
400 793 21
821 949 26
855 711 21
842 17 23
319 571 25
440 445 24
32 746 16
112 813 19
457 284 18
791 685 11
212 506 12
637 713 23
229 227 12
529 668 9
727 529 23
46 914 21
13 378 9
696 979 3
766 561 10
832 790 14
469 320 7
903 399 14
249 797 5
693 810 8
950 616 20
844 664 24
