380 317 1
93 114 1
207 466 2
835 846 2
307 504 1
872 359 0
192 492 1
486 75 0
631 510 1

102 624 0
136 4 2
963 98 2
919 657 2
940 844 0
770 503 0
483 376 1
998 568 1
381 406 1

782 37 21
934 491 20
309 628 24
1 943 24
160 863 8
786 155 3
610 277 6
938 760 7
978 758 2
510 492 9
469 274 21
938 560 13
31 221 18
481 574 11
28 735 26
585 873 9
986 483 11
242 773 24
523 752 9
723 614 26
330 84 2
975 374 14
463 758 10
579 239 10
265 556 22
47 894 7
458 137 5
630 12 9
265 735 24
39 418 10
792 745 11
104 208 19
638 139 10
645 746 13
320 604 24
700 586 11
833 203 23
932 595 16
115 387 11
24 491 19
44 481 10
654 931 15
884 576 13
23 993 9
408 665 15
464 551 9
85 483 4
125 950 16
261 326 9
254 370 16
89 377 24
702 261 26
766 636 21
140 974 5
891 790 8
198 876 18
741 614 19
874 220 17
737 364 7
563 482 19
220 597 17
775 841 7
282 811 2
574 3 14
243 741 6
174 304 13
408 611 20
698 386 11
779 619 3
87 793 22
101 858 9
81 493 21
633 419 24
496 663 17
75 189 24
488 634 15
359 42 2
828 741 15
137 872 12
735 764 16
218 845 11
512 479 5
