93 732 2
513 806 2
937 740 0
443 36 0
250 810 1

36 332 2
158 801 1
443 717 2
300 181 2
766 348 1

644 441 21
478 954 4
605 243 19
538 686 7
825 289 18
179 677 2
585 279 23
491 931 4
826 698 2
486 342 20
583 172 26
837 129 19
832 668 8
862 493 22
55 672 26
580 174 12
7 603 24
584 429 22
861 267 16
931 850 14
955 40 18
574 872 13
880 86 7
827 142 6
264 685 18
707 692 21
729 628 2
802 489 19
568 772 20
155 727 12
224 302 9
960 534 20
542 714 14
797 518 16
578 782 26
471 489 21
967 570 24
84 293 13
914 24 20
573 337 6
967 879 20
854 28 13
168 606 22
520 429 13
564 396 9
588 640 10
389 556 6
755 823 5
681 363 24
950 570 4
88 90 13
361 962 17
122 878 16
806 467 6
215 569 8
268 310 15
122 417 13
353 544 9
920 226 25
719 528 20
899 968 12
685 329 25
252 452 3
216 610 20
854 446 4
92 920 24
505 273 18
963 546 19
488 617 22
231 516 18
768 553 22
916 806 26
295 374 12
140 547 14
907 402 10
985 846 6
832 352 6
