610 623 0
308 137 0
170 223 2
67 611 1
666 282 1

694 236 1
376 293 2
933 952 2
203 253 1
450 833 2

856 795 19
226 625 7
655 692 18
653 710 2
211 404 14
12 780 7
2 65 12
532 269 15
176 71 25
997 830 26
929 486 19
472 139 4
649 703 9
63 715 14
771 69 7
431 601 3
443 902 3
688 542 9
37 891 15
12 172 3
679 996 17
190 61 12
753 832 6
334 959 16
358 754 18
661 443 12
920 480 3
658 492 2
234 171 23
302 580 19
72 770 5
910 875 14
816 960 4
676 646 13
666 356 18
557 369 13
572 887 11
768 541 18
865 875 16
304 44 2
6 720 25
668 386 7
436 944 3
690 10 21
578 934 8
638 703 24
981 665 14
743 883 17
85 187 11
35 194 6
335 862 20
992 650 16
19 649 5
335 691 17
