451 964 1
667 723 2
267 323 2
864 677 0
208 885 2
640 18 1
403 923 2
848 918 1

464 742 2
108 897 1
646 700 1
503 367 0
885 986 0
612 202 0
354 410 1
502 403 1

814 158 23
21 7 17
700 471 9
584 931 8
109 577 8
949 432 3
752 930 19
20 284 6
525 138 11
48 304 20
847 326 4
212 26 25
671 611 6
379 72 11
787 373 18
915 238 11
30 990 16
699 362 2
965 936 21
310 783 24
662 347 3
837 370 16
943 749 13
627 888 13
96 804 2
530 834 19
246 533 7
598 663 21
59 952 16
910 141 11
724 85 12
962 712 26
573 808 5
775 690 16
968 288 26
875 238 16
752 265 14
