104 607 0
519 786 1
968 530 0
826 989 2
262 833 2
486 177 0

294 730 0
923 667 1
301 162 1
261 184 0
726 640 1
533 511 1

454 658 10
570 272 18
609 758 20
242 405 3
168 680 20
609 981 8
530 242 19
675 501 25
337 385 7
881 191 17
414 761 14
781 371 24
676 965 6
948 95 17
100 425 5
85 452 9
934 790 21
656 438 26
42 247 14
872 902 24
381 850 19
224 606 22
362 144 26
621 430 16
265 396 15
453 404 3
402 374 26
426 416 23
537 374 2
950 259 17
274 621 13
503 313 20
531 67 19
130 493 12
328 908 5
429 446 4
379 553 4
640 855 13
607 129 11
718 827 6
611 92 19
900 947 7
945 830 2
364 312 22
199 641 6
27 422 4
581 153 7
85 793 12
496 400 16
233 118 20
212 729 15
404 981 12
262 926 20
187 290 7
988 221 22
495 240 19
380 89 20
746 322 15
940 886 22
578 291 5
515 905 7
635 444 24
716 753 16
789 742 15
