357 77 1
194 730 1
897 261 1
807 230 0
732 183 2
161 966 0
384 44 0

363 606 2
116 635 1
317 916 2
7 625 0
992 819 1
551 716 0
620 875 1

468 607 14
927 121 7
875 505 26
295 221 9
402 337 22
232 7 13
508 14 13
861 6 10
993 530 2
920 350 11
382 278 7
162 505 15
338 800 11
120 554 25
890 139 7
928 647 23
592 508 5
75 804 17
274 797 22
701 69 25
736 803 3
243 317 10
256 655 12
842 128 16
118 18 7
48 947 4
345 539 14
0 966 21
565 240 20
12 294 15
810 30 18
238 273 13
523 882 18
730 243 16
860 940 7
497 292 23
643 209 15
