304 39 1
169 319 2
687 84 0
428 107 1
405 504 2
582 195 2
589 22 1
381 182 1
646 585 0

710 705 0
275 361 1
942 530 1
554 570 2
301 350 2
461 108 1
16 690 0
720 279 2
472 661 1

88 307 7
393 18 14
52 587 8
824 147 3
859 608 11
751 976 2
190 696 8
651 520 19
646 960 4
863 232 21
898 708 2
51 568 12
313 671 13
265 214 12
496 865 9
741 864 20
919 306 6
838 872 17
402 569 10
902 972 5
151 902 18
988 751 8
345 492 24
663 489 15
687 408 23
943 598 22
835 296 16
260 698 12
394 953 9
799 19 22
876 170 24
167 158 25
324 856 19
696 519 8
345 949 15
930 695 20
840 495 15
35 371 12
484 539 21
377 263 23
559 127 7
852 463 10
744 145 24
932 842 26
523 125 23
66 965 20
629 352 17
715 836 8
311 521 25
763 899 15
734 810 19
616 662 8
352 759 5
776 43 22
150 566 24
924 985 14
192 966 18
184 33 5
715 344 26
165 459 25
879 546 12
71 514 25
79 866 11
584 643 4
52 69 8
