694 662 2
531 405 0
260 92 0
966 911 0
373 733 1
373 45 0
225 448 2

688 500 1
814 202 0
892 208 1
841 254 0
339 786 0
988 398 0
716 717 1

311 464 7
887 543 12
726 787 21
831 980 25
598 319 13
122 307 14
738 375 6
617 28 21
878 339 12
641 760 7
247 999 2
129 909 21
104 508 15
866 982 23
959 690 3
630 920 18
766 456 16
942 449 3
200 49 5
0 809 6
859 42 25
450 260 10
996 990 8
269 949 25
571 580 21
564 698 4
553 640 3
6 192 2
459 193 13
79 696 21
379 146 6
662 142 22
121 335 5
919 804 21
847 810 15
611 260 20
807 423 15
908 808 24
932 281 11
535 73 12
189 344 18
835 543 5
673 368 2
57 332 13
277 20 6
194 827 4
258 365 17
168 626 2
842 558 10
851 445 10
463 986 4
231 821 22
809 847 18
10 256 25
823 533 20
607 338 14
324 506 17
849 348 25
359 551 23
221 949 8
109 943 19
4 623 24
726 230 14
166 906 20
628 408 16
35 629 15
616 672 24
396 259 19
80 368 15
650 373 13
287 265 26
132 849 8
774 684 9
589 71 13
221 869 15
159 519 13
72 170 14
567 457 7
616 590 6
124 268 14
98 42 25
480 631 21
843 336 13
230 562 25
525 783 19
540 294 15
928 366 10
415 933 20
872 901 12
178 25 5
892 475 22
290 307 6
112 502 17
973 733 6
271 258 15
180 78 3
741 845 13
