598 149 0
149 278 1
351 850 1
228 22 0
280 278 1
701 885 1
757 875 0
733 81 1
955 191 1

241 838 1
731 789 0
332 938 2
41 641 2
588 221 0
49 854 1
627 907 1
575 664 2
958 749 2

641 382 7
28 714 20
341 756 13
504 696 10
41 98 16
856 725 23
909 652 14
837 962 14
846 507 21
399 967 19
438 960 26
618 988 18
88 681 24
236 578 20
248 732 23
869 483 17
436 921 4
402 331 23
526 234 10
698 471 15
617 598 2
451 677 4
592 465 2
837 605 26
310 483 11
321 182 9
909 151 7
411 431 14
72 709 22
816 161 26
44 105 17
896 501 20
640 338 3
714 1 13
375 322 22
507 583 23
590 572 16
492 983 22
955 407 9
577 576 22
229 620 2
346 516 3
314 156 19
240 223 20
649 458 4
96 48 26
59 199 21
466 129 22
738 358 17
763 704 11
642 370 19
859 963 19
429 317 20
673 966 5
852 414 5
252 776 24
833 654 3
904 393 13
946 508 19
857 502 14
277 361 2
271 142 19
216 167 11
619 20 2
774 624 4
822 963 17
69 148 23
797 404 18
883 703 4
25 560 6
889 189 20
365 461 12
509 677 7
146 423 26
448 597 16
290 18 16
138 815 21
380 50 24
482 427 11
86 317 3
756 682 14
217 191 18
197 164 19
549 310 18
525 110 17
464 400 11
255 538 26
451 270 4
350 104 6
810 543 23
