478 946 0
47 596 1
484 301 1
2 585 0
682 418 2
146 658 0

441 768 2
381 918 1
723 272 2
506 80 1
467 558 0
529 957 1

462 441 10
837 796 20
267 478 14
887 976 24
34 770 17
422 151 13
386 227 10
105 733 17
639 200 2
604 543 3
38 733 26
56 352 6
845 239 7
292 273 2
860 696 6
346 434 8
647 531 18
99 355 24
360 997 4
540 251 22
345 544 23
273 404 19
352 102 5
992 657 8
664 166 17
583 878 15
236 589 23
240 481 24
188 178 20
409 451 24
678 155 26
381 165 12
976 566 19
102 558 26
583 574 17
24 158 20
814 394 11
10 986 17
809 174 21
153 583 24
252 613 7
214 323 16
531 426 24
506 361 24
998 737 9
369 551 3
121 723 16
92 876 26
866 128 15
796 582 12
244 148 10
258 680 13
182 538 25
329 536 12
986 905 16
389 586 6
779 59 6
695 503 7
194 369 13
659 166 22
119 410 21
