953 342 1
577 298 1
280 107 2
506 851 0
408 858 1

701 599 0
800 145 0
731 491 2
485 688 1
666 570 2

323 452 26
21 85 10
165 943 14
693 704 22
663 405 23
324 206 18
748 774 25
353 792 22
335 502 22
11 177 2
337 199 12
771 364 5
408 409 9
255 424 17
701 748 23
80 799 13
203 504 7
601 840 9
521 203 13
598 541 12
408 664 3
514 424 14
323 679 13
538 380 13
311 25 14
373 105 15
561 661 19
375 135 15
739 734 8
949 494 22
228 8 23
915 684 2
27 222 9
590 534 10
852 259 17
617 821 5
996 442 5
661 181 16
867 482 10
89 710 21
735 978 5
412 5 4
470 595 15
553 800 25
445 769 23
999 656 14
166 653 6
469 314 14
210 534 24
94 975 11
690 711 14
618 123 21
120 945 19
861 850 21
509 296 15
330 295 22
217 813 25
899 283 16
113 845 2
810 939 3
922 629 16
754 72 12
148 933 12
342 442 10
925 693 19
550 944 4
842 410 24
468 494 22
24 612 21
661 760 4
148 102 23
932 759 24
362 37 19
254 587 16
133 429 26
858 449 23
522 269 18
519 954 24
116 330 11
785 343 21
487 423 9
359 786 23
629 392 11
843 878 17
663 258 13
706 777 17
903 894 24
64 31 17
985 771 10
360 258 11
495 970 24
777 442 21
