709 350 2
858 69 2
250 484 1
404 997 0
175 767 1

236 39 1
671 826 2
320 433 2
340 779 2
699 617 0

451 679 5
855 537 26
119 140 11
410 544 10
929 71 2
425 330 20
647 650 3
420 343 7
345 42 2
3 701 22
104 172 12
338 934 8
922 863 4
624 961 11
366 387 19
934 34 19
68 151 7
303 181 5
973 286 4
784 976 13
842 250 3
620 875 17
56 241 4
823 176 15
593 463 22
705 883 23
212 405 25
213 708 8
618 34 19
196 170 21
59 12 21
786 632 23
605 864 18
418 809 8
390 515 19
514 727 24
112 292 10
595 263 19
13 459 14
759 870 26
403 656 11
740 439 20
733 210 5
189 600 20
233 114 24
331 578 19
841 174 7
33 539 18
747 298 13
473 53 20
184 680 6
936 772 21
905 857 8
683 47 8
328 632 25
52 963 5
69 156 6
349 541 20
792 288 20
754 762 26
724 946 8
528 883 6
772 140 13
578 823 12
337 503 20
562 555 10
717 977 17
47 678 8
138 225 11
62 949 9
18 477 19
99 602 9
38 532 9
23 869 12
993 783 20
721 900 25
704 167 23
976 657 23
362 719 24
47 90 2
614 189 6
674 227 13
556 603 10
294 948 18
587 227 19
209 300 19
509 5 14
281 333 23
629 48 18
927 95 10
54 61 24
783 735 4
44 644 9
879 290 9
146 229 14
285 299 21
824 580 5
20 210 3
936 137 25
