342 833 1
445 120 1
807 321 2
348 736 1
607 362 0
745 507 1
567 315 2
981 459 1
319 881 0

269 792 2
482 134 0
190 932 1
307 739 1
307 439 2
38 46 0
716 791 1
224 710 1
733 44 2

25 363 24
424 984 16
125 466 3
363 656 10
721 315 24
400 975 15
168 13 11
289 305 16
946 390 12
62 767 2
411 192 11
553 669 5
181 32 11
40 505 4
841 966 5
830 912 21
668 89 5
753 642 24
656 823 8
567 564 13
794 604 21
915 296 24
563 489 15
517 672 4
213 240 7
980 13 14
304 21 14
661 589 6
474 735 12
793 84 22
138 999 20
148 432 7
752 645 24
682 321 7
702 653 23
716 958 19
553 971 10
18 239 7
908 538 23
491 38 5
98 791 2
945 825 26
53 879 4
174 595 14
668 501 10
752 160 6
923 530 22
178 345 24
432 254 14
306 97 3
611 196 21
914 493 23
538 898 3
167 424 25
107 93 26
665 197 14
21 120 19
941 82 23
155 388 20
408 0 18
452 914 14
