227 33 1
599 558 2
409 430 1
531 311 1

533 875 1
433 3 0
671 372 1
236 147 0

673 767 8
580 43 22
662 270 7
995 631 22
725 514 11
16 48 11
539 481 16
458 504 13
232 740 12
225 766 6
309 698 25
981 712 22
686 206 19
301 201 3
699 279 17
408 295 15
344 187 24
284 997 3
947 229 21
758 806 14
687 115 12
12 448 26
608 134 7
777 788 11
894 247 12
257 943 26
454 579 23
508 527 2
302 637 9
214 676 26
176 689 25
850 649 11
83 426 26
517 5 15
582 251 14
942 860 8
842 315 12
90 175 16
216 477 3
500 43 5
251 219 21
451 69 20
786 152 21
926 603 4
838 898 15
46 92 7
834 182 7
148 750 11
452 602 4
80 206 23
749 657 19
419 795 24
515 408 20
969 334 26
321 524 24
886 571 16
118 405 25
761 357 5
688 789 11
186 890 21
754 309 16
826 825 24
919 794 8
320 467 8
267 706 6
658 176 11
232 702 16
260 463 26
538 504 15
375 690 6
869 796 15
158 622 17
208 894 13
978 492 17
356 688 10
855 227 14
143 954 6
322 823 5
163 333 4
828 541 23
992 485 15
623 984 26
