992 500 2
31 173 2
710 987 2
182 283 0
671 1 2
632 240 0
443 464 0
708 603 1

906 764 1
289 234 1
377 227 2
229 610 1
403 320 0
307 854 2
16 525 0
82 158 1

578 953 15
739 13 18
946 919 9
947 561 18
378 938 22
309 519 7
765 274 4
208 933 9
638 949 11
70 383 21
93 961 25
933 53 13
376 999 8
583 946 19
25 324 9
45 633 5
28 398 4
330 958 12
487 597 12
522 19 22
564 398 14
428 774 13
859 358 12
203 735 13
485 780 22
638 160 22
777 978 7
439 852 3
485 271 17
844 187 15
19 826 25
729 29 10
116 866 17
488 504 3
610 921 19
