711 837 0
311 913 2
319 106 0
286 92 2
420 364 1
35 434 0
211 371 0
528 59 1
572 870 2

701 530 2
351 593 2
360 256 2
157 575 2
80 214 1
793 634 2
333 670 2
856 233 2
264 113 1

471 685 15
569 739 20
124 450 22
910 959 24
802 39 13
786 185 23
487 518 18
622 727 3
128 991 17
398 463 2
186 32 18
856 636 10
472 760 13
992 23 24
439 825 14
101 612 26
397 451 19
715 73 21
266 553 15
931 952 3
634 490 12
427 699 23
311 171 10
997 163 8
735 55 23
309 804 26
573 138 4
736 421 8
714 407 24
833 847 9
614 193 13
925 929 21
21 270 14
374 6 10
382 73 20
529 797 5
96 705 25
980 671 20
713 445 15
37 689 4
635 798 11
228 679 10
8 759 7
286 207 14
411 188 11
729 7 8
519 187 25
701 225 15
317 13 7
553 593 14
586 601 25
806 2 22
440 84 6
404 932 16
452 985 18
542 491 21
48 160 10
55 713 3
892 848 23
898 654 26
443 447 10
348 822 25
676 226 9
192 679 19
285 221 13
405 621 23
890 677 14
968 771 18
648 664 16
898 709 19
608 409 17
731 86 20
490 630 24
234 916 23
470 673 19
219 563 23
461 804 2
781 54 13
901 662 23
491 745 11
659 235 16
859 469 7
632 940 5
674 159 20
645 691 11
856 152 17
519 186 8
115 29 5
149 41 15
814 900 9
572 653 22
508 509 26
248 842 12
394 714 25
202 829 5
755 979 21
543 145 23
