72 604 0
159 632 1
64 666 0
340 711 0

63 540 1
797 799 1
955 915 2
849 751 1

554 204 7
382 754 18
353 826 23
935 338 5
240 94 8
607 158 25
977 307 26
391 263 16
920 464 20
429 19 24
186 753 6
227 106 7
225 393 22
504 596 3
801 188 25
457 796 10
5 125 17
705 516 7
671 789 24
741 570 18
664 756 21
693 335 4
798 417 23
449 218 12
547 27 8
155 32 8
423 89 2
305 113 16
652 854 13
370 870 21
489 563 6
419 816 21
365 63 8
825 963 10
433 470 20
167 893 11
417 199 26
769 222 3
838 63 19
594 834 10
264 928 26
702 646 16
359 823 4
42 257 25
462 776 20
972 193 19
298 353 23
479 122 22
531 312 12
850 906 22
985 522 2
734 225 23
250 936 22
730 330 6
680 793 7
523 117 2
918 415 5
516 895 4
336 778 16
571 980 24
993 965 24
344 51 26
692 653 12
864 383 17
293 63 12
850 939 6
984 61 24
225 984 6
725 978 23
747 674 24
346 366 4
