15 721 2
215 55 2
819 309 1
179 393 1
373 961 0
31 342 2
986 483 0
133 685 2

436 744 0
481 711 1
91 726 0
331 941 0
931 112 0
913 643 2
661 17 1
649 48 1

858 386 15
949 871 25
74 141 8
790 584 9
580 267 3
424 198 17
829 125 5
596 984 17
986 933 15
61 61 23
21 858 18
572 634 18
940 564 7
599 393 10
627 787 11
407 383 21
261 430 18
150 75 8
968 21 26
210 961 15
267 912 11
450 891 23
406 873 4
978 797 25
107 947 25
513 225 24
778 193 23
29 403 11
53 473 17
401 585 18
132 991 17
584 329 5
171 307 3
69 414 2
394 280 2
426 931 24
152 337 23
686 223 2
828 159 6
457 330 15
960 794 12
263 963 20
759 280 9
581 211 4
662 667 18
987 848 2
993 657 8
387 204 3
747 467 18
517 578 25
726 237 9
866 170 22
696 851 3
616 513 22
759 853 20
709 198 4
342 505 21
375 244 3
