890 39 2
535 620 2
951 2 2
860 716 0
310 779 2
835 358 2
639 873 0

839 136 1
435 174 2
599 584 0
258 826 1
222 362 2
361 665 1
513 525 0

431 670 6
818 853 19
616 288 18
151 887 4
660 497 6
208 719 20
81 80 10
843 220 25
213 3 21
942 569 10
339 355 3
308 506 17
212 167 16
943 727 10
36 808 17
147 764 12
783 959 7
606 173 11
452 467 5
312 716 19
25 408 26
378 68 7
618 280 26
59 224 6
867 260 14
107 407 6
293 542 15
50 149 15
459 601 8
789 914 26
858 291 9
282 670 2
14 700 9
233 27 4
687 672 21
452 722 20
391 534 24
149 323 15
858 816 3
391 396 21
198 291 15
618 524 17
445 563 16
166 16 14
37 407 25
861 908 25
980 741 26
32 550 9
76 293 7
820 844 24
835 462 25
526 259 14
592 777 5
381 814 14
704 675 22
703 626 5
235 607 22
936 991 24
19 419 19
