611 664 2
586 829 0
771 996 1
9 742 1
553 133 1
387 940 0

944 624 1
101 155 0
971 917 0
685 719 0
141 330 2
454 268 0

638 40 3
534 401 20
71 954 5
482 694 20
952 739 26
555 62 18
414 748 15
820 241 22
595 47 16
198 685 8
502 572 9
547 643 14
726 477 8
196 494 23
939 798 14
188 705 26
707 119 24
945 292 17
865 887 16
54 437 2
635 291 26
970 839 19
907 917 23
511 52 17
223 593 22
997 300 17
872 597 9
987 462 23
502 869 12
54 504 4
178 826 18
297 733 10
336 134 5
576 357 23
522 355 25
587 579 24
296 566 11
892 420 5
306 4 13
174 653 24
959 547 22
858 235 9
161 811 16
409 333 23
309 272 2
806 920 21
298 794 20
335 452 26
198 627 5
795 586 2
368 796 12
75 309 25
139 70 11
263 379 10
965 537 6
