573 476 0
311 719 0
310 205 0
620 537 0
960 433 2
617 356 2
700 424 1

695 458 1
889 622 1
45 175 1
183 748 2
723 411 1
762 74 1
825 694 2

193 654 20
98 272 26
472 324 2
510 260 10
213 658 10
578 841 10
772 564 22
685 326 21
155 152 15
515 697 22
660 795 21
809 619 20
86 231 19
822 94 4
181 307 12
714 885 4
700 658 20
97 695 22
568 203 26
381 70 23
553 730 20
997 539 16
118 977 25
610 800 19
362 981 3
125 47 15
729 747 25
897 844 21
743 146 19
986 49 15
801 167 17
199 129 19
43 843 25
194 968 23
934 697 20
333 595 17
427 691 4
76 787 2
443 578 4
892 917 3
232 70 22
549 621 3
667 664 21
765 210 15
263 144 14
157 477 11
599 256 3
453 332 15
454 127 20
858 371 12
959 603 7
931 153 3
328 937 4
241 201 26
556 710 5
465 661 12
66 114 21
806 920 24
125 778 20
360 89 26
18 372 4
887 85 15
391 326 18
519 700 16
606 118 8
25 925 3
195 114 23
448 429 2
999 668 12
839 59 16
233 452 25
336 323 2
453 929 21
36 306 23
539 231 25
821 778 14
545 199 22
289 999 3
141 350 21
343 774 9
193 463 7
744 916 11
765 304 18
711 843 26
411 665 6
873 210 5
