365 690 2
388 444 0
970 699 2
308 275 1
549 143 2
124 566 1
461 182 2

732 623 1
815 164 0
446 423 2
792 788 2
798 528 2
414 498 1
356 159 0

289 708 6
645 184 22
926 998 7
709 730 7
105 897 21
337 52 12
372 761 23
681 50 6
486 47 17
856 326 15
113 387 21
993 845 18
37 165 16
505 333 7
465 687 20
601 25 25
588 397 11
734 78 13
940 916 12
719 238 3
190 232 23
559 269 15
623 126 23
528 591 10
724 133 7
433 868 13
896 808 4
758 139 4
947 211 18
523 753 25
944 312 21
882 288 23
505 816 16
463 592 9
799 316 18
342 349 21
422 108 13
626 55 26
392 874 19
689 108 7
126 428 18
686 227 9
379 759 13
940 453 12
661 875 20
874 502 2
298 571 7
828 316 6
22 5 14
152 117 4
450 243 10
693 929 12
253 308 23
914 600 2
747 136 8
272 787 5
57 637 3
601 943 15
547 890 5
68 156 6
598 179 6
6 452 18
986 532 10
282 941 24
719 878 23
14 425 15
969 846 21
173 241 3
298 550 12
452 819 12
501 754 3
692 460 22
949 545 3
314 514 24
483 40 17
569 681 11
506 425 22
975 877 16
386 378 23
289 422 8
934 600 12
457 549 7
110 215 23
257 698 13
634 704 5
468 563 5
190 538 9
732 276 15
28 565 12
71 309 14
903 419 5
249 29 5
636 379 17
758 13 24
