522 643 1
215 979 0
493 931 2
645 512 1
552 979 2
267 867 1
518 998 0

150 165 0
171 302 2
479 439 2
256 313 1
807 529 2
503 374 2
158 20 1

953 924 13
935 543 7
74 61 5
538 563 20
628 87 24
900 566 16
12 175 4
556 837 10
925 996 7
806 301 8
667 237 3
748 663 14
774 830 17
671 83 10
360 447 10
715 917 19
598 825 7
208 750 5
838 909 6
96 576 20
897 676 9
459 4 3
553 432 20
845 30 20
975 239 21
601 775 12
985 239 19
571 481 25
340 940 4
543 535 21
842 88 3
410 933 11
803 909 2
299 714 8
704 299 11
686 253 14
696 238 3
265 162 12
815 854 2
17 397 14
289 239 2
992 1 13
726 157 22
403 456 13
510 161 13
494 847 18
958 895 6
310 512 20
972 344 22
985 985 11
437 330 15
823 408 22
470 812 3
832 322 16
845 168 15
967 789 22
986 636 26
210 608 23
342 383 13
205 558 22
225 29 11
53 213 8
43 58 3
231 521 7
667 840 21
614 178 9
889 389 18
860 869 15
816 211 25
455 768 9
361 399 3
894 794 13
595 25 11
776 44 26
97 659 5
55 548 19
973 408 15
