875 484 2
452 233 0
992 278 1
603 825 2

391 826 0
296 30 2
784 747 0
400 533 1

915 302 15
894 594 24
459 821 10
718 274 18
757 266 21
920 221 24
254 613 25
155 261 5
430 45 4
548 445 12
366 713 17
57 607 13
604 418 9
987 488 8
955 597 24
201 518 23
273 124 11
523 631 24
804 413 19
831 961 17
744 679 5
959 736 14
120 692 8
102 679 21
359 986 19
233 188 14
329 813 13
390 337 19
712 141 7
432 972 20
949 716 24
179 675 11
16 147 5
272 250 10
369 961 23
63 194 11
275 876 25
611 266 14
930 331 5
662 115 4
707 64 21
79 595 23
540 611 21
694 236 23
879 605 9
402 668 5
114 295 6
287 258 25
501 188 8
856 202 25
183 909 16
579 340 11
3 233 22
574 279 8
395 158 15
529 912 10
857 26 5
414 665 13
589 166 3
95 22 7
68 206 16
809 137 9
793 140 17
388 714 21
