50 0 0
798 680 2
297 583 1
711 75 1
73 165 0
793 259 0

547 455 2
932 52 2
498 780 2
915 446 2
18 849 2
139 999 1

111 297 8
137 360 11
227 785 3
767 930 12
288 477 20
224 260 4
206 527 25
122 897 26
390 36 26
691 500 23
574 637 10
533 864 20
9 983 26
97 623 3
640 545 15
235 769 2
314 327 6
214 191 17
588 882 17
611 809 4
994 342 21
162 352 4
261 449 3
190 441 25
528 28 21
831 342 23
660 181 24
739 395 17
854 335 2
469 946 11
73 292 3
347 68 8
748 139 4
194 970 21
615 982 5
189 721 25
954 575 13
306 396 11
115 470 4
619 364 9
474 63 4
932 938 4
410 132 26
581 99 10
934 640 9
35 595 11
471 901 8
205 369 5
584 988 19
321 297 25
164 573 25
