724 255 0
763 80 1
840 412 1
456 374 2
178 843 0
850 276 0
822 599 2

644 432 0
145 959 1
80 849 2
831 925 1
381 688 1
134 881 1
420 337 1

115 515 15
986 718 17
257 892 16
305 536 26
159 33 10
666 114 11
262 679 2
389 585 21
32 52 13
223 39 8
404 953 13
255 112 22
65 778 11
725 615 8
310 229 14
287 700 4
990 474 19
701 697 8
508 791 12
70 47 26
17 112 5
726 189 22
122 139 3
324 285 20
464 275 19
656 328 18
239 163 7
822 24 25
7 446 24
9 463 12
789 189 3
536 625 5
512 747 21
540 424 6
658 240 6
602 248 9
595 839 25
975 661 24
851 21 20
737 707 24
517 219 24
436 111 23
640 122 15
119 76 15
278 672 4
601 999 17
948 850 13
741 624 20
349 784 16
569 390 19
443 826 6
