503 568 1
114 317 0
461 635 0
527 201 0
225 787 1
855 122 0
263 956 1
975 734 0

967 268 1
131 997 0
54 500 2
342 967 1
707 428 2
482 307 2
653 532 0
664 739 2

475 3 25
932 330 11
919 649 5
317 780 2
449 186 5
870 588 25
226 422 7
431 75 16
775 739 5
594 214 8
879 418 14
784 536 8
412 389 13
7 259 26
382 485 23
64 268 25
278 43 14
584 990 6
892 7 5
818 895 12
238 32 23
196 444 12
682 804 23
757 538 10
605 603 3
529 881 23
772 710 23
998 411 9
935 1 16
56 197 12
918 880 16
349 594 10
927 475 18
901 667 11
512 439 21
835 292 14
45 642 25
628 257 6
70 648 20
50 350 15
985 629 15
801 530 9
787 395 26
131 230 20
68 627 12
769 129 17
471 824 4
18 805 11
150 875 11
281 262 18
472 415 23
681 203 20
975 107 3
263 876 10
332 717 14
441 867 16
66 771 9
831 277 5
549 959 16
850 287 23
427 550 26
485 30 25
719 363 20
759 156 14
25 59 2
569 478 24
726 985 19
651 168 21
779 70 8
219 699 22
369 536 4
