217 229 1
108 343 2
860 163 2
634 764 1
492 866 1
555 800 1
24 742 0
155 584 2
699 103 1

243 204 1
136 421 0
186 881 2
233 742 2
171 376 2
289 868 0
615 775 0
158 799 1
6 306 2

956 6 3
371 601 9
720 737 7
572 509 6
657 32 7
210 322 2
981 937 2
553 447 3
867 806 9
766 762 17
119 485 18
677 206 8
7 857 9
219 429 20
525 438 2
207 0 24
757 982 14
434 535 11
262 403 17
45 521 6
537 992 17
279 669 25
462 29 7
921 600 13
889 478 2
889 685 4
564 443 11
587 492 2
805 889 25
601 57 14
624 519 20
856 440 22
518 681 25
970 571 11
422 487 6
209 15 10
531 954 2
760 826 22
105 682 14
51 200 21
474 170 19
