815 255 0
10 409 2
622 855 2
560 138 0
528 508 1
836 971 2
869 249 1
653 229 1

723 627 1
475 226 2
310 393 1
906 403 0
504 25 0
322 938 1
436 818 1
182 654 0

195 875 25
209 528 6
158 251 8
979 78 11
896 646 8
596 503 10
150 825 23
843 613 16
272 343 22
45 552 25
399 63 3
733 42 8
644 353 21
597 601 20
305 197 23
390 348 25
414 543 13
751 564 2
121 962 4
372 361 17
225 446 12
157 91 15
828 40 16
146 345 14
967 735 14
965 149 9
336 156 16
438 629 3
740 1 16
218 384 8
749 711 18
661 30 5
625 348 7
133 277 12
932 613 20
648 51 24
974 143 3
204 523 16
158 956 16
929 947 22
184 80 24
196 364 14
716 13 15
866 339 10
17 57 14
747 261 12
861 98 21
633 432 25
405 714 22
525 898 4
284 515 9
171 145 21
457 883 13
30 288 2
903 813 2
855 87 26
524 723 17
284 81 22
67 605 19
111 514 3
606 719 5
710 528 13
246 558 3
848 813 16
348 669 5
648 545 3
463 456 2
11 92 10
958 159 17
51 622 8
854 581 2
843 889 18
419 89 6
160 437 2
378 222 7
796 625 6
727 479 12
730 386 3
260 581 19
701 352 8
956 864 23
583 204 12
756 447 15
