752 380 0
398 259 2
338 648 0
840 729 2
874 0 0
67 518 2
170 751 1
129 446 1
532 518 0

427 289 2
845 41 2
46 792 0
105 130 0
776 970 2
844 196 2
189 616 2
734 786 1
754 267 0

13 578 5
567 424 23
48 575 20
242 351 17
518 196 14
588 472 18
485 226 13
690 629 16
193 196 15
90 50 12
949 693 15
441 563 11
130 358 26
435 946 23
879 432 26
590 261 15
100 303 19
189 849 18
54 291 18
389 421 19
299 722 12
265 164 2
325 730 9
696 609 18
646 199 6
419 553 9
920 980 6
287 354 22
228 352 23
134 563 24
992 969 17
400 357 4
523 839 17
16 259 21
26 179 26
330 309 6
716 597 12
63 177 14
609 312 3
891 810 21
518 333 10
433 702 19
254 80 25
810 478 7
622 893 11
435 854 23
508 265 15
620 156 25
441 26 11
21 66 20
528 284 12
885 906 5
618 504 23
472 13 14
385 985 22
461 427 26
870 529 15
333 550 8
181 550 16
668 435 25
696 207 18
930 825 25
176 297 13
40 35 23
413 496 2
727 51 11
