795 301 2
191 426 0
644 764 2
352 809 1
714 659 2
414 668 0
457 84 2

627 834 0
211 122 0
699 132 1
396 927 1
454 118 2
178 114 2
35 818 1

514 532 13
260 298 8
632 108 17
374 735 3
897 946 2
913 998 9
961 394 13
958 200 8
85 730 22
91 244 25
822 876 8
989 603 20
990 852 19
817 765 17
662 36 15
18 473 21
840 801 13
480 181 22
5 272 16
464 435 23
483 777 25
800 594 17
467 370 19
528 32 7
485 242 7
299 75 14
744 80 13
225 561 25
950 361 21
440 828 17
9 708 24
615 201 2
926 338 21
340 82 4
512 572 20
775 892 26
142 901 9
189 868 11
991 914 25
859 181 22
411 560 16
929 72 13
524 505 15
681 987 14
