165 953 1
319 578 2
646 753 1
237 641 2
845 206 0
387 374 0
427 239 1
199 457 0

970 174 0
947 76 1
108 241 0
350 912 0
948 558 2
956 796 0
509 993 0
395 732 2

83 710 17
419 32 16
786 979 19
506 789 25
773 89 10
145 397 8
807 907 26
26 654 11
972 951 20
805 34 8
447 805 15
156 761 11
994 619 3
744 744 17
52 889 15
509 48 24
310 427 5
844 399 8
646 3 25
786 267 17
818 770 26
519 866 20
661 918 11
0 738 14
453 934 15
210 824 21
353 470 24
542 218 3
504 419 6
514 420 21
303 225 5
491 787 5
587 140 2
334 794 11
53 987 4
196 186 16
813 360 21
698 407 12
879 273 7
798 576 10
3 419 22
33 6 15
534 340 9
995 746 23
339 108 22
910 756 2
699 454 11
259 333 9
592 483 10
502 839 4
847 872 12
37 758 4
21 106 25
993 430 20
854 769 3
76 679 9
201 730 16
594 286 12
693 25 9
844 391 20
790 674 21
