307 136 2
388 590 0
163 56 1
768 66 0
202 908 1
404 912 0
557 651 1
482 201 0

426 122 1
997 478 0
939 137 0
85 525 2
150 41 2
937 161 1
823 363 0
799 120 2

917 677 23
809 873 13
340 958 16
813 460 7
694 397 18
642 573 9
850 724 6
618 641 8
741 405 19
713 795 6
159 210 15
83 19 15
497 711 25
788 876 11
768 570 10
261 565 8
118 415 7
674 193 3
128 352 15
868 788 11
481 637 22
405 425 23
141 193 20
274 806 10
333 277 3
539 882 16
719 908 9
695 37 14
233 257 2
142 739 14
962 989 9
733 263 17
716 948 19
467 64 21
956 955 5
30 722 2
544 307 10
494 802 26
797 231 13
706 964 26
422 32 2
766 852 16
