333 289 2
595 128 0
711 863 2
134 101 1
295 852 2

688 102 1
818 210 2
108 38 2
731 190 1
993 669 2

166 354 22
670 949 3
386 661 16
61 147 17
821 443 21
49 131 25
776 410 26
902 142 18
739 487 14
397 5 18
345 28 20
421 414 8
360 475 5
753 648 25
349 50 9
48 384 11
660 512 21
311 415 15
153 506 2
15 904 8
584 601 11
633 734 4
663 487 3
137 837 5
94 237 16
374 561 19
890 714 2
540 81 8
548 665 9
386 104 16
664 768 5
942 257 19
270 703 6
334 408 6
263 134 17
255 24 8
458 917 16
564 817 7
272 402 3
353 140 8
169 804 26
825 746 10
317 368 13
399 55 21
270 926 5
228 384 24
267 300 16
324 572 20
501 278 11
782 799 17
183 624 14
841 942 9
202 341 16
323 71 10
226 693 11
506 921 22
703 540 22
838 366 2
747 500 26
813 683 3
977 876 20
861 430 13
801 753 11
59 979 6
595 838 4
515 541 19
87 611 11
232 802 4
359 549 4
934 714 14
485 691 15
330 905 22
868 706 25
