165 310 1
569 573 0
742 97 0
809 223 0
229 566 2
143 107 2
450 385 0

775 67 1
388 702 0
467 970 1
120 487 0
352 57 0
886 799 0
81 608 0

411 837 16
976 332 23
236 782 10
431 909 3
705 650 7
672 117 4
715 589 17
715 294 24
641 180 23
312 614 8
910 25 22
75 1 6
346 589 15
707 372 25
265 102 19
70 817 9
10 884 5
359 526 12
155 190 26
263 453 26
600 933 15
625 420 20
948 686 22
93 756 16
827 118 2
855 477 5
590 247 26
141 807 4
46 996 7
187 948 18
348 874 26
745 967 9
959 794 4
409 1 6
90 417 17
609 359 16
933 500 23
137 898 21
919 438 20
987 491 19
476 839 18
650 936 13
285 895 9
37 656 11
267 746 5
184 707 14
349 992 16
672 481 15
992 753 3
260 740 21
102 216 12
170 219 23
