586 328 1
540 748 2
702 986 0
731 551 1
774 576 0
82 473 1
549 917 1
905 326 0

696 63 2
160 814 1
377 752 2
956 292 0
593 346 1
581 78 2
987 852 1
5 286 1

739 835 16
719 741 19
808 789 7
169 301 24
824 30 26
807 986 21
891 932 19
483 857 14
858 949 25
149 668 18
767 829 7
799 350 10
646 175 15
194 577 10
488 538 2
861 824 4
437 660 14
300 518 15
350 667 10
493 434 16
73 586 17
658 584 19
921 534 3
408 217 23
158 78 23
113 867 8
277 519 26
390 869 20
523 362 7
838 787 18
855 445 2
47 718 12
925 593 17
381 1 11
251 624 9
82 901 3
783 291 25
151 167 14
306 357 4
399 212 26
77 611 20
289 888 13
229 622 16
91 350 2
30 601 4
189 35 7
868 818 26
416 321 18
30 980 2
432 379 16
632 456 2
902 97 17
765 327 14
981 418 14
60 990 4
666 858 22
915 626 21
683 656 26
808 89 5
497 73 14
149 975 11
852 73 10
716 781 13
534 842 3
386 860 11
