763 785 1
492 95 2
224 408 0
527 176 0

573 274 0
991 837 2
794 983 1
178 97 2

958 343 22
820 396 13
32 159 23
834 651 20
673 228 3
879 680 5
65 23 20
413 170 3
437 700 2
868 658 21
415 831 17
801 215 3
324 49 7
942 722 12
320 245 19
875 476 25
55 541 25
73 954 20
427 743 20
877 611 4
23 27 12
267 505 2
324 799 26
609 120 23
1 347 24
426 402 16
875 828 22
845 607 16
164 484 4
493 860 8
653 425 14
380 44 21
157 368 22
9 329 17
105 331 16
678 109 21
144 336 24
916 534 6
80 698 17
560 543 2
66 548 5
105 280 24
649 438 18
345 447 24
512 552 7
379 230 17
648 726 5
745 643 14
801 75 14
341 635 9
94 702 7
272 807 13
494 809 3
437 506 25
710 18 4
665 397 12
82 45 13
475 943 7
165 637 19
397 731 21
