700 532 2
296 715 1
233 941 2
998 708 2
348 602 2
601 886 0
550 0 1

370 122 0
595 113 1
117 851 2
315 903 0
665 551 1
373 784 0
419 134 0

897 482 19
239 84 8
809 986 10
150 656 23
665 773 26
897 830 18
355 249 2
520 499 12
640 738 21
4 199 18
837 349 24
135 14 22
41 328 17
998 226 24
91 581 24
174 91 12
307 96 11
500 285 10
997 772 26
267 408 23
977 450 26
141 243 8
388 913 12
486 294 7
322 468 24
57 127 22
343 979 9
626 976 6
223 572 16
148 68 18
650 210 11
382 950 25
919 789 19
901 463 14
952 843 25
531 470 20
602 196 2
786 930 5
236 849 19
193 726 5
885 872 22
556 824 17
556 708 14
152 227 10
672 239 8
260 841 5
411 980 10
216 216 12
458 197 15
515 390 18
446 275 15
593 183 17
935 740 25
747 892 4
958 564 18
714 176 12
903 803 8
528 481 22
794 279 22
285 224 6
952 159 21
975 906 15
929 216 6
122 283 7
157 950 22
172 205 2
536 425 24
504 857 4
133 161 13
854 136 21
467 417 15
348 539 23
54 697 25
699 221 6
499 329 26
265 866 2
864 925 26
742 429 8
844 915 19
457 769 7
417 937 15
788 991 12
461 42 11
117 511 8
319 376 10
93 470 17
76 667 7
220 124 3
852 805 17
901 222 7
489 362 25
986 516 14
526 985 25
285 656 26
968 101 24
785 177 16
165 749 17
109 502 22
