539 726 2
857 994 1
40 875 2
968 486 2
273 467 1
248 643 0

885 438 2
614 202 0
433 760 0
935 231 0
456 122 2
87 979 0

164 371 10
589 691 24
606 317 16
625 565 11
258 803 24
223 417 3
717 138 24
630 594 21
269 33 3
763 139 18
110 746 10
277 371 2
686 205 25
839 637 25
753 354 15
250 336 12
525 509 18
199 272 10
917 735 6
952 12 4
660 136 18
833 328 6
857 81 12
722 684 24
182 258 7
676 135 16
719 686 15
902 604 25
183 908 14
836 813 15
822 474 3
366 307 6
195 516 15
82 239 24
954 773 9
136 449 19
439 423 11
489 607 20
552 443 8
65 617 9
418 983 17
748 530 10
863 613 26
310 919 25
719 56 26
911 883 22
789 322 21
976 812 3
719 716 23
627 781 15
10 551 26
52 299 6
112 824 14
387 895 22
111 806 5
357 948 3
378 924 17
654 995 10
77 622 18
117 632 19
141 684 21
696 647 10
215 759 12
654 498 7
149 609 14
528 318 14
798 702 10
731 779 7
797 249 15
