591 478 2
770 318 0
447 632 1
734 671 1
912 66 0
297 544 0
104 339 1
351 744 2
260 136 0

144 321 0
360 264 0
497 35 0
340 834 2
732 568 1
789 832 2
257 481 2
202 585 0
381 289 0

163 901 19
30 398 16
985 758 5
520 300 26
256 32 22
14 173 4
191 430 11
912 985 23
324 366 12
481 529 14
773 912 12
739 897 22
970 314 5
235 835 5
335 443 14
355 457 12
207 1 20
893 265 5
517 590 21
77 423 3
891 548 15
74 258 3
4 493 15
497 535 16
503 340 9
58 857 26
627 935 24
430 178 23
405 356 23
332 360 18
2 445 11
87 233 22
294 270 18
291 701 22
189 846 4
727 252 10
523 584 22
517 381 20
48 455 20
56 908 18
972 820 20
304 213 12
422 904 25
985 304 5
677 972 24
821 22 25
665 892 18
651 998 12
530 302 2
143 725 6
843 62 10
998 693 22
696 201 10
56 69 23
624 778 14
13 429 12
450 312 17
452 455 19
6 650 6
217 648 26
937 345 3
572 705 9
809 46 7
331 22 10
