373 692 0
227 245 1
295 798 1
200 601 1
2 230 1
738 150 0
694 751 0
211 916 0
328 88 0

532 881 0
474 254 1
793 481 1
287 129 1
844 329 1
378 331 2
438 421 0
51 467 1
219 30 2

27 890 11
109 149 3
348 993 9
188 371 17
450 783 11
42 527 21
371 555 12
580 733 4
44 755 14
693 216 14
119 564 7
226 104 6
16 715 17
579 546 5
257 348 15
318 391 18
427 738 13
964 431 5
651 902 21
684 480 3
88 848 18
653 427 14
783 37 12
697 355 3
138 93 17
486 493 12
567 272 2
404 237 9
809 888 13
778 572 19
556 12 17
697 18 22
124 850 14
443 178 5
112 311 5
320 350 19
660 47 12
132 136 16
289 260 18
802 162 11
112 957 14
915 987 12
