468 985 1
943 117 1
906 986 0
258 364 1
576 350 1
302 800 0
399 346 0
4 975 1
678 28 1

488 822 2
61 290 0
608 233 1
514 140 2
104 750 0
333 678 0
760 332 1
906 731 1
358 88 0

860 255 12
212 668 2
549 629 12
149 599 4
658 284 7
517 44 17
176 302 23
885 13 11
570 508 3
283 720 10
170 284 5
758 542 4
665 701 15
347 570 12
109 983 4
943 554 15
896 189 10
685 707 8
894 817 25
247 478 18
491 490 18
828 205 16
468 314 24
472 609 5
985 506 22
497 246 9
447 493 14
440 396 9
134 239 26
750 68 6
816 536 22
865 8 7
821 346 15
966 917 4
471 710 6
387 559 2
121 6 22
333 446 20
392 932 9
942 34 2
696 850 15
469 67 26
499 888 22
387 854 16
941 677 26
847 65 10
647 186 18
644 872 14
22 558 5
74 607 7
964 575 13
175 607 20
801 455 12
986 454 25
177 99 24
166 488 16
735 510 24
690 585 8
495 600 9
367 564 11
741 503 17
803 841 21
51 370 20
876 536 9
965 271 21
964 313 6
571 808 8
605 527 22
215 8 24
842 456 26
725 549 6
155 631 5
239 948 3
