74 577 0
567 70 0
944 723 0
594 638 2
541 828 1

896 366 1
911 872 0
221 66 2
730 243 2
73 999 0

662 426 12
198 345 8
978 290 8
336 236 24
586 129 2
396 377 20
391 640 19
717 861 10
463 944 3
739 17 4
372 31 5
215 560 20
924 248 6
271 834 12
798 582 14
691 973 4
808 690 18
343 505 12
898 968 12
454 903 21
355 118 6
29 665 16
289 463 23
278 154 24
750 657 22
341 677 10
529 483 15
298 190 8
979 88 3
556 469 20
320 110 9
19 388 15
43 647 7
757 398 14
977 935 20
794 629 24
579 510 7
267 808 22
73 139 12
626 695 8
197 368 18
879 739 8
419 782 5
626 539 5
139 517 18
134 311 24
806 890 9
313 509 19
10 934 8
147 561 3
753 110 23
469 989 12
277 760 21
732 387 11
79 364 18
201 170 10
833 835 19
625 197 3
233 918 17
670 195 5
890 279 17
1 217 22
629 296 11
805 34 20
847 11 17
175 919 11
65 806 10
416 39 3
757 709 25
210 951 6
402 952 24
472 581 22
258 853 22
214 658 8
357 857 20
697 33 16
733 450 22
269 975 25
219 537 26
448 939 4
895 763 12
343 21 16
640 587 26
971 944 9
666 993 19
281 78 21
865 565 15
738 784 2
914 585 17
