333 828 2
519 268 0
654 755 0
962 486 2
173 276 1
281 26 1
563 391 1
447 605 1
910 19 2

878 882 2
698 215 2
838 734 2
429 388 1
709 702 0
792 876 0
932 509 1
140 424 2
30 871 1

374 12 20
198 710 11
498 900 22
418 681 13
606 183 18
748 468 4
565 960 3
476 991 2
641 678 10
595 602 10
581 452 10
115 667 8
630 625 18
626 291 24
555 760 20
940 937 26
94 466 7
102 120 6
144 587 23
577 218 25
546 944 26
982 570 19
731 577 12
119 484 22
711 411 22
191 857 13
771 311 9
98 33 16
941 645 10
876 117 22
467 33 3
276 310 9
639 658 26
549 783 17
30 724 13
441 952 7
8 136 8
91 267 20
31 86 3
282 362 15
342 386 26
787 25 11
163 575 20
454 957 19
40 537 7
462 199 21
525 747 4
195 894 20
445 805 16
831 197 6
837 980 26
280 243 8
86 944 7
630 197 20
847 12 20
344 467 25
650 891 19
293 336 24
383 520 21
965 989 23
772 427 20
179 57 19
623 257 6
266 601 26
266 399 20
14 49 12
456 78 20
453 144 4
