975 503 2
900 47 1
902 437 2
582 277 0

25 35 0
425 435 2
878 342 1
276 529 1

864 216 23
559 848 2
356 100 26
221 3 13
315 585 16
258 962 3
434 739 16
767 617 8
327 245 12
787 109 5
184 381 26
30 292 26
732 1 26
482 222 4
668 537 16
484 147 5
336 582 19
327 349 14
308 677 11
170 816 23
248 0 6
199 383 24
998 115 25
249 597 24
152 618 11
343 102 10
849 790 17
93 117 19
955 777 21
767 947 12
688 547 15
342 746 25
641 96 15
589 698 15
111 850 10
522 545 12
81 394 5
573 488 22
415 795 2
934 562 24
622 602 24
662 297 22
437 938 21
327 880 19
815 991 21
625 866 16
538 947 13
413 288 25
363 574 13
613 196 17
410 210 14
305 647 5
649 327 10
43 494 3
287 120 19
77 658 16
965 899 14
341 664 4
302 641 2
343 403 12
12 710 16
520 753 10
372 393 5
89 470 13
106 435 14
995 128 4
172 992 7
923 647 25
223 342 3
86 374 13
948 387 25
137 259 6
820 631 24
976 73 21
437 531 6
150 526 11
636 973 25
34 549 17
835 987 19
48 287 8
972 424 17
353 596 26
775 572 24
19 362 5
50 864 8
209 743 8
712 379 8
