308 544 1
182 462 1
591 828 0
310 43 0
829 977 0
139 175 0
495 246 1
581 995 1

957 768 2
488 761 2
294 421 1
537 603 1
621 546 0
770 856 2
895 686 0
719 825 0

902 321 11
404 254 8
649 52 15
77 346 13
49 884 17
484 857 13
100 979 22
758 226 8
394 946 10
909 848 6
670 253 12
779 70 26
656 71 3
646 148 24
57 550 8
72 34 17
986 134 21
756 245 23
212 991 19
845 900 19
152 922 22
712 701 20
836 357 16
364 3 17
887 61 17
645 485 3
207 579 10
28 143 26
147 341 3
115 493 25
687 557 2
330 746 11
397 110 15
964 349 3
729 347 13
232 608 12
870 167 18
753 196 12
979 695 3
457 162 23
506 850 7
67 281 16
758 326 14
472 559 24
9 429 17
125 535 15
385 514 10
338 972 23
127 498 13
739 970 24
664 979 5
404 457 15
44 842 7
27 181 6
