523 32 0
373 53 0
941 461 1
443 21 1
969 667 0
729 547 1
883 478 0
459 477 1

749 497 2
157 912 0
526 435 0
387 160 0
995 453 2
375 897 0
625 218 2
920 948 2

553 831 8
190 642 10
781 391 10
207 779 7
661 866 23
700 241 20
112 866 15
192 139 13
172 44 22
278 235 14
213 368 8
998 787 11
343 346 15
768 90 2
514 142 20
509 607 14
722 151 5
884 323 24
581 953 11
568 167 6
299 165 20
283 861 18
399 336 23
33 104 15
331 479 17
995 554 18
798 790 17
998 371 20
784 939 14
939 591 5
576 625 4
997 11 9
212 249 6
570 580 11
535 928 17
652 78 7
837 213 19
750 152 10
180 88 12
471 664 14
534 226 24
589 796 7
475 332 12
915 336 15
145 780 19
98 969 7
826 251 24
888 74 14
575 525 2
626 411 5
925 0 2
157 475 11
317 742 24
556 239 4
223 337 23
103 680 20
839 858 23
311 746 23
448 673 25
31 577 14
556 734 14
117 404 9
366 312 23
43 535 11
42 990 18
112 829 26
454 244 24
491 275 3
528 184 14
