756 531 2
576 880 1
446 547 1
364 197 2

147 353 0
540 444 0
676 940 1
764 108 2

322 569 14
689 585 10
40 341 16
492 269 21
587 715 20
438 431 17
401 931 21
241 471 17
651 500 9
285 264 17
24 939 13
839 980 23
272 372 16
236 864 10
432 803 2
527 242 10
467 995 18
113 588 17
203 239 17
937 525 8
427 901 22
838 740 5
186 12 2
875 600 17
210 911 14
371 731 11
462 196 25
729 752 14
144 689 16
176 117 18
498 307 10
477 721 2
369 907 12
64 469 25
638 655 3
511 736 5
965 409 13
856 907 23
192 709 17
540 538 15
840 259 24
877 323 19
826 677 13
857 316 18
85 179 5
65 155 13
521 329 4
967 521 15
259 61 5
625 254 14
