563 828 2
446 223 2
563 801 2
159 312 2
608 370 0
586 236 1
53 673 1
404 82 1
970 219 1

189 788 2
840 351 0
626 798 1
269 713 2
970 224 2
345 832 1
684 770 1
572 175 1
250 580 1

366 550 3
934 931 19
661 909 19
962 530 8
713 853 7
129 198 17
915 882 12
289 806 13
337 57 18
818 775 20
553 111 6
895 73 12
303 139 15
49 535 22
47 513 12
390 332 12
972 916 26
121 68 12
533 372 3
798 308 23
261 357 8
958 345 10
110 393 23
670 135 7
358 771 13
857 743 4
32 492 25
980 106 9
112 64 5
420 526 25
593 549 10
99 907 6
160 116 26
489 922 13
639 492 24
857 899 18
448 931 12
698 264 20
963 500 13
13 93 12
846 192 21
803 704 12
854 193 11
241 832 3
788 42 3
381 490 11
818 540 2
362 550 5
322 513 5
808 526 24
196 725 18
490 880 23
901 734 18
585 975 3
114 115 20
229 381 5
932 703 20
136 863 22
785 59 24
626 902 4
968 740 16
914 748 7
426 354 26
478 935 7
81 867 12
897 492 12
321 119 16
273 995 19
311 315 11
677 911 18
159 177 18
841 603 24
542 82 9
624 515 2
761 314 2
821 635 23
604 924 13
166 953 24
934 112 2
450 305 7
673 847 16
182 471 7
292 994 14
869 167 26
917 655 14
312 611 15
23 777 18
646 711 8
798 514 13
905 539 13
95 721 11
800 281 19
922 925 15
488 63 14
190 399 7
456 397 21
187 547 10
576 452 26
