302 56 2
420 175 0
516 208 0
747 549 2
299 21 1
521 10 1
291 135 2
939 588 0
730 907 1

982 605 0
413 907 2
259 328 1
129 196 1
470 296 2
507 595 2
648 468 2
605 111 0
117 403 1

14 485 10
715 819 15
39 233 25
419 844 3
622 325 26
737 795 22
753 655 20
791 303 15
190 260 2
725 729 7
551 743 17
285 810 11
975 849 21
573 268 18
851 242 18
326 979 14
448 733 21
518 876 26
57 66 11
59 143 15
464 695 11
354 332 21
415 659 23
710 233 16
201 436 11
369 114 17
333 563 2
952 81 3
226 490 20
112 549 15
728 365 12
