859 351 2
562 946 1
985 940 1
251 878 2
748 42 1
693 476 2
658 828 2

448 517 0
796 114 1
711 602 2
903 813 0
532 375 2
89 360 2
545 963 0

538 712 5
809 757 6
599 216 4
695 12 20
241 978 13
354 850 17
15 388 6
718 197 13
897 120 6
609 720 22
838 415 11
182 520 11
832 762 14
943 547 2
782 471 5
334 826 7
201 841 20
780 559 20
468 808 15
244 256 3
777 918 10
729 700 6
634 386 9
389 587 25
533 719 11
578 188 22
391 760 17
277 5 23
578 285 16
751 325 13
522 183 9
828 170 22
961 559 12
286 444 6
568 766 7
383 395 14
20 76 26
209 115 5
315 637 16
474 818 13
