290 827 1
706 347 0
395 136 1
198 803 1
363 515 1
138 291 0
243 186 1
865 983 2

125 348 2
635 770 1
779 412 1
114 118 1
78 865 1
416 64 1
660 779 0
840 270 1

216 730 17
781 856 17
354 623 24
576 584 26
561 244 7
413 436 2
908 129 17
941 697 23
958 479 6
324 18 24
711 73 11
315 396 15
966 957 11
397 722 24
97 982 4
15 275 3
311 234 7
167 910 2
514 721 25
837 432 25
248 513 20
827 828 16
990 795 25
101 544 24
649 993 6
678 8 7
404 671 18
962 838 3
537 353 24
485 542 9
859 790 22
52 618 2
994 960 24
892 62 20
865 63 14
171 741 22
753 145 19
921 107 7
647 997 12
447 482 4
679 693 22
776 98 17
53 92 4
478 336 18
446 553 6
379 830 20
853 751 26
39 550 11
118 581 4
340 709 4
180 115 23
333 593 10
899 39 15
881 800 17
251 531 25
471 904 4
799 757 7
282 267 16
487 607 26
888 825 11
323 76 2
311 957 2
729 561 8
977 32 14
488 307 22
846 589 16
787 570 16
903 810 16
612 133 19
64 796 2
965 525 13
748 854 22
436 887 4
233 376 11
178 222 2
619 499 5
635 402 15
476 366 23
393 431 19
268 748 22
229 636 14
881 221 17
192 400 14
444 847 2
477 466 26
493 577 24
391 970 7
86 591 5
658 999 6
84 228 17
46 461 14
88 5 16
