274 418 1
494 61 0
630 853 2
587 344 0

258 762 1
99 397 1
315 418 2
882 155 0

971 483 20
191 4 9
319 630 2
818 124 15
669 106 18
719 45 12
481 656 26
377 755 24
636 422 19
923 304 24
635 276 9
553 819 13
112 138 20
738 308 21
776 329 5
20 49 25
607 530 8
957 259 15
704 895 12
221 818 19
752 710 14
108 913 13
429 689 17
857 61 18
683 669 23
516 626 7
105 682 4
115 903 24
782 148 4
77 900 15
191 867 13
796 975 3
357 756 19
599 966 6
891 649 25
64 517 3
497 622 10
824 90 15
322 224 13
989 845 7
177 641 9
278 350 15
421 950 8
625 193 9
850 609 2
53 106 24
938 283 14
726 605 14
14 581 18
202 571 15
609 100 7
991 379 7
481 152 9
938 129 4
395 979 14
722 384 22
320 322 5
623 414 19
541 616 17
305 225 17
710 568 23
465 401 25
875 339 4
41 809 21
712 481 18
665 193 18
576 816 9
835 663 2
350 725 22
597 542 24
227 247 4
437 288 16
32 352 22
969 946 9
102 201 7
377 551 7
