960 443 2
562 671 1
334 938 2
420 543 0
688 288 1
487 864 0

722 270 0
576 153 1
171 245 1
368 516 1
669 828 0
343 742 2

867 428 24
325 848 17
169 889 7
243 376 23
623 98 20
732 26 23
295 549 21
8 917 14
227 586 19
889 930 13
222 149 17
846 827 15
13 996 4
820 591 7
491 215 5
785 299 9
583 594 8
979 602 26
891 829 14
335 70 19
137 491 23
952 857 21
305 677 15
737 169 7
268 306 6
825 241 25
931 221 5
307 464 11
270 800 9
908 163 22
481 115 4
403 772 7
916 510 3
996 778 9
727 603 25
52 886 23
980 194 13
442 464 15
974 330 14
151 591 2
171 72 17
401 827 17
956 743 2
32 91 7
766 170 12
938 555 17
599 997 8
764 323 14
251 474 5
