542 766 2
61 786 0
70 349 0
985 745 1
6 338 2
794 293 0
917 834 0
713 226 1
927 962 0

535 812 0
441 706 2
763 119 2
392 189 1
650 174 0
959 181 0
324 327 2
779 245 1
512 310 2

906 589 24
901 125 13
594 918 19
52 682 13
297 426 4
594 76 4
285 388 10
667 64 12
341 843 9
850 356 19
938 262 9
987 515 11
849 109 4
807 811 14
34 405 18
436 43 8
371 710 22
634 51 17
141 902 25
602 380 14
593 956 14
207 342 20
250 779 13
681 502 25
528 136 26
571 278 5
969 589 22
982 659 2
499 17 8
651 962 16
613 522 9
333 772 15
744 806 17
217 686 4
94 257 9
872 227 25
195 209 9
697 71 22
579 570 16
963 573 4
302 187 26
984 520 25
149 617 6
465 186 20
269 280 2
351 505 6
726 52 15
55 680 11
719 643 9
698 298 21
199 634 19
473 784 13
904 249 24
22 870 7
