276 867 1
482 531 1
59 154 0
417 894 1
74 760 1
53 184 1

786 712 0
937 863 2
612 112 2
609 128 1
94 756 0
964 239 2

986 650 5
14 67 24
962 494 10
564 547 21
232 334 9
520 623 24
297 235 14
678 196 17
152 643 26
845 607 15
69 945 17
800 959 12
72 921 6
27 70 14
309 943 12
806 240 24
120 919 23
211 423 16
762 620 23
552 689 18
992 489 4
852 914 25
206 371 13
460 398 11
399 59 4
111 338 15
446 663 10
42 567 25
935 560 16
913 971 6
524 783 4
558 182 16
535 496 9
105 608 24
857 512 18
740 906 11
665 194 21
432 333 10
112 246 8
868 771 16
671 681 26
237 569 22
21 674 5
143 619 23
871 828 10
222 938 12
741 370 21
376 835 19
983 703 15
724 726 24
648 963 18
421 336 19
801 832 15
247 703 21
557 966 17
774 188 5
536 281 3
632 10 13
975 993 18
440 69 20
939 70 10
7 491 22
749 292 4
815 892 9
709 449 26
876 575 16
981 112 23
457 96 8
120 423 3
487 216 24
932 155 19
692 163 12
789 264 7
718 79 24
351 140 23
302 16 26
441 998 13
214 807 11
997 928 10
323 51 8
590 743 21
53 533 13
808 603 19
807 954 10
903 256 3
