963 806 1
834 348 0
909 190 0
31 737 0
337 651 1
21 127 2
204 8 0
794 869 0
477 702 2

186 576 0
219 891 2
718 77 2
562 986 1
643 17 1
229 707 2
727 80 0
15 284 0
631 430 0

157 907 15
193 93 18
981 664 9
927 734 11
58 644 17
984 873 26
617 319 17
34 951 25
968 460 9
224 635 19
31 562 4
268 136 3
491 194 22
83 178 22
383 91 25
114 708 19
280 63 7
337 372 11
840 948 21
910 952 21
461 443 17
8 526 22
428 909 13
153 376 22
841 138 7
649 827 6
758 668 5
854 676 12
512 938 14
659 751 9
870 539 22
831 693 23
853 891 6
