829 488 0
728 694 0
650 755 2
796 634 1
151 321 0
982 698 1
952 483 2
913 222 0
593 792 1

752 242 1
132 423 0
785 504 2
704 154 1
818 303 2
492 454 2
158 436 1
146 389 1
157 654 2

333 247 18
452 351 12
47 483 11
260 325 21
369 987 5
562 497 17
179 153 12
220 939 13
556 986 21
667 469 19
282 82 19
403 931 15
476 300 4
354 214 2
21 19 21
77 550 24
139 30 11
449 602 25
110 158 13
724 459 19
518 863 25
456 339 3
734 45 17
280 496 16
852 988 23
911 437 26
261 547 9
108 229 21
52 748 9
575 556 25
272 636 5
319 899 17
127 815 22
464 275 3
261 327 3
920 902 10
271 6 4
667 500 8
834 108 16
849 732 4
853 51 6
645 371 21
985 851 11
608 928 15
487 849 19
570 120 25
580 325 10
297 526 18
605 377 20
426 714 21
62 248 13
973 208 19
563 695 18
56 617 15
906 617 6
257 197 8
715 494 9
258 496 16
171 880 11
692 942 9
997 831 15
315 887 7
105 794 24
34 51 24
640 118 18
341 582 22
286 753 2
671 675 23
834 990 12
615 448 8
364 482 11
311 475 5
105 952 9
841 579 19
168 876 16
438 80 20
327 751 20
400 586 13
361 553 11
467 917 20
