756 910 1
862 202 1
355 146 1
201 532 0
424 431 2
172 923 2
775 248 0
940 552 0

975 730 2
669 250 1
104 358 1
225 221 0
265 576 1
554 129 0
273 906 1
93 430 0

605 205 4
74 145 6
878 472 13
255 142 13
32 246 24
665 737 23
756 643 4
380 916 12
786 9 17
116 967 22
693 41 20
175 271 17
386 526 9
724 981 7
469 646 21
790 403 15
944 135 6
5 921 18
847 37 10
736 610 24
753 348 2
561 548 12
967 624 18
63 537 3
304 384 18
864 927 26
465 15 11
689 769 9
439 682 10
99 1 9
92 550 5
732 418 15
775 602 20
305 665 7
950 185 21
