222 461 2
819 44 1
288 88 2
261 373 2
542 673 2

551 779 0
653 881 0
235 438 1
591 490 2
936 40 1

77 262 21
602 81 17
781 721 8
791 983 6
265 877 6
456 434 21
677 669 9
171 260 26
429 548 16
362 977 5
109 580 13
899 713 10
482 504 20
86 122 24
68 319 3
828 127 14
174 805 8
607 976 20
233 758 20
548 120 22
828 581 4
625 963 24
43 402 23
42 822 18
118 2 22
332 177 2
863 136 6
358 369 14
753 269 11
126 98 18
430 640 26
448 265 16
971 660 20
967 702 17
635 173 20
431 505 24
383 721 10
664 431 6
703 185 26
215 311 26
882 542 6
771 513 18
767 832 20
52 251 24
401 986 22
389 706 13
865 921 26
439 229 20
5 111 14
836 235 2
327 2 11
520 586 6
887 991 7
111 392 21
408 279 22
274 676 8
944 681 22
156 517 9
233 844 13
143 716 24
872 955 17
846 611 11
874 309 23
176 583 26
55 36 3
637 270 22
573 413 15
95 285 21
313 842 14
923 366 16
812 212 4
73 87 13
571 615 23
745 323 3
952 378 17
28 15 12
300 940 25
640 36 12
299 624 23
840 788 11
992 213 25
805 784 15
553 881 16
182 185 19
847 565 12
782 217 2
482 857 15
819 442 18
999 93 17
