734 589 2
974 22 1
287 378 2
267 803 0
311 844 1

200 219 1
535 547 1
672 741 0
159 766 1
61 144 0

709 204 13
921 844 19
115 111 22
934 774 18
636 326 12
271 45 19
538 458 15
939 968 20
928 677 26
940 598 20
34 65 8
931 351 8
24 987 9
984 644 23
195 964 10
796 236 7
515 126 15
730 65 8
823 994 12
473 286 12
318 320 4
627 603 5
119 963 16
390 158 5
251 307 18
508 174 20
224 905 12
907 728 8
268 553 19
930 224 16
658 851 21
88 561 23
506 680 11
920 423 22
651 26 6
617 534 5
62 758 10
925 666 16
781 286 19
276 216 20
442 226 21
212 315 9
608 173 15
320 94 15
542 97 16
71 714 2
774 129 13
383 54 4
424 187 17
666 463 10
485 906 12
506 118 2
89 78 25
742 292 18
158 363 10
169 873 22
248 297 9
613 315 25
547 152 6
59 659 26
534 100 6
534 804 7
629 898 24
172 56 13
782 516 3
521 686 26
666 286 23
351 900 15
499 799 18
553 858 4
429 744 4
383 630 10
88 611 8
438 784 14
799 566 7
650 440 18
726 106 5
99 457 7
787 308 8
980 861 18
832 642 12
784 378 19
892 466 6
250 256 17
664 55 8
595 57 25
466 234 16
279 2 13
147 187 8
759 971 11
2 216 4
856 466 11
846 131 18
754 726 26
103 289 11
910 108 21
526 81 20
