106 478 2
778 340 1
105 188 1
357 207 0
644 474 0
610 720 0
489 366 0

189 750 1
976 487 2
233 130 0
974 589 2
311 367 2
281 824 2
166 181 2

435 788 14
132 629 7
132 818 7
770 794 19
594 379 25
94 353 14
71 16 8
741 650 7
951 816 16
17 543 19
908 979 7
872 463 11
203 595 6
283 717 2
851 312 7
901 758 12
540 181 6
546 923 6
728 874 24
634 152 22
964 376 10
275 579 7
756 215 24
384 418 11
391 319 21
751 859 3
832 757 26
211 485 2
111 930 23
202 564 2
624 881 3
509 156 10
989 265 25
186 649 18
48 40 14
667 143 25
468 976 7
544 539 19
847 650 24
443 180 22
869 689 5
