554 388 0
254 940 1
165 680 0
333 160 1
183 198 2
722 36 2

859 805 0
184 505 0
181 154 1
182 848 2
789 402 0
943 9 1

746 526 26
412 859 13
191 43 12
191 765 23
320 976 3
976 342 15
679 876 13
969 665 18
267 707 5
918 471 15
739 205 2
50 150 7
266 829 8
622 66 20
976 984 17
541 65 6
226 647 16
927 988 15
140 391 17
696 657 24
127 338 25
576 134 24
986 108 15
454 84 26
746 977 18
701 126 25
565 704 22
954 983 13
870 124 4
935 172 13
932 228 10
129 566 21
392 372 5
885 737 18
58 43 26
771 849 24
332 383 26
231 316 6
617 445 24
111 190 23
41 885 19
949 245 16
984 483 5
427 541 24
501 760 12
52 531 13
774 215 22
500 798 15
678 878 2
342 869 10
934 205 18
614 632 9
986 486 21
624 538 2
462 664 19
