598 103 0
88 848 0
705 641 2
564 602 0

347 817 2
730 883 1
500 151 2
58 658 0

817 838 21
299 164 20
19 604 19
21 309 12
228 225 14
376 572 8
531 302 19
737 802 20
363 213 5
872 30 21
444 551 11
409 202 2
478 221 6
747 595 17
9 823 17
873 551 15
471 820 22
892 184 10
970 408 17
591 852 19
426 614 23
776 444 22
83 191 17
698 552 15
539 425 17
952 979 25
19 803 22
241 47 8
324 369 19
142 961 23
511 387 12
82 515 6
227 598 24
319 297 26
883 836 3
350 140 10
900 511 13
622 753 10
881 429 4
771 82 4
257 165 22
538 744 20
363 64 19
739 299 7
541 1 22
674 253 9
962 875 12
297 756 18
667 428 22
719 37 14
991 575 11
510 938 25
677 30 26
385 571 2
880 597 7
239 559 7
893 857 24
358 524 2
427 449 7
652 479 12
176 864 10
53 96 7
183 336 16
540 39 24
654 284 7
777 642 8
679 548 6
619 166 19
134 945 20
939 597 24
127 125 15
885 178 12
241 713 25
507 253 14
630 260 26
962 389 18
170 68 16
975 687 9
