605 405 1
359 46 0
461 394 1
115 707 0
721 782 0
602 261 0

920 695 2
457 360 1
374 485 2
930 197 1
786 802 2
397 514 0

665 327 3
173 442 10
915 515 19
547 199 13
416 926 25
84 856 22
361 994 2
179 409 20
5 582 14
890 498 4
839 898 15
167 445 15
503 213 18
677 298 24
924 758 16
315 937 26
33 294 10
545 184 10
924 94 12
421 285 10
11 452 7
449 956 20
165 985 20
89 384 6
360 309 16
374 976 3
150 362 24
861 259 11
421 184 5
231 957 16
291 320 20
148 122 3
219 639 13
587 729 23
967 441 9
808 167 12
659 531 11
268 952 22
324 536 6
665 179 26
560 547 13
998 134 19
821 453 12
305 262 4
940 860 5
726 129 10
696 453 23
975 470 2
927 928 5
648 840 4
361 839 16
803 660 19
390 966 8
793 84 9
865 376 22
821 103 26
