55 297 2
830 816 2
707 819 2
822 389 2
163 819 1
919 897 0
77 62 0
82 974 0

556 237 2
427 678 1
117 86 1
624 916 0
160 976 0
804 798 2
299 313 0
467 233 2

739 310 13
82 745 14
719 80 6
476 549 17
531 174 9
755 334 12
798 491 10
230 790 23
834 609 6
897 783 14
912 139 23
959 851 23
253 756 26
538 339 18
137 525 2
616 211 3
349 895 8
242 160 23
215 229 18
737 540 19
817 264 11
43 803 2
36 908 14
714 371 25
175 720 20
78 177 11
771 267 2
963 701 13
466 870 2
726 265 7
676 324 24
152 712 10
191 427 6
339 602 26
734 659 16
290 89 20
426 860 12
751 176 13
40 368 25
147 397 26
547 901 16
855 92 18
534 783 22
933 517 9
999 159 25
243 586 13
753 337 14
317 777 8
750 169 4
801 668 26
966 70 21
184 604 4
357 890 21
189 889 6
814 484 17
300 238 6
314 555 10
971 657 6
348 810 25
474 338 17
149 304 13
268 841 19
293 739 3
224 553 12
389 206 25
596 520 7
579 843 17
436 543 2
609 17 15
349 518 22
512 138 13
280 660 11
892 178 5
76 235 23
776 196 17
167 898 11
398 42 14
957 576 23
687 556 20
85 476 2
633 604 24
199 771 22
635 985 9
561 383 2
148 219 13
41 176 16
724 273 10
87 358 11
536 543 14
581 530 24
