6 860 1
48 741 0
984 226 2
711 795 1
674 360 0
360 116 2

126 235 2
273 839 1
327 655 2
186 756 2
61 114 1
307 163 1

247 499 16
179 562 13
219 588 23
727 948 16
711 426 3
669 52 17
121 379 23
409 917 6
792 330 20
738 637 10
426 885 12
340 416 26
753 987 15
526 714 15
416 777 17
892 446 19
208 920 25
531 329 17
962 473 23
507 564 10
216 990 22
128 683 15
602 436 3
665 963 19
381 731 22
171 623 20
365 183 15
938 66 22
428 380 22
60 456 2
107 584 12
571 538 23
374 556 13
891 937 21
538 460 22
632 825 5
997 763 24
692 191 4
565 793 19
649 853 2
76 312 13
186 883 2
946 501 22
243 39 7
163 23 9
618 21 22
140 65 15
395 630 8
889 280 13
840 708 26
726 895 11
151 980 21
484 278 22
106 521 13
188 36 12
95 655 8
117 795 25
331 542 6
689 432 11
253 272 19
129 998 16
888 502 23
609 338 4
479 797 25
93 985 14
378 433 19
36 550 14
759 233 9
99 528 15
794 657 15
383 897 19
657 507 8
209 338 5
634 431 17
