659 168 2
348 855 2
420 56 2
797 596 1
262 165 2
927 775 2
325 252 2
152 909 2

984 462 1
704 183 2
610 194 2
989 543 2
354 963 1
369 112 1
405 374 1
729 654 0

987 331 2
22 483 12
100 819 24
605 876 9
429 486 4
422 475 24
975 181 12
231 902 2
436 308 26
807 389 7
305 376 13
55 750 24
67 851 18
190 456 19
199 237 7
51 660 10
798 987 16
861 218 19
36 7 2
493 471 19
731 878 21
453 946 22
20 739 5
719 750 10
886 138 19
713 76 10
929 921 6
873 652 10
568 106 8
113 453 21
410 941 26
13 396 16
603 116 18
763 354 7
931 68 10
264 349 6
421 223 10
456 143 16
437 256 21
258 75 16
766 837 9
207 805 22
150 569 26
880 852 21
390 468 21
821 889 19
905 345 12
94 134 20
441 744 23
357 511 10
214 229 13
820 788 18
267 819 16
