756 70 1
902 503 0
760 592 1
696 944 0
0 613 1
48 38 0
60 42 0

821 441 1
638 998 0
712 625 1
827 733 0
739 987 1
943 747 1
160 443 1

999 796 6
945 196 22
104 257 16
152 68 7
677 133 7
657 52 4
185 347 4
657 859 22
73 859 20
455 156 19
227 260 26
393 963 6
0 467 26
605 145 9
503 786 26
806 323 25
208 980 9
405 405 18
751 212 24
293 791 12
92 184 2
673 184 19
322 142 16
457 330 20
904 833 6
403 639 4
601 199 11
927 356 8
999 649 2
684 93 11
36 118 23
504 792 17
468 249 22
562 153 5
793 908 22
996 861 21
174 799 9
31 798 10
383 835 5
919 871 23
640 727 16
855 196 17
131 903 6
501 251 20
70 134 17
597 660 16
831 43 14
715 426 26
43 346 25
842 338 2
81 546 23
921 298 10
619 429 16
226 282 17
694 705 3
462 552 9
587 948 5
10 871 16
634 144 15
708 342 6
949 36 11
675 70 17
414 243 2
