863 26 2
7 900 1
500 699 2
57 390 2
973 250 2
452 108 0

638 502 1
288 836 0
38 483 0
100 550 0
849 765 0
359 124 0

428 625 19
534 34 9
314 7 11
994 459 19
884 450 21
136 738 9
914 228 20
770 789 10
111 217 12
855 103 21
638 769 6
22 763 15
515 999 17
861 487 6
44 955 11
62 222 17
982 551 22
667 674 11
912 993 8
734 631 3
563 653 18
203 520 18
294 734 7
136 192 12
346 193 14
267 669 3
170 584 6
854 434 13
360 909 18
173 45 12
560 424 13
463 578 2
565 63 13
660 330 9
386 500 19
117 689 9
721 543 18
707 255 4
175 780 26
835 692 25
373 543 23
753 358 26
155 923 14
493 935 22
853 673 22
529 864 9
650 286 14
251 660 7
974 765 15
