142 549 2
437 358 1
52 413 1
346 279 1
903 575 0
775 783 1
275 802 0
144 789 0

893 98 2
888 173 0
582 667 1
478 456 0
353 509 0
581 207 2
107 110 1
91 237 2

921 864 20
985 8 11
884 901 10
985 141 10
234 724 2
244 907 20
517 840 2
421 947 14
901 38 3
517 311 17
287 297 2
846 533 5
856 870 21
39 104 22
549 436 10
69 953 26
796 726 23
985 628 12
411 145 25
53 784 24
703 630 7
958 487 2
2 878 8
475 120 25
149 21 11
857 238 16
42 338 18
538 446 9
323 759 2
255 234 22
378 735 19
290 170 11
154 27 2
745 310 2
964 352 16
680 170 9
532 61 8
15 557 12
336 880 23
536 487 7
551 508 13
335 662 18
