17 60 2
175 802 0
161 983 2
730 710 1
916 76 0
365 112 1
131 531 0
990 117 0

374 886 2
357 384 1
27 754 2
903 929 0
158 442 0
496 525 2
601 793 1
554 158 0

164 289 23
736 632 17
776 358 3
643 715 14
183 350 26
137 861 19
426 357 21
426 310 14
502 217 22
465 469 22
357 597 6
783 593 23
298 976 18
116 296 5
460 722 14
343 3 19
515 398 4
976 863 24
774 221 23
578 356 16
801 654 19
768 573 3
437 41 26
615 501 26
854 182 2
404 525 5
171 40 3
24 368 19
698 142 15
538 874 3
730 994 3
82 431 19
433 398 22
507 252 6
82 9 6
13 180 23
341 556 18
533 606 11
68 818 11
196 548 5
639 416 13
586 923 18
715 358 2
767 64 18
533 598 24
794 896 4
480 316 22
39 512 23
945 409 5
281 400 23
411 53 7
111 774 5
484 427 21
584 573 20
809 93 26
907 390 12
635 671 13
904 802 7
591 609 2
860 445 6
80 381 4
548 345 10
684 506 5
744 400 18
907 532 10
408 788 14
963 174 3
572 978 11
926 410 18
205 310 15
