871 693 1
873 619 2
49 603 1
529 606 2
140 391 2
883 582 1

7 251 2
669 366 2
791 368 0
679 673 2
30 544 0
123 770 2

650 171 11
740 701 17
789 841 10
570 77 19
251 84 21
133 105 14
862 896 7
304 575 5
9 379 18
843 471 21
283 260 13
818 182 17
935 786 26
656 919 7
744 134 5
551 790 6
32 661 11
57 791 17
204 800 24
522 995 20
755 448 17
45 383 3
771 40 25
251 136 11
332 687 26
636 71 12
897 480 3
240 684 5
314 207 25
507 749 5
665 856 3
6 901 14
132 672 6
882 276 17
766 608 6
441 244 3
776 493 8
255 733 20
533 399 2
807 259 3
62 924 9
766 282 12
853 767 9
299 416 20
305 209 16
31 985 10
590 240 20
185 126 22
987 933 6
538 347 5
297 113 15
957 318 9
641 2 8
602 653 26
170 959 10
335 342 23
345 284 13
440 469 16
935 456 26
720 995 14
385 952 10
817 946 14
250 548 18
452 70 4
862 405 23
258 102 8
247 895 4
361 182 13
761 872 9
508 944 7
72 681 9
955 498 7
193 100 5
436 552 26
638 767 8
534 25 13
67 272 8
422 986 15
233 747 14
742 607 10
247 679 16
57 987 16
812 180 19
468 968 23
194 606 15
325 492 16
263 912 15
96 334 26
112 919 25
999 661 7
535 261 14
751 318 3
466 482 10
985 950 3
56 144 11
895 822 3
599 534 26
426 646 20
351 645 9
