289 661 1
419 663 0
410 126 0
214 680 1
260 225 2

721 747 1
428 657 2
817 394 2
969 287 0
435 374 2

147 663 25
499 83 15
957 493 16
520 707 24
311 320 26
772 41 26
498 821 8
566 638 2
734 959 14
533 747 13
645 894 4
558 702 7
473 575 15
420 886 12
296 10 5
920 861 2
201 427 15
877 161 2
191 46 24
880 43 20
232 813 17
19 372 22
639 969 10
353 538 8
228 739 11
93 968 24
918 160 21
12 624 3
250 294 26
147 934 20
930 233 12
75 586 25
82 166 17
868 260 10
815 530 22
809 725 14
847 737 15
50 369 10
977 971 5
101 118 16
546 400 24
608 476 13
209 558 4
549 426 16
30 403 24
594 602 13
135 4 8
670 981 4
148 434 25
912 332 25
262 292 26
550 501 11
4 402 14
719 612 8
316 994 11
990 588 15
401 723 19
182 394 2
287 894 13
