532 607 2
7 976 2
819 662 0
718 301 0
775 784 1
117 219 0

431 95 0
522 726 2
830 748 0
923 320 1
126 204 1
500 564 2

307 383 3
937 101 4
25 876 15
697 993 9
490 298 10
432 480 11
134 756 8
362 882 13
197 734 2
361 394 10
188 331 13
667 709 16
931 758 11
765 530 14
695 372 14
704 805 19
813 291 2
946 653 11
932 850 21
834 564 17
119 752 23
857 419 7
471 350 16
782 116 23
869 163 23
606 219 3
176 384 19
501 331 24
61 615 24
707 450 13
747 921 17
470 779 12
903 250 14
94 385 7
167 254 21
613 213 15
864 389 25
758 890 8
305 303 23
55 362 23
368 461 22
434 932 26
919 187 3
458 281 13
114 448 20
933 62 8
323 278 22
98 37 14
204 342 20
278 749 7
