444 269 1
434 9 1
164 686 2
320 663 0
945 723 1
973 583 1
641 249 2
264 766 0
837 846 1

833 857 1
921 301 0
130 88 2
400 252 0
212 572 2
222 869 2
258 842 0
10 835 0
840 100 2

223 937 26
699 122 8
359 525 25
685 926 2
49 490 26
76 712 20
827 970 14
513 980 25
448 821 2
502 396 16
401 95 14
510 489 7
920 200 8
418 885 11
520 286 26
546 363 15
441 542 11
103 503 16
128 357 14
443 759 9
880 621 26
712 541 26
70 311 14
706 183 25
480 81 13
671 522 5
832 700 12
973 804 18
640 932 25
702 375 11
211 320 25
410 742 13
847 449 23
361 952 26
342 784 4
377 110 10
