649 416 2
618 562 2
616 373 0
11 691 2
952 144 2
979 324 2
568 882 1
58 857 0

927 23 1
385 750 2
345 751 2
100 369 0
739 985 1
676 348 2
415 300 1
533 631 2

204 199 3
228 609 10
489 274 13
865 620 14
658 720 8
12 812 20
92 488 20
863 255 22
482 140 3
253 925 15
288 988 4
347 829 4
860 694 26
772 704 23
375 161 25
616 285 19
120 890 19
234 178 9
236 878 13
865 738 9
466 863 14
788 620 8
273 996 21
247 41 22
179 57 5
669 146 7
45 320 16
908 186 6
465 652 21
79 792 17
762 66 15
606 665 8
826 844 15
257 96 18
972 765 16
578 128 23
714 173 18
80 81 6
184 899 11
504 330 5
796 93 21
84 699 11
765 878 8
856 487 4
972 459 22
938 389 25
284 455 26
302 535 7
859 720 6
420 576 12
773 372 7
193 456 8
629 221 11
262 429 23
992 753 10
487 691 24
611 982 15
842 841 12
323 613 13
40 931 18
