787 614 0
144 179 0
567 676 2
998 394 2

981 621 2
794 230 1
739 145 0
33 845 0

641 659 17
254 302 5
896 442 21
256 505 26
403 855 22
443 982 26
868 722 21
626 107 19
23 749 5
38 355 7
493 603 26
562 593 14
86 604 24
757 16 12
401 460 20
275 680 19
646 306 26
215 681 2
443 719 9
326 564 13
650 126 6
913 288 10
32 727 16
169 237 20
962 512 25
181 510 9
156 726 15
583 169 12
366 495 26
752 498 5
83 763 18
968 147 22
458 154 8
316 324 20
634 638 9
984 820 20
641 328 23
332 263 17
94 629 15
68 733 15
873 169 3
967 137 25
787 947 5
444 263 6
337 249 19
447 234 16
67 227 21
413 911 10
280 5 14
643 426 25
856 299 21
184 266 10
308 54 8
938 498 23
244 187 23
188 634 9
953 53 11
397 466 23
105 747 3
795 390 4
570 599 6
514 135 22
947 795 26
680 85 26
677 329 14
923 518 25
755 471 4
489 678 19
466 473 12
220 43 13
274 909 23
947 856 19
321 537 4
898 566 9
310 841 4
60 948 2
864 114 22
135 604 25
152 422 25
264 994 20
464 889 2
543 787 20
600 449 11
527 862 9
277 726 23
600 213 4
426 982 23
294 958 19
762 948 3
989 491 18
