55 444 2
737 53 1
786 416 0
185 280 2
102 666 0
688 299 0
324 305 2

325 30 1
965 158 1
250 57 1
773 112 1
918 849 1
897 987 1
189 172 1

334 963 19
479 287 24
339 965 6
981 282 15
307 884 22
386 657 11
261 575 13
838 825 25
182 14 23
744 253 25
343 593 17
973 926 24
113 585 9
310 971 16
619 584 19
130 422 19
629 957 10
652 116 25
949 919 23
758 359 21
623 684 24
122 149 9
154 459 7
196 430 17
813 561 16
607 542 25
767 194 17
16 143 13
39 705 3
315 815 14
537 790 25
684 913 24
824 615 16
231 387 21
146 523 12
609 562 18
88 229 8
925 766 24
151 803 12
525 572 6
359 748 22
623 565 2
871 454 22
136 601 22
248 210 9
996 576 7
420 79 10
405 604 9
982 442 22
522 313 2
569 801 5
491 50 17
688 464 19
168 884 25
803 641 4
10 803 22
190 670 5
211 544 20
38 113 24
466 604 24
456 579 17
97 268 7
666 788 16
314 592 8
839 272 24
54 26 14
845 882 11
719 690 18
709 788 13
164 806 26
856 121 20
