577 341 2
665 709 1
959 877 2
70 471 0
392 182 2
335 771 0

977 672 2
452 833 1
202 234 2
273 616 2
753 545 0
8 211 2

179 170 7
640 241 3
845 985 13
798 673 9
798 455 17
37 657 26
156 282 19
106 387 15
398 395 26
751 926 21
34 115 25
270 913 23
630 905 25
662 55 5
527 93 14
626 601 23
659 457 8
483 208 9
829 189 3
990 494 9
588 476 14
836 138 19
892 665 14
303 338 25
36 997 7
517 832 18
603 78 8
396 420 5
103 360 6
67 197 20
199 397 4
265 700 19
390 89 18
620 606 25
744 190 19
703 42 2
935 110 24
953 549 17
988 748 15
668 365 17
404 728 15
602 491 25
814 235 16
872 943 22
647 878 9
737 820 9
252 488 26
468 525 7
772 929 12
387 884 3
886 50 14
575 859 4
203 83 22
225 83 26
710 55 9
743 144 6
877 397 21
984 341 3
145 615 15
559 542 26
861 97 10
107 322 18
890 128 21
722 5 20
41 734 12
238 718 4
717 389 10
79 535 25
844 446 19
821 308 16
529 767 15
222 944 5
916 666 12
360 60 22
372 650 17
726 367 9
809 799 21
859 995 17
492 697 19
856 721 21
