660 102 0
471 972 2
376 740 2
798 838 0
430 489 1
730 903 2
49 778 2

645 166 2
946 950 2
499 634 1
462 647 0
178 118 2
280 846 0
274 644 2

987 426 15
23 508 19
116 554 18
679 852 20
457 351 6
698 813 3
393 344 23
524 250 15
912 612 24
79 11 15
70 690 19
363 147 21
569 943 5
317 708 6
560 232 8
150 706 23
815 619 10
339 225 5
421 304 18
761 726 9
953 89 8
849 84 6
559 5 24
964 322 7
994 234 16
625 385 23
846 200 19
32 539 19
112 312 26
986 379 19
619 228 3
872 752 7
354 98 17
69 75 2
842 922 2
234 306 18
203 418 6
829 622 6
182 960 10
624 932 14
502 382 3
385 255 5
590 961 5
382 30 6
207 872 3
584 458 11
82 843 4
88 25 14
122 1 21
736 503 6
137 240 11
246 565 5
925 773 4
878 357 13
137 210 2
167 644 22
819 733 23
783 207 26
680 943 5
959 80 22
845 75 5
340 322 21
570 599 21
