579 75 2
899 704 1
245 224 1
692 871 0

596 10 2
985 100 1
558 127 2
360 884 0

416 442 22
827 22 17
265 601 19
188 852 24
19 97 25
73 141 23
235 90 9
954 985 13
161 698 23
60 114 17
457 293 14
373 558 17
67 98 19
466 469 16
89 543 9
145 101 2
454 55 12
890 569 10
211 981 25
326 438 20
815 163 6
905 231 4
238 139 19
771 75 24
393 220 3
443 26 8
831 916 4
564 480 10
764 158 26
258 974 14
516 79 20
488 317 9
707 440 11
57 834 8
508 629 9
366 460 2
794 377 7
554 493 16
753 751 17
468 765 21
413 634 25
56 122 20
190 182 10
399 239 21
532 747 26
691 113 13
767 907 17
428 387 7
700 801 16
50 209 15
718 400 22
827 151 11
121 36 10
397 727 24
486 846 8
951 521 22
677 42 6
23 144 19
134 42 22
195 515 10
4 265 13
278 751 11
459 54 7
807 669 19
74 346 13
728 555 7
536 578 26
553 241 16
322 375 8
594 923 26
903 927 16
525 16 23
281 823 19
413 978 22
918 514 2
432 741 21
690 335 19
816 590 23
855 881 5
997 407 22
115 42 20
679 455 25
501 725 14
902 292 8
265 119 11
910 935 2
