527 293 1
8 134 1
305 726 1
302 529 2
855 516 2
914 18 2
589 686 1
180 195 0
893 612 1

88 686 1
183 213 2
353 573 2
933 878 1
843 532 2
242 388 2
992 302 0
993 891 2
607 423 0

550 757 8
953 940 23
649 645 22
183 930 25
443 774 8
890 360 25
566 353 18
486 796 13
656 346 20
864 299 12
286 300 10
264 863 9
410 753 21
210 320 26
254 249 15
721 735 14
209 744 10
102 960 12
639 246 12
174 879 23
839 413 22
510 623 19
927 950 5
764 159 26
135 605 10
622 779 17
195 651 7
11 490 22
581 352 21
597 283 12
623 583 3
844 341 14
661 286 9
864 833 10
69 845 2
40 778 4
986 954 21
161 972 13
639 921 23
528 507 2
736 703 18
723 364 7
130 580 15
540 650 12
440 42 16
693 380 22
537 893 21
898 810 17
128 338 24
781 74 5
422 149 19
54 280 25
168 820 2
830 613 21
271 658 3
666 547 21
738 799 6
731 697 16
621 178 6
370 959 7
175 381 7
993 788 14
743 956 9
495 786 24
641 58 7
519 76 4
938 814 3
595 897 3
709 870 6
96 768 23
476 113 11
488 856 17
673 703 6
822 696 16
278 215 19
632 506 11
786 101 8
637 162 4
666 28 24
654 125 17
375 953 6
237 794 14
54 819 20
658 641 16
24 271 7
467 256 13
428 42 14
663 49 7
985 703 9
428 430 12
396 722 4
864 732 23
647 4 21
135 306 26
17 643 6
