284 266 0
86 556 1
831 442 2
319 869 0
793 879 0
622 854 1
193 471 2

37 233 1
313 347 2
868 343 0
579 979 0
559 418 1
744 601 1
521 272 1

945 66 13
381 40 17
367 234 16
487 936 24
263 157 17
131 88 23
266 647 18
309 743 20
149 562 10
87 943 26
880 662 12
144 193 10
993 680 22
190 295 6
82 779 19
947 706 12
58 2 16
343 89 9
317 969 22
413 811 24
514 788 26
583 94 23
947 41 4
407 584 6
836 994 10
475 337 2
58 7 23
655 236 16
797 649 4
619 534 7
89 400 20
338 983 16
688 42 19
245 879 13
155 354 25
155 764 9
829 771 21
968 568 20
270 540 7
277 629 9
721 320 18
610 656 3
893 697 20
112 294 26
325 449 6
876 957 22
433 786 19
227 754 14
23 376 4
353 653 9
787 726 6
853 689 14
906 934 11
650 399 5
624 724 7
305 600 14
751 34 25
457 284 7
