199 581 0
348 40 0
700 345 1
147 311 2
983 712 2
532 987 2
953 497 0

868 374 0
385 333 2
317 312 0
192 512 0
281 212 2
748 912 1
992 59 2

893 926 22
44 880 19
775 748 21
527 485 6
643 154 18
82 347 5
455 980 17
516 81 5
274 73 16
343 756 9
476 1 12
918 821 17
262 700 5
643 696 9
984 130 8
607 101 20
111 898 26
821 847 24
412 765 22
454 379 23
665 6 26
398 548 12
760 508 15
203 445 18
72 124 15
697 235 16
971 409 13
996 173 5
841 627 9
333 627 14
410 25 15
720 138 23
835 693 20
678 765 20
592 462 7
108 786 16
119 782 14
599 623 19
106 715 6
226 458 12
366 530 25
14 718 19
108 396 11
835 448 12
50 919 21
789 518 21
156 976 11
485 315 12
831 260 5
654 627 23
523 735 19
510 765 10
959 600 10
546 2 5
915 792 25
611 300 2
671 786 17
131 931 13
753 762 26
906 769 3
777 644 15
397 154 7
357 113 7
765 11 10
445 926 4
644 538 4
819 561 17
661 44 26
750 797 15
99 56 9
75 833 6
490 230 10
670 939 24
802 705 10
937 150 14
