498 191 1
709 221 2
154 215 2
649 618 1
207 728 2

67 30 0
232 791 0
372 839 2
483 428 2
943 589 1

344 87 20
162 149 18
223 303 11
536 304 4
619 863 9
310 931 14
976 515 7
551 887 21
570 723 2
535 666 16
787 362 5
583 524 6
599 99 11
535 635 16
737 607 6
372 269 12
140 148 17
786 718 15
861 605 8
877 393 20
333 328 21
937 279 22
549 815 8
465 904 17
244 276 11
307 961 8
885 453 7
350 239 2
891 453 8
449 330 3
370 15 8
814 305 12
710 854 2
593 319 9
435 563 10
902 107 26
759 810 18
687 701 21
220 502 3
146 872 19
989 101 5
999 481 16
232 27 14
779 281 21
130 41 6
721 728 9
765 948 12
844 446 11
337 891 5
