773 758 0
979 772 0
829 65 0
272 706 0
209 226 0
480 731 1
463 460 1

271 736 0
816 578 1
67 716 1
661 842 0
154 821 1
87 2 1
692 274 2

245 835 6
248 315 12
209 130 22
168 402 10
468 218 15
185 285 7
165 892 24
362 936 25
264 181 10
393 782 2
606 343 8
926 864 12
25 517 17
80 600 16
329 338 20
399 855 14
823 217 26
521 482 9
406 227 16
959 833 10
290 112 26
375 799 8
30 176 3
970 609 5
561 938 20
957 690 25
244 865 20
578 145 6
117 104 15
352 746 4
235 503 6
536 826 15
141 387 6
84 344 23
882 941 13
452 339 25
234 809 4
849 161 26
576 965 24
454 200 5
524 229 20
830 313 15
39 150 17
992 954 9
90 188 18
644 37 4
945 613 21
720 419 21
998 280 11
454 156 15
297 986 5
485 164 3
966 203 3
209 547 9
791 989 23
182 634 10
734 931 26
956 651 20
25 649 2
535 103 8
625 753 19
29 238 8
332 557 14
192 557 3
774 825 20
373 781 22
743 159 23
394 46 4
552 23 7
345 404 22
653 736 4
517 873 22
281 66 6
34 206 20
421 980 23
413 801 17
385 547 13
164 99 14
466 802 7
146 671 5
943 952 23
298 986 5
366 851 20
686 353 20
0 517 21
337 565 20
260 530 20
85 123 11
765 867 21
426 585 24
496 356 15
367 395 21
6 84 4
