187 490 2
804 692 0
500 91 2
84 698 2
494 804 0

852 419 0
878 89 2
811 702 1
541 25 1
157 924 0

437 463 8
232 620 25
428 472 18
718 556 16
192 402 23
801 606 19
402 484 9
238 647 13
579 839 4
762 72 26
285 500 24
251 570 7
267 114 10
88 915 16
681 669 3
715 907 2
451 464 18
601 986 7
630 385 8
279 636 5
484 255 21
444 344 13
11 377 8
414 444 17
816 247 7
759 811 12
752 764 23
585 569 23
489 551 8
598 830 19
628 667 26
773 463 22
184 826 26
617 240 20
958 409 17
763 168 5
975 921 19
821 506 16
119 347 17
450 297 23
769 926 17
343 51 5
614 587 7
613 205 24
409 515 8
99 278 4
305 253 25
922 426 6
461 545 5
552 347 3
117 459 7
102 391 26
277 800 16
860 251 21
612 556 24
285 831 2
816 292 24
695 196 21
325 490 24
830 363 26
274 817 17
88 307 21
883 919 2
282 557 8
460 373 3
182 420 24
604 291 23
265 425 23
782 349 17
748 437 26
317 672 21
794 955 3
751 415 3
352 949 24
501 553 17
24 47 11
38 537 13
766 154 13
312 937 12
305 37 2
