878 591 0
679 586 0
826 549 0
26 464 0
58 643 2
357 153 1

690 348 2
71 369 2
166 369 1
101 544 0
202 422 1
991 454 0

483 280 2
696 659 18
601 69 11
866 427 17
729 117 15
90 188 11
946 706 8
452 807 2
751 362 26
116 188 13
493 884 22
334 837 16
818 704 18
498 876 25
910 822 8
368 378 5
819 18 8
373 486 23
559 979 10
404 665 22
670 836 26
12 996 12
822 847 13
173 757 12
229 800 14
445 520 17
306 64 26
130 623 8
838 379 23
383 50 11
985 62 8
20 884 5
283 409 14
368 639 16
433 84 11
523 460 2
988 248 17
619 438 22
267 174 22
752 159 11
233 531 22
913 814 7
291 967 7
752 843 19
904 531 15
769 519 15
610 138 4
182 758 3
488 95 20
