854 492 2
789 403 0
132 290 0
92 302 1
459 264 2
69 761 1
396 251 0
696 871 2
118 772 0

736 690 1
561 896 1
939 686 2
291 170 2
346 614 2
788 74 1
718 495 1
653 243 1
680 939 1

946 57 20
353 145 13
180 707 9
852 998 20
279 641 16
644 987 7
663 127 6
299 845 3
48 850 21
568 828 22
212 534 17
832 918 26
101 197 17
892 193 6
129 508 6
455 557 6
25 606 14
507 738 3
926 922 15
391 166 8
548 463 17
479 592 3
608 400 12
940 777 20
802 14 19
773 797 21
416 898 17
144 568 7
153 116 21
96 556 15
83 496 19
676 650 9
654 619 5
148 387 5
405 565 23
161 718 14
380 89 11
895 537 19
459 973 17
503 649 17
210 445 14
521 600 21
502 416 15
955 821 5
328 982 26
465 714 17
901 610 4
894 421 2
86 924 4
577 487 26
914 630 3
566 6 21
331 961 19
711 106 18
201 359 5
580 605 26
86 535 22
689 757 26
892 324 7
863 7 20
8 669 11
328 933 4
132 866 11
708 151 3
561 438 24
901 876 11
872 566 19
698 810 20
179 26 4
324 34 24
255 685 10
465 394 11
718 307 24
