214 277 2
630 372 1
343 676 1
969 836 2
993 108 0
404 399 2
20 127 0
231 894 1

353 393 0
893 52 2
188 266 0
755 248 1
179 943 0
907 912 1
71 905 1
147 661 0

583 682 15
461 265 9
82 618 4
11 512 6
420 52 24
459 807 24
869 339 18
308 598 7
935 669 13
670 168 26
804 751 10
417 212 25
276 647 19
529 658 8
185 431 10
108 242 20
448 772 9
167 730 21
168 534 25
852 304 12
152 580 9
854 647 3
690 755 20
333 89 8
667 538 7
552 588 22
673 108 6
546 960 12
632 465 18
716 536 4
811 391 26
689 81 8
457 766 23
41 785 13
748 736 9
308 313 7
675 844 10
591 912 23
697 413 24
829 223 15
402 616 2
513 364 15
45 528 5
