734 751 2
954 942 1
585 658 1
608 251 2
324 900 2
846 841 2
919 406 0
739 242 0
243 182 1

657 127 1
233 862 0
143 168 0
524 106 1
454 714 1
478 391 0
722 237 2
424 509 1
578 248 2

701 492 3
214 501 6
83 734 20
704 878 15
267 754 21
840 208 13
16 686 4
92 760 18
361 184 2
388 114 26
658 816 20
392 817 8
185 521 13
499 788 17
270 980 2
756 996 14
985 440 26
452 801 11
3 552 20
423 13 2
345 758 22
1 295 18
887 794 9
79 173 11
318 511 3
670 963 7
854 742 24
856 98 26
675 873 16
597 571 20
489 810 16
521 689 10
885 121 11
246 791 22
48 461 12
3 667 4
500 524 4
901 551 3
667 778 21
840 376 20
660 217 5
10 975 18
919 574 9
691 622 21
426 977 15
183 730 15
336 397 21
355 589 22
650 601 16
404 580 6
199 942 8
115 861 7
822 552 6
343 330 8
884 585 12
948 768 19
212 104 19
958 812 10
728 462 12
419 866 19
848 65 11
956 532 22
639 707 26
943 50 6
225 286 16
822 757 5
705 837 20
959 456 6
318 412 13
890 51 20
366 995 23
172 572 9
212 611 19
724 491 20
340 665 2
