251 93 0
383 298 1
374 477 1
669 673 2
566 490 2
733 962 0
539 329 1

429 495 2
436 400 2
846 445 0
629 48 2
8 431 1
30 158 0
261 827 0

528 394 12
749 479 26
349 18 5
245 236 3
884 82 25
36 711 23
176 101 15
548 715 19
593 595 15
129 345 19
978 694 13
509 99 12
534 696 23
312 933 7
535 969 20
159 603 18
214 779 20
171 921 7
310 402 4
927 381 26
915 242 25
351 128 23
832 328 3
0 839 8
637 832 15
104 666 14
157 593 22
806 212 20
404 938 13
936 770 18
789 123 10
245 715 15
480 704 23
881 557 22
120 66 15
93 322 26
307 480 15
2 885 6
490 173 26
659 962 24
667 559 16
80 39 20
678 435 25
818 234 26
244 893 6
235 248 18
164 90 16
863 749 5
38 768 16
873 879 18
954 638 16
3 883 11
3 634 2
900 239 20
64 519 21
620 744 2
964 367 16
976 299 12
481 253 25
220 608 10
789 847 16
240 394 7
785 458 26
531 79 22
157 395 15
998 371 14
609 424 4
792 980 23
798 769 23
437 585 17
359 611 21
310 143 2
6 652 22
421 650 20
783 311 24
102 920 23
29 64 4
152 862 25
475 652 11
292 930 14
503 641 2
173 304 22
625 310 24
