854 263 1
43 104 1
226 815 1
829 567 2

600 775 1
914 641 2
683 792 1
465 709 1

342 6 26
703 402 25
686 256 16
301 877 12
616 706 4
504 306 7
235 221 23
84 256 17
708 63 9
634 118 12
382 157 20
746 344 22
214 646 24
202 614 8
404 118 14
86 353 12
57 437 19
524 279 15
700 339 6
235 973 26
172 355 8
365 102 3
562 668 24
285 870 15
66 627 8
166 123 2
435 999 6
425 52 20
479 287 20
356 811 26
37 528 5
87 376 23
294 817 13
545 252 15
426 30 17
647 861 6
741 255 22
744 670 13
120 758 16
366 835 10
239 669 12
529 315 4
943 212 9
356 991 14
821 638 25
192 924 25
339 20 20
226 140 5
840 506 16
601 97 10
661 627 2
538 570 15
372 926 6
236 99 21
962 376 26
905 920 2
103 259 23
323 837 13
302 30 22
468 631 19
951 292 21
453 182 18
816 907 21
170 143 20
514 105 23
41 10 20
491 465 5
314 141 19
278 443 24
748 911 5
315 214 24
978 836 16
373 6 9
440 914 2
285 757 18
38 424 9
333 702 4
305 450 17
909 117 8
508 331 2
290 310 13
979 35 22
164 605 20
