174 956 2
166 59 0
390 205 1
314 677 2

922 799 2
181 484 0
343 13 2
35 260 0

727 601 21
97 888 16
901 414 23
567 932 9
194 322 15
591 636 19
596 558 20
56 739 5
866 82 18
704 470 4
452 197 7
648 646 22
163 547 11
986 114 20
868 308 17
308 252 3
694 608 3
447 474 12
565 531 7
592 335 6
924 983 2
496 146 24
482 132 16
400 353 24
640 661 3
868 87 4
655 133 12
533 932 14
845 497 20
628 442 5
607 366 13
585 215 12
109 697 19
748 98 24
48 738 11
599 959 25
351 614 10
64 499 17
251 344 14
321 972 6
374 932 25
762 517 15
317 375 10
41 423 26
427 374 10
900 726 26
858 790 25
748 393 21
488 714 19
317 440 26
865 202 20
980 852 21
