164 180 1
144 859 0
811 828 1
917 182 0
324 852 2

457 441 2
955 385 2
712 373 2
505 340 1
153 954 2

224 470 16
884 614 26
262 778 6
321 695 14
368 783 23
487 847 21
782 352 13
5 505 18
740 81 13
654 317 5
780 580 8
735 901 5
224 895 26
565 183 4
699 904 15
571 743 12
167 525 17
347 975 6
60 629 23
388 762 3
351 73 26
875 638 12
580 689 16
68 612 9
755 780 11
795 236 21
693 583 21
672 995 3
320 736 15
197 582 14
326 934 12
703 161 2
263 741 18
727 161 6
286 917 13
370 712 24
336 429 4
612 750 17
650 299 2
889 977 13
201 680 24
503 943 18
495 22 4
99 308 23
835 31 11
159 73 18
672 22 2
663 24 3
588 266 5
799 467 13
523 971 8
989 466 8
617 917 16
865 104 24
826 263 22
193 33 7
693 705 4
943 720 5
196 308 21
337 983 12
896 972 5
477 941 22
718 807 26
991 633 16
336 178 24
726 714 12
384 830 5
946 726 4
974 555 21
919 274 5
320 265 15
