674 740 2
91 653 0
623 937 1
202 746 1
950 120 0
741 676 2
904 464 2

589 186 1
552 988 2
491 136 0
642 811 1
196 254 1
72 877 2
936 432 1

610 382 12
356 379 4
33 321 17
694 225 8
881 716 21
388 907 13
17 331 16
583 267 25
33 175 8
846 883 14
123 269 10
291 963 10
447 196 4
91 313 14
899 701 23
251 5 24
974 254 4
432 639 6
365 486 17
311 604 26
521 51 25
800 143 13
438 394 16
334 706 11
914 958 18
762 284 22
147 81 25
339 111 13
800 774 18
550 96 14
836 886 10
175 572 17
702 601 11
75 144 5
87 291 13
937 631 24
748 431 23
516 8 21
336 910 19
359 273 4
126 209 16
851 264 19
860 339 13
290 426 7
802 363 15
776 463 23
173 980 9
569 668 19
61 318 16
791 29 16
