342 997 0
803 946 2
57 841 2
78 753 0
711 440 2
471 938 0
66 436 0
997 875 2
513 79 2

248 809 1
504 151 2
600 306 2
261 715 0
733 145 0
177 856 0
543 327 1
693 745 0
519 742 1

107 608 25
361 856 9
220 659 6
710 84 17
965 777 13
223 118 23
383 763 13
693 336 26
662 488 4
346 60 14
213 515 14
579 481 18
42 138 15
413 291 17
786 674 5
872 719 18
623 733 7
301 431 19
990 959 25
868 172 17
182 751 23
273 145 14
14 745 6
159 158 22
126 296 21
504 521 18
922 144 26
829 797 8
797 139 17
562 541 18
648 829 10
679 340 20
650 466 17
294 322 15
362 596 11
812 426 9
693 223 25
885 145 10
897 59 26
365 95 18
979 95 22
558 425 7
75 71 4
999 598 4
683 291 4
658 474 3
143 73 5
373 148 2
278 613 13
706 648 4
208 155 7
559 197 7
617 964 2
123 622 26
725 352 17
255 573 16
