608 503 0
558 135 0
526 101 2
589 590 2

5 281 2
84 888 2
980 419 1
609 508 1

262 289 14
563 249 18
720 807 3
394 686 7
766 275 22
918 281 6
516 717 21
850 697 15
318 307 25
2 797 2
902 411 16
167 974 16
583 46 23
486 440 9
491 559 12
439 829 18
20 345 10
489 547 10
729 217 17
478 219 16
478 474 2
120 993 3
659 928 24
357 414 17
742 258 26
402 49 7
343 69 4
353 910 26
61 639 18
428 469 15
944 300 16
519 420 9
420 431 14
720 788 3
460 882 13
111 284 12
591 979 8
768 333 20
492 746 12
785 527 6
650 823 8
989 343 3
673 115 11
285 187 2
664 647 9
300 110 19
338 701 25
796 469 8
165 313 7
