222 189 0
390 193 2
424 793 2
558 297 1
217 928 0
297 98 2
39 916 0
323 747 1
617 138 1

522 532 1
906 754 2
86 144 0
183 920 0
68 830 2
488 47 0
710 344 0
862 735 2
673 59 0

188 28 20
595 902 2
279 808 8
504 246 5
923 430 2
843 49 2
592 937 23
847 477 26
593 72 6
518 703 16
902 208 13
430 483 18
213 377 7
619 656 22
729 600 11
251 447 14
152 40 13
956 911 17
921 165 2
484 947 12
125 529 13
968 743 15
151 339 12
383 958 18
230 39 18
15 642 18
629 795 10
57 376 11
7 860 10
145 337 15
606 658 10
