744 314 1
895 667 2
664 590 1
914 212 1
359 876 2
765 197 1
662 998 0

570 855 2
937 426 2
136 940 2
3 37 0
154 284 1
594 948 0
696 215 0

730 58 23
772 629 3
766 918 6
641 54 23
201 57 10
76 563 20
969 157 20
805 853 12
500 781 16
72 802 12
693 127 19
797 768 23
49 719 3
420 524 9
221 448 22
481 345 7
800 360 18
99 54 20
317 203 15
940 101 11
621 81 11
865 482 5
577 260 7
318 481 8
697 763 15
838 862 21
458 531 2
846 472 3
366 662 19
612 445 3
540 142 18
828 332 5
523 790 14
773 988 11
909 966 20
49 165 14
183 546 19
446 510 16
7 526 26
566 651 24
922 912 17
940 792 4
155 376 17
600 174 2
489 198 4
225 563 8
644 484 11
854 491 13
403 410 16
552 684 5
997 920 17
139 75 19
532 675 20
434 517 19
387 94 9
570 738 18
506 592 12
617 348 24
83 900 8
813 920 12
403 408 10
847 940 12
465 375 6
282 114 2
15 684 16
583 190 10
995 160 8
