443 140 2
847 751 1
130 394 2
697 848 2
521 145 1
321 766 1

307 409 2
916 173 1
184 154 1
747 331 1
307 775 2
416 974 1

812 153 13
750 674 10
614 996 26
527 303 13
660 571 11
651 756 17
536 503 24
78 578 25
171 759 6
11 923 9
699 674 10
532 288 6
844 828 8
378 480 14
143 105 4
994 535 9
748 718 17
182 769 18
290 301 7
747 784 25
507 629 3
190 359 10
630 130 3
572 625 10
677 971 21
153 890 25
519 72 19
910 715 20
942 462 6
142 321 10
171 511 22
679 493 2
908 418 5
593 95 26
462 806 19
388 831 7
575 388 9
132 530 7
317 53 20
862 85 14
890 993 9
543 586 4
519 401 12
286 143 24
296 532 7
26 391 3
823 319 16
82 451 23
662 768 2
105 631 14
394 873 7
255 287 23
568 926 17
840 222 26
648 600 17
549 423 11
190 857 12
361 519 6
938 976 14
600 371 12
