461 152 1
155 829 1
420 343 1
637 965 0
813 211 1
192 798 2
107 929 2
782 54 0

866 493 2
525 469 1
357 282 0
167 437 2
500 209 1
419 198 1
452 364 1
402 556 2

454 663 20
734 798 24
926 664 19
968 541 14
977 898 21
138 65 11
128 566 20
166 337 21
817 790 10
679 192 16
43 998 4
336 732 2
684 11 19
876 331 10
890 308 9
569 927 19
864 93 7
358 910 24
216 941 18
60 320 25
287 356 11
965 123 3
649 310 25
418 96 22
423 806 9
570 375 25
261 357 11
302 769 8
75 57 15
860 588 25
328 905 25
327 657 19
776 850 24
633 420 26
269 687 3
76 762 12
691 302 10
914 407 16
270 916 25
559 30 22
658 165 7
467 435 19
45 863 7
680 806 6
255 497 9
88 763 18
180 916 4
928 186 22
752 373 17
425 933 24
223 943 14
53 410 26
203 487 22
809 743 19
718 183 8
34 715 26
437 644 12
623 396 14
238 450 26
287 373 9
552 576 21
622 737 16
824 279 13
609 739 9
471 265 10
915 241 8
654 479 8
112 318 11
557 293 24
523 708 22
314 532 2
100 493 18
695 231 26
151 237 5
41 505 17
601 414 12
898 863 22
3 386 7
598 700 16
791 140 3
