630 580 2
769 762 0
125 118 2
509 596 0
558 500 2

266 281 2
874 486 1
804 741 0
865 317 2
268 426 1

391 408 15
462 177 4
781 655 23
88 516 21
411 426 21
829 44 4
887 919 17
952 723 9
945 940 3
362 208 6
197 599 14
613 414 19
790 195 24
438 283 17
682 46 19
778 876 13
507 115 7
723 67 7
32 364 22
658 726 7
63 276 9
227 889 23
921 31 20
136 504 26
428 635 2
764 142 19
372 865 13
54 249 3
325 260 6
507 323 7
289 902 21
837 824 3
580 94 25
958 582 4
383 10 14
35 127 9
803 851 26
989 905 26
540 230 11
75 379 15
222 569 14
48 149 11
696 108 20
200 843 6
340 878 10
622 681 11
121 23 16
870 563 24
231 85 16
915 161 20
206 735 16
320 783 16
529 831 26
25 31 19
179 723 22
164 345 6
0 819 4
741 41 19
713 273 5
479 540 18
625 746 3
339 67 13
203 948 21
527 973 2
46 504 3
92 668 23
523 20 17
977 762 9
994 827 9
449 307 24
417 932 23
