711 739 2
102 652 1
801 390 1
340 242 0
640 482 2
823 919 2
595 733 1
614 620 0

238 909 2
980 992 1
929 55 0
556 158 1
580 311 2
90 4 2
126 996 0
602 819 0

271 414 21
521 380 16
319 970 2
359 951 20
7 140 10
793 163 3
475 642 26
991 244 23
75 515 14
244 388 20
385 707 17
436 418 18
479 84 2
538 797 16
162 942 6
414 408 19
210 836 11
68 818 8
333 606 4
902 437 13
54 366 7
361 418 23
243 560 15
766 975 26
534 537 12
520 310 19
895 730 14
180 318 7
469 372 26
849 720 9
379 433 5
850 28 15
91 795 15
740 681 3
846 96 21
286 425 12
979 605 7
462 426 4
663 276 26
348 857 13
252 40 16
553 969 20
869 816 16
25 433 26
805 247 2
309 910 5
534 383 12
582 220 20
