775 547 2
710 322 1
860 259 1
791 821 0
943 14 0

410 449 1
341 565 1
238 73 0
219 135 2
361 349 1

420 124 2
754 186 26
18 46 11
938 190 9
846 485 25
198 895 24
281 588 14
346 827 14
883 398 25
128 760 26
556 532 3
883 639 14
794 299 3
676 695 10
573 976 23
388 675 2
275 558 26
650 38 13
576 830 11
315 715 22
101 861 22
429 89 17
242 765 15
302 690 16
599 78 16
74 354 2
300 4 15
286 731 12
509 307 19
18 975 11
889 76 22
59 858 13
726 100 5
441 755 20
781 354 26
147 780 5
72 433 11
388 719 20
549 840 6
921 251 14
312 771 21
932 904 2
631 51 10
36 476 18
446 864 14
939 514 20
91 256 21
219 805 11
775 78 14
189 812 20
703 124 16
325 408 22
652 40 26
112 76 2
653 522 18
266 813 7
955 828 22
291 603 25
230 792 14
