526 908 0
355 735 0
436 762 0
866 981 0
335 207 2

288 234 2
999 334 0
134 486 1
52 291 1
326 231 2

735 109 15
644 465 2
669 94 17
150 579 14
176 309 14
805 397 24
343 393 16
969 409 19
357 893 16
430 318 24
359 340 21
226 794 16
427 945 21
467 180 4
446 356 16
32 505 8
521 826 18
616 535 13
202 677 24
21 903 20
638 682 17
482 149 23
661 595 6
502 308 18
740 340 26
724 214 4
765 830 15
51 12 8
8 566 10
657 940 15
101 578 22
193 412 22
114 73 19
744 928 2
887 668 20
888 392 9
716 509 16
431 913 3
464 273 19
174 931 9
787 384 12
434 577 24
879 44 25
624 140 3
324 379 23
69 620 18
676 336 2
817 119 17
618 935 16
338 109 24
645 896 10
883 330 12
532 562 8
607 186 25
610 862 5
282 932 25
698 960 13
