941 882 0
45 383 2
780 599 1
522 862 0
629 450 0
136 931 0

544 713 2
798 402 1
264 566 1
382 411 0
696 705 2
34 750 1

243 404 11
5 874 19
202 418 9
543 216 13
32 832 4
181 215 18
485 911 23
320 298 25
243 225 7
764 469 11
148 527 24
334 885 23
803 87 18
985 982 11
921 14 18
42 33 22
365 353 20
438 948 20
393 713 16
104 861 19
553 548 6
876 351 20
617 689 2
926 962 18
420 738 16
776 132 24
748 497 2
666 287 26
162 680 16
126 137 2
970 690 2
699 567 6
867 536 22
369 815 9
886 235 25
950 363 7
47 112 5
849 778 19
600 940 25
64 67 14
742 37 6
967 89 25
248 308 12
218 678 4
151 564 14
174 514 2
329 913 16
334 762 22
627 363 14
952 427 8
766 169 21
270 489 12
654 956 25
495 633 5
572 314 18
114 1 6
434 980 19
46 284 23
78 50 18
499 320 9
9 14 21
179 20 2
