752 4 2
436 739 2
195 310 2
425 472 2
599 261 0
660 150 1

662 91 1
994 744 2
246 172 2
96 786 2
855 890 2
148 678 2

98 873 2
524 650 24
972 910 13
98 925 4
785 919 25
246 469 3
271 970 9
36 420 9
111 945 10
11 587 10
172 911 22
835 362 22
589 147 17
111 368 23
272 966 18
675 238 13
757 274 8
375 101 19
935 625 6
153 401 19
820 841 11
652 952 6
99 576 23
367 604 13
605 361 12
263 778 2
867 153 3
215 846 15
383 999 17
50 171 8
861 823 13
393 274 16
539 641 20
275 246 9
637 862 14
108 89 7
500 492 3
734 353 4
920 98 3
386 637 22
105 264 20
537 254 7
99 344 13
167 987 4
28 457 10
382 918 26
668 504 24
720 776 22
399 163 12
719 620 26
989 157 7
122 608 26
983 128 16
335 156 23
393 890 18
893 330 16
933 71 24
729 470 14
866 541 9
