176 944 1
484 256 2
939 318 0
190 873 1

152 888 1
399 823 0
933 896 1
184 297 0

938 498 10
35 927 22
331 103 16
319 939 24
417 68 17
838 572 8
479 972 8
294 257 4
774 793 3
107 83 4
90 118 6
537 449 11
928 121 25
575 367 6
892 136 26
435 974 24
866 453 21
472 99 5
326 874 23
829 333 6
831 776 26
112 313 25
78 710 4
52 497 4
599 363 9
470 187 9
223 46 18
579 230 19
53 342 8
329 191 2
725 363 21
489 793 8
742 845 5
321 797 20
705 619 7
189 570 24
547 145 21
239 725 26
58 130 20
191 459 11
918 185 26
463 26 19
69 120 17
173 793 14
991 499 10
349 688 5
571 588 3
691 237 8
885 781 20
621 699 5
721 162 8
613 232 4
55 757 22
942 100 23
801 449 12
581 373 25
507 565 4
510 609 18
644 494 24
589 115 24
719 188 11
875 154 20
152 209 4
575 152 5
848 305 6
458 886 4
8 746 22
737 608 6
704 252 25
803 841 17
250 560 6
212 788 12
757 292 21
60 219 25
463 68 5
667 526 19
597 887 17
92 976 25
196 32 5
563 86 11
817 650 24
929 408 16
899 468 13
372 283 6
520 899 21
710 539 7
38 37 18
912 601 7
346 770 7
920 700 17
786 599 10
872 323 20
26 178 23
59 50 22
330 37 18
578 748 9
