824 838 2
660 192 1
553 463 0
858 315 1
897 71 2
92 216 2
389 16 1
431 483 2

811 374 1
611 852 0
98 677 2
846 689 1
836 242 1
4 100 2
619 349 0
503 442 0

546 183 11
787 614 21
247 426 21
695 686 18
69 522 12
258 879 15
762 850 16
689 705 8
344 390 8
339 637 11
60 512 3
879 494 5
117 752 9
846 556 16
680 741 19
697 85 10
328 776 24
90 836 11
241 822 16
231 410 17
260 641 13
163 110 18
297 917 9
281 116 15
322 796 8
614 493 21
322 263 9
858 504 8
773 88 18
465 348 11
942 160 14
452 793 5
517 115 3
324 81 21
