250 801 0
543 686 2
308 799 1
928 282 1
417 906 2
508 641 2

183 793 1
335 620 1
218 322 2
674 915 2
561 517 2
397 60 2

100 721 13
23 1 21
719 418 4
517 279 22
953 814 16
644 149 13
450 719 13
659 745 3
258 56 8
320 508 6
30 251 3
784 120 7
179 73 21
720 70 22
234 520 19
70 180 14
821 414 23
794 673 4
476 345 13
582 231 20
217 397 18
346 297 14
466 531 9
10 601 16
948 775 8
197 397 5
710 980 12
755 670 25
51 239 23
819 614 2
573 778 8
674 89 11
757 633 8
513 182 7
967 892 12
4 999 10
654 50 24
327 883 25
602 809 6
408 519 20
167 193 11
54 303 19
862 816 4
67 135 21
813 146 23
612 200 20
26 528 4
751 482 15
255 890 9
900 409 4
634 463 7
2 677 26
904 745 11
50 350 5
196 515 3
745 479 3
169 609 15
632 864 7
614 765 17
142 399 7
458 60 9
788 608 26
940 221 13
497 390 22
887 23 11
168 989 3
210 483 3
715 808 6
250 131 16
530 941 3
713 993 17
42 934 13
580 783 3
386 190 18
163 400 3
691 468 11
620 718 18
911 601 11
262 465 16
222 179 9
239 573 20
477 153 5
105 880 3
757 618 20
750 133 23
226 176 16
863 149 11
