938 479 0
897 283 0
339 501 2
358 293 1
495 634 2
199 459 2
55 903 0
728 585 2
182 124 2

525 888 0
458 826 0
526 76 2
431 767 1
469 477 2
564 972 1
4 524 0
219 931 1
204 11 0

261 194 15
159 530 7
982 56 8
88 839 25
696 308 2
949 224 26
188 229 25
886 448 6
840 4 18
42 785 12
945 944 17
675 279 26
833 367 15
406 415 26
808 364 25
81 143 6
263 983 11
456 362 26
195 756 11
5 53 8
698 81 14
447 914 6
636 481 15
110 664 20
19 713 23
230 169 12
706 364 20
616 369 23
363 866 19
567 606 17
580 704 15
525 221 13
613 592 26
684 822 22
821 528 13
714 496 7
12 22 2
40 385 20
301 196 21
749 776 25
862 653 23
425 266 15
701 302 14
659 837 16
542 202 14
492 242 24
660 928 6
156 330 6
229 545 10
466 376 4
879 874 4
172 886 19
773 272 15
580 227 8
760 809 3
945 685 3
798 382 5
95 516 21
364 641 18
227 316 3
94 74 4
500 186 13
804 131 23
782 528 3
136 678 11
364 706 17
831 153 10
77 517 2
244 744 18
47 466 14
569 560 16
671 413 2
582 569 11
530 351 16
168 203 5
908 386 8
869 464 26
119 708 22
37 107 14
802 676 26
641 700 16
