733 596 1
9 547 1
475 379 1
19 289 2

140 208 0
844 26 1
21 561 2
548 692 1

725 214 3
525 299 26
615 308 24
172 135 3
152 507 19
799 647 4
57 843 5
318 216 19
461 117 11
328 939 19
866 665 10
169 542 11
69 509 20
694 185 14
161 984 11
188 394 7
594 64 23
913 526 15
924 206 7
968 424 24
227 594 18
136 663 2
706 531 10
412 225 20
976 738 6
188 278 2
243 224 17
514 137 18
903 61 26
935 30 26
632 609 20
223 97 10
323 156 18
456 568 18
126 896 8
780 84 11
181 327 11
998 842 25
341 97 12
890 384 19
784 239 2
719 914 10
185 722 5
228 848 2
9 980 11
421 513 14
705 511 8
478 852 7
665 743 16
234 959 7
412 96 23
40 815 14
823 353 11
527 933 11
127 943 16
163 364 5
175 421 18
381 251 23
388 917 18
427 151 4
834 916 25
832 956 18
744 131 21
378 10 4
212 137 24
379 301 15
59 828 13
250 562 15
998 950 9
489 730 12
292 564 3
542 397 11
608 141 18
27 872 5
732 436 18
379 815 21
743 874 26
879 477 13
619 827 16
276 317 21
437 961 12
513 503 11
250 112 5
118 491 2
996 223 13
364 603 6
385 698 7
235 929 9
998 549 12
64 825 6
860 614 19
221 128 22
682 730 9
285 848 26
112 844 26
24 209 4
455 594 4
760 829 9
895 180 8
