964 322 1
900 375 0
53 272 1
649 372 1
661 332 2
996 476 1
790 788 1

929 92 1
308 697 0
247 413 0
740 377 0
584 629 0
588 34 0
846 684 0

281 345 12
774 484 3
66 766 23
181 673 10
285 766 12
63 350 16
217 290 2
996 136 11
499 769 9
334 813 3
998 940 12
801 6 3
352 94 19
439 158 22
155 375 14
906 723 3
340 574 22
472 909 13
650 259 5
961 412 11
389 462 13
244 808 22
773 161 17
67 952 25
712 108 2
352 14 3
128 706 2
25 531 13
88 181 22
91 142 12
101 884 26
739 480 9
834 253 22
951 217 5
676 595 11
663 683 20
260 775 14
622 228 23
446 967 4
431 153 9
928 530 5
378 254 16
508 5 25
139 34 20
300 49 3
481 932 8
554 730 2
756 161 6
564 442 11
44 820 15
910 757 22
514 265 4
807 57 12
837 181 8
643 736 15
400 760 19
209 805 14
624 715 23
94 581 14
922 620 20
135 427 2
398 686 5
970 875 11
178 870 24
116 639 19
568 391 4
462 952 9
177 577 2
648 671 8
385 945 4
231 81 6
133 479 19
521 979 15
393 447 6
462 16 23
924 656 3
208 41 23
760 624 6
91 758 10
109 494 13
353 367 19
116 113 17
871 575 10
369 867 15
819 442 23
898 926 22
246 38 24
676 130 7
936 591 3
998 944 21
742 61 9
142 5 2
533 824 21
