199 541 2
127 555 1
550 746 1
702 485 0
946 605 2
36 55 1
824 626 1
365 376 1

642 876 1
185 894 2
442 445 2
512 924 2
814 826 1
663 528 1
334 475 2
669 863 0

639 40 5
986 405 8
906 379 26
82 243 3
813 57 4
642 73 8
957 759 10
876 428 23
203 420 13
508 406 19
189 814 18
747 790 5
551 48 9
152 131 2
678 296 12
31 939 10
912 896 19
972 124 25
543 328 22
507 836 5
524 26 19
292 125 11
645 676 11
729 828 19
90 890 5
900 154 3
469 126 2
819 21 7
589 528 19
117 404 22
811 697 22
295 694 25
532 424 5
899 481 14
721 292 13
704 53 15
196 171 20
418 982 19
413 630 15
436 162 14
640 413 20
54 329 18
359 551 16
817 273 11
106 674 25
254 927 24
849 345 9
141 759 14
832 547 3
594 539 18
356 953 26
698 122 26
332 228 25
782 996 3
933 251 5
608 452 3
617 946 14
