990 868 1
896 932 2
773 476 1
827 897 0
987 81 0
587 644 2
651 894 0

988 934 0
372 33 2
714 231 0
806 221 2
74 469 2
231 242 2
351 69 0

858 56 18
379 996 14
45 999 10
297 987 20
496 712 5
506 778 11
215 584 7
792 10 3
301 594 20
639 297 16
874 155 24
542 886 20
413 580 9
258 77 23
136 935 26
245 502 13
927 294 23
78 947 19
637 812 22
860 707 10
430 562 19
0 327 24
910 586 3
531 722 15
931 320 17
619 247 13
965 326 13
258 149 26
199 139 16
944 351 23
280 781 12
547 134 14
394 396 2
671 279 2
652 829 19
363 147 22
374 757 24
676 956 13
963 533 22
698 80 6
112 826 4
465 497 9
540 84 21
287 736 3
929 451 25
602 826 9
424 502 15
385 644 18
49 607 3
494 305 8
426 417 10
753 882 9
360 774 18
530 61 6
881 343 8
731 945 11
338 721 15
901 106 9
70 155 16
123 1 23
257 427 17
865 181 2
674 541 26
568 423 15
549 304 8
630 387 5
241 725 26
354 979 9
111 401 16
827 524 17
848 781 20
639 998 3
664 673 21
28 790 26
584 773 14
789 14 14
715 721 20
99 832 21
531 860 2
851 499 26
352 515 26
746 331 19
916 359 11
391 296 9
605 85 26
544 153 22
463 252 6
626 774 4
228 329 21
877 427 2
119 344 11
855 87 9
