595 979 1
303 254 1
905 892 0
121 81 2
532 85 0

132 144 0
889 472 2
725 360 0
857 610 0
735 267 0

240 214 6
694 517 12
495 774 6
227 247 12
229 132 22
126 264 17
18 153 16
481 230 26
163 440 14
772 175 6
147 767 22
813 309 16
18 536 14
655 765 23
378 243 14
232 94 25
298 382 17
227 529 9
74 383 21
87 548 5
579 918 16
318 574 8
189 952 4
676 197 17
669 781 12
245 417 21
908 715 3
99 294 8
408 369 18
827 808 16
907 739 10
257 598 13
234 627 12
509 893 13
804 802 5
832 253 25
38 13 21
331 841 6
821 100 21
581 624 3
915 233 4
553 467 6
708 153 23
94 309 2
648 532 20
469 863 13
467 617 15
246 884 23
623 437 15
627 529 8
631 238 13
177 684 22
534 232 23
