618 772 2
913 599 0
967 173 0
913 563 2
640 248 1
257 350 0
96 704 0
890 339 0

796 59 1
79 527 2
721 146 0
838 411 2
582 378 2
622 644 0
125 636 0
216 894 1

881 990 7
817 880 24
655 29 10
649 460 13
514 533 9
152 371 22
389 305 26
800 280 22
125 405 8
699 973 2
976 854 19
308 672 2
980 679 6
64 328 16
675 195 24
784 347 22
304 737 4
555 537 9
450 14 16
334 66 15
111 42 19
879 683 23
260 99 3
101 774 23
475 910 23
572 566 10
657 924 13
448 610 4
213 722 23
481 953 26
124 184 11
447 444 10
451 897 11
649 372 21
478 918 11
2 927 13
541 728 23
145 941 22
792 774 25
493 899 9
877 698 5
360 149 2
