348 130 0
168 729 0
318 666 0
750 729 2
297 520 1
752 502 2
902 334 1

167 873 0
267 490 1
30 637 2
384 985 1
545 506 0
208 176 1
15 926 2

920 223 25
464 976 4
400 878 15
914 398 15
124 665 6
224 696 18
916 432 6
90 329 12
145 289 17
875 689 23
938 956 21
227 432 11
774 925 18
492 713 10
928 981 15
642 603 13
932 101 2
197 328 19
693 266 25
939 845 7
851 203 15
810 330 17
923 703 23
533 983 6
696 978 12
684 910 15
962 459 18
929 505 11
204 444 7
911 647 10
626 458 15
627 935 6
348 820 16
371 796 21
780 352 17
35 263 15
846 242 23
986 509 10
391 836 15
781 943 9
500 60 15
130 640 7
219 11 6
907 531 24
297 377 16
653 53 15
448 797 3
712 578 22
196 430 9
586 560 25
492 131 13
546 648 7
304 908 14
