331 346 0
14 77 1
149 946 0
879 440 1
332 106 2
266 324 2
285 857 0
552 323 2
341 161 0

884 726 0
875 57 0
999 424 1
206 925 1
653 157 2
969 841 2
125 107 0
272 744 2
698 648 0

835 989 18
547 225 20
795 100 4
94 452 5
119 10 8
441 16 15
204 985 6
426 463 15
78 786 10
100 520 4
770 668 6
498 762 8
353 881 19
134 323 10
424 879 22
203 305 12
793 629 23
128 707 11
463 216 9
139 317 5
396 937 10
554 643 19
723 129 19
556 554 23
64 903 12
137 383 19
181 337 7
907 127 9
411 757 8
103 665 14
27 744 24
256 161 4
818 650 12
573 180 24
728 714 5
675 973 9
207 15 18
86 427 25
742 882 15
657 909 10
329 517 23
270 423 22
130 348 2
327 429 18
256 104 16
15 663 7
456 749 11
654 843 18
870 500 5
830 181 22
722 411 10
493 541 8
795 221 12
812 829 18
801 844 6
158 301 7
942 307 26
961 177 3
686 958 26
171 33 13
79 878 4
725 485 4
867 639 26
23 149 2
678 405 12
279 646 21
414 684 5
27 287 18
707 53 6
986 272 20
110 295 21
535 224 15
620 902 20
882 534 16
344 18 23
187 275 26
704 982 6
410 320 3
755 431 23
531 820 11
873 324 12
251 55 3
133 400 22
6 587 24
855 643 8
635 808 11
457 58 5
855 598 20
803 481 18
990 706 17
251 442 24
