47 381 2
785 187 1
829 395 1
955 37 0
240 82 0
466 527 2

407 19 1
887 199 0
561 475 0
540 48 0
949 95 0
456 880 2

738 61 25
87 257 22
873 75 26
695 482 21
577 370 20
988 283 23
59 823 21
912 581 23
392 319 12
827 256 12
174 130 15
49 825 22
943 755 19
388 95 2
661 506 3
630 477 4
695 133 7
757 48 3
483 228 10
171 402 17
934 451 17
531 746 24
101 148 26
879 131 5
134 529 22
617 576 5
124 333 6
501 626 15
93 157 13
235 462 26
536 693 7
315 827 11
835 797 13
840 273 21
894 426 15
176 512 7
213 365 8
53 459 18
639 900 3
65 135 15
639 672 11
344 339 13
741 366 11
238 613 12
551 789 25
909 354 17
892 407 26
385 399 26
887 464 14
202 455 13
211 799 4
400 729 5
385 471 23
644 61 11
330 964 3
880 873 7
