867 92 2
236 937 1
405 4 1
771 250 2
950 916 2
420 65 1
262 315 1
608 342 1
392 502 1

128 165 1
622 384 1
660 973 2
220 378 0
108 149 1
857 451 1
997 872 2
33 134 0
888 94 1

750 839 8
769 967 25
765 942 9
205 602 7
583 822 12
316 930 12
652 139 15
551 136 12
220 521 23
883 512 9
64 633 3
762 751 20
604 891 21
677 212 18
378 336 3
826 541 15
369 424 4
751 841 14
453 603 15
448 152 24
694 757 17
465 147 2
815 176 16
9 591 7
339 321 18
542 148 11
155 517 12
984 621 5
12 522 13
534 568 20
652 34 19
329 201 20
219 210 14
917 444 8
503 951 3
865 936 24
69 735 25
228 747 24
539 634 18
527 615 7
271 186 18
958 410 21
