601 191 2
303 601 2
294 518 0
917 344 1
692 734 0
212 438 1

132 347 1
980 110 2
528 999 0
386 577 2
106 178 1
398 833 0

672 127 25
745 45 19
328 89 6
734 301 19
794 786 18
349 766 5
824 646 4
744 384 8
304 241 21
309 913 24
184 10 21
51 691 12
357 425 15
749 571 26
193 272 20
746 448 16
132 797 19
144 453 10
988 762 25
312 946 13
681 349 4
491 707 6
955 808 2
556 353 26
291 103 17
42 235 16
471 72 8
571 384 6
682 66 8
484 909 17
565 773 6
340 49 6
915 692 11
682 86 21
247 722 5
748 117 11
177 799 4
498 51 7
849 617 7
553 309 9
709 224 26
968 906 15
814 153 14
744 770 10
781 47 3
233 356 16
299 206 18
230 55 12
637 960 21
94 21 22
596 341 3
184 156 9
198 900 6
406 647 26
83 428 23
560 13 4
376 313 13
892 895 18
893 927 19
522 463 2
656 661 4
560 68 26
686 151 6
507 63 22
37 792 10
773 684 7
916 414 16
20 289 20
