332 560 1
949 844 0
515 766 1
385 362 1

875 173 1
925 319 1
497 172 0
983 45 0

649 74 11
786 473 17
626 805 5
726 106 26
582 973 17
256 358 7
442 233 5
170 511 2
733 360 26
261 344 22
696 131 20
941 483 8
540 418 6
258 674 16
690 116 26
943 638 14
220 371 25
669 624 20
163 886 15
435 934 23
828 472 5
378 766 16
386 658 9
367 268 10
58 958 26
983 902 14
770 122 12
270 144 12
114 659 25
302 95 9
973 923 8
753 654 26
403 760 5
111 818 14
935 153 18
749 924 17
935 546 11
97 660 23
145 314 18
479 287 18
