422 521 0
237 419 0
608 452 1
463 172 1

117 153 0
12 891 2
345 932 0
350 321 2

789 742 7
538 433 5
575 855 26
49 444 20
306 53 24
558 868 21
177 998 17
255 695 25
384 45 23
834 187 15
739 725 23
494 652 3
770 701 22
465 359 2
612 917 21
931 619 8
755 796 8
823 403 3
471 788 26
792 974 13
207 713 13
55 559 15
758 329 18
905 794 3
106 758 22
527 41 17
285 796 15
42 971 19
493 794 9
694 938 8
730 145 23
843 200 9
608 958 15
75 864 11
901 322 19
996 201 10
63 486 8
927 880 5
546 374 24
305 420 15
38 151 10
836 994 13
193 603 23
231 30 14
415 283 11
709 631 12
692 695 26
175 974 6
630 872 7
880 177 3
68 567 6
753 403 2
639 948 5
836 179 12
248 946 20
335 655 2
622 699 24
396 874 25
403 857 22
135 737 26
936 805 18
592 558 23
243 550 21
848 738 2
484 986 23
901 44 5
176 447 12
971 583 26
647 871 8
890 464 19
536 707 19
482 555 7
607 391 20
30 146 19
108 450 15
237 704 9
593 880 9
755 851 15
861 742 4
878 630 13
797 113 19
102 72 12
380 153 15
37 746 22
846 551 26
