134 730 2
536 749 2
551 172 2
806 141 2
577 653 2
720 325 2

75 978 1
402 584 2
590 594 1
213 96 0
318 582 2
994 470 0

283 21 13
449 180 7
378 109 10
299 182 12
5 257 17
785 659 26
655 250 23
524 815 21
706 411 21
720 212 3
875 942 13
35 242 20
872 599 4
39 385 15
791 40 17
137 565 7
931 747 16
659 316 21
209 23 9
428 743 21
532 970 14
393 357 8
788 229 7
792 620 17
455 411 10
721 548 25
801 831 24
367 842 15
61 51 13
870 832 8
892 364 5
504 109 14
62 897 20
867 689 16
410 496 2
345 217 26
845 371 7
655 152 3
594 22 10
627 914 24
631 770 8
343 832 7
637 52 23
903 814 20
228 159 12
102 4 10
60 103 3
11 697 2
795 325 19
294 308 16
551 3 26
955 895 19
998 124 3
