309 236 0
881 187 1
359 401 2
482 855 2
52 525 2
106 115 1
845 824 0
809 726 1
547 594 1

729 657 1
746 318 0
942 200 1
604 559 2
926 393 2
643 798 2
720 904 0
16 749 0
247 910 1

380 809 22
309 539 5
439 931 25
661 535 10
117 456 3
473 528 7
319 876 4
640 186 20
970 942 7
618 733 13
579 384 15
539 976 23
848 921 20
716 241 21
393 233 9
313 555 3
518 525 13
654 344 10
29 923 19
217 656 22
213 340 25
737 231 3
511 80 25
781 148 18
927 893 26
612 206 8
238 724 8
950 730 3
408 759 26
602 976 9
374 630 8
51 274 13
267 554 6
68 166 12
424 404 11
305 706 18
883 466 2
33 68 5
542 69 21
40 444 3
986 923 23
647 190 2
201 258 18
313 34 23
715 223 23
40 608 16
45 150 13
437 353 4
584 905 6
853 82 4
166 519 17
602 110 11
938 667 9
965 753 12
886 690 17
65 643 13
278 369 5
182 574 13
310 726 12
749 244 9
339 846 19
176 32 24
28 322 19
937 287 22
