936 825 2
853 467 2
580 213 0
653 878 2
439 118 1

578 990 1
898 595 1
879 576 0
317 122 2
571 978 1

106 914 22
659 120 15
132 700 3
345 353 8
600 723 19
403 973 14
771 521 14
557 92 19
502 551 9
272 210 4
510 694 6
314 39 9
347 849 6
499 801 6
993 205 4
82 441 6
747 565 3
886 122 22
4 976 23
388 248 10
540 111 4
96 777 18
5 124 18
60 976 19
189 969 26
292 404 18
598 151 10
426 390 7
699 394 10
170 782 8
204 674 21
18 187 3
787 729 24
114 373 3
882 971 5
215 750 22
22 449 16
805 619 25
188 175 26
683 811 25
306 213 2
406 583 17
482 722 21
681 70 17
986 285 17
681 307 18
122 464 13
697 653 15
298 688 26
21 346 14
224 753 24
614 587 22
85 819 8
96 839 16
14 873 26
380 347 15
718 397 18
232 695 8
908 69 5
798 293 10
270 259 22
465 344 17
42 87 11
441 468 11
657 538 8
173 770 5
82 31 24
985 181 19
993 451 3
940 269 24
707 118 26
975 773 25
787 815 12
471 609 7
855 266 21
988 791 18
817 873 26
714 858 7
257 203 11
410 496 5
908 203 25
382 531 23
930 318 13
