762 893 1
48 118 2
603 84 1
93 142 1
375 874 1

954 430 2
839 127 0
432 109 1
138 915 0
327 490 1

17 604 8
722 653 3
84 608 14
756 701 6
908 76 8
565 382 13
283 221 15
670 654 26
721 792 18
524 489 15
957 563 20
508 647 3
495 755 6
977 15 10
685 580 17
471 215 14
462 607 12
588 468 25
28 777 15
122 286 14
175 133 19
30 970 4
817 58 16
610 521 23
548 625 17
957 213 12
855 241 14
20 715 2
832 891 13
399 173 25
333 638 25
847 668 20
576 486 4
190 448 25
412 996 2
929 953 17
914 160 10
28 180 26
429 12 19
667 763 17
15 448 7
215 295 25
34 871 13
263 414 12
13 826 8
740 755 14
680 21 24
213 49 7
814 830 19
658 497 10
675 865 8
330 80 6
654 466 4
167 729 18
129 94 19
88 834 26
0 866 22
29 246 4
647 905 4
732 580 19
265 263 26
94 269 18
147 436 24
613 566 21
258 654 5
9 6 22
782 430 4
604 460 25
608 459 7
829 808 3
629 903 22
247 402 8
594 367 26
388 625 7
369 635 13
216 417 19
143 373 4
668 981 13
99 444 6
814 625 14
440 606 19
666 800 14
268 540 16
523 909 26
785 477 20
477 620 18
981 641 2
944 92 23
412 346 5
630 681 10
