322 419 2
778 58 0
446 158 1
475 709 1
911 436 0

206 827 1
155 520 1
492 3 0
368 903 0
585 303 2

950 977 4
861 755 12
294 553 21
125 380 7
899 291 18
818 497 22
922 4 17
936 496 21
957 217 26
771 802 4
505 104 6
657 965 13
220 611 16
941 737 21
371 636 14
590 455 11
635 729 18
201 665 16
122 622 8
298 745 11
426 250 17
882 260 10
94 480 21
210 421 8
355 144 20
142 734 2
779 370 8
772 923 25
261 397 24
968 695 19
829 473 22
146 356 7
429 802 14
324 12 10
955 367 6
575 862 16
650 993 13
806 117 11
979 378 10
218 26 14
973 455 16
912 131 3
272 87 23
776 662 12
15 665 7
976 823 24
212 155 2
197 633 3
878 4 7
384 574 10
246 547 18
910 811 24
938 83 13
296 875 20
251 204 18
126 966 7
979 844 13
359 228 13
470 826 12
36 736 24
85 26 7
574 713 17
725 9 20
893 613 24
