614 207 2
951 282 0
694 464 1
508 507 2
2 580 0
709 53 1
407 946 2
418 166 0

604 213 2
576 224 1
416 191 2
950 142 2
975 836 1
796 697 2
320 51 2
320 760 2

994 937 9
777 894 22
634 470 23
23 238 16
323 188 10
656 311 21
561 632 22
831 463 19
810 874 10
658 249 23
698 572 14
583 830 4
428 399 23
251 150 2
834 792 21
288 623 11
32 513 3
670 323 5
130 334 4
829 384 4
716 967 9
118 977 22
184 405 23
530 656 24
3 131 17
937 515 7
816 186 6
569 668 17
923 497 26
850 213 20
959 684 22
906 868 3
253 751 9
750 283 2
391 639 10
656 576 25
593 313 7
85 589 4
609 439 20
452 751 6
273 657 24
851 910 2
458 404 2
18 412 5
742 551 25
355 496 15
285 581 4
65 190 21
439 620 6
41 204 6
29 15 12
859 127 3
807 483 25
773 120 6
975 537 24
321 299 21
418 90 16
173 131 12
190 172 18
357 857 21
907 716 23
8 876 8
606 649 4
138 976 18
212 650 18
482 783 13
550 355 16
634 64 23
103 971 17
51 979 18
483 938 19
387 428 22
828 640 24
753 595 11
67 429 20
554 979 2
593 613 16
842 68 12
159 120 18
546 694 11
716 874 3
241 796 26
482 901 23
316 968 2
286 874 7
611 820 22
64 173 13
756 525 20
