61 317 1
122 399 0
339 112 1
580 18 1
298 993 0
326 826 2
254 823 1
39 290 0

653 770 2
210 125 0
684 538 1
538 12 2
277 352 0
151 932 2
906 582 2
257 908 2

158 515 18
229 559 7
779 769 7
287 695 10
627 973 14
728 476 23
551 734 6
15 992 14
10 502 4
476 662 13
937 244 22
875 425 26
120 713 22
730 692 22
939 323 9
768 691 3
857 701 5
462 178 20
973 467 14
395 634 14
587 861 14
937 982 4
56 757 19
538 168 11
945 839 17
90 164 9
127 560 21
891 499 7
729 436 16
983 122 6
930 178 15
693 675 8
427 842 10
862 139 2
828 230 16
612 709 3
31 601 3
664 682 16
278 665 14
449 598 6
637 291 8
345 718 2
79 580 16
356 760 23
445 373 8
799 756 11
300 420 18
353 712 8
648 162 6
79 151 22
185 497 17
485 576 25
276 284 10
298 729 10
381 880 19
65 180 16
783 122 19
166 827 7
850 475 21
779 906 22
352 443 19
642 928 22
217 557 6
201 207 13
261 588 20
430 5 26
20 788 25
69 156 5
11 640 7
26 852 19
457 405 26
970 18 16
364 449 21
290 469 11
