161 969 0
311 244 0
979 962 2
887 188 0

900 420 0
502 56 0
590 940 2
26 741 2

874 960 6
716 303 6
568 614 25
691 593 12
368 832 2
240 586 6
29 528 22
149 555 13
237 468 15
20 537 18
825 796 4
488 517 11
338 367 21
961 607 9
641 637 15
261 138 20
647 230 21
462 603 8
228 80 16
960 257 14
637 745 8
498 436 25
444 397 10
329 38 24
742 651 12
62 977 5
811 976 13
732 438 18
191 666 23
755 978 7
819 967 3
753 466 14
701 910 13
609 239 4
506 333 5
885 291 25
451 482 18
449 237 22
704 408 14
57 161 7
494 215 20
33 176 11
610 683 20
748 202 26
283 87 17
599 339 13
211 453 10
966 300 25
336 333 26
241 133 15
931 234 17
180 517 7
720 477 22
742 76 14
353 998 10
725 561 15
258 527 15
6 216 25
282 162 20
242 755 4
482 686 15
572 219 7
454 291 11
339 91 12
847 816 23
126 432 21
776 67 8
370 309 15
449 791 3
762 715 22
603 397 25
690 736 16
126 447 11
652 925 21
746 702 13
354 424 24
69 873 15
