99 737 2
137 151 2
219 312 0
831 968 0

694 211 2
34 630 2
788 317 0
385 452 0

573 687 23
55 786 11
934 275 14
914 495 26
343 678 21
870 372 9
857 758 17
267 546 9
52 283 13
845 657 12
153 230 26
485 571 13
522 829 15
369 51 12
426 260 20
466 879 19
175 932 4
337 129 12
449 282 17
248 409 3
185 894 26
398 242 12
458 117 18
196 486 19
306 264 6
527 731 11
294 906 20
696 595 24
108 396 7
399 644 18
327 182 12
826 580 7
164 391 26
330 587 14
900 246 3
790 419 20
783 467 17
258 576 14
15 327 8
181 654 17
593 832 25
600 996 16
76 679 3
38 931 26
617 12 24
278 803 20
198 938 13
626 563 20
534 744 24
625 690 8
648 290 7
414 367 11
415 757 19
15 374 6
739 5 11
235 203 2
198 917 25
737 895 14
955 430 8
179 407 25
587 407 16
992 821 10
428 588 17
527 47 24
61 282 2
238 480 20
612 569 15
549 876 22
582 55 6
306 994 13
672 987 11
405 767 25
895 563 7
112 90 4
334 503 11
455 354 12
45 255 13
418 837 20
197 495 15
736 167 4
95 572 21
43 820 9
