443 818 1
976 619 2
141 924 2
855 623 1

466 105 1
815 66 0
161 728 1
800 526 2

202 109 15
144 239 13
139 11 26
196 504 25
851 360 26
31 178 6
829 993 22
958 506 2
270 307 3
458 509 13
872 5 4
885 202 12
717 693 25
816 890 5
192 93 17
543 124 20
647 953 13
170 264 21
420 534 3
197 992 15
435 216 20
912 454 25
425 171 18
300 340 10
328 884 3
68 427 4
338 426 10
601 596 24
371 17 8
89 353 21
385 617 25
883 42 23
426 343 13
212 23 22
90 444 26
93 782 3
401 384 26
973 107 20
431 906 11
233 996 16
252 381 9
77 616 26
74 394 21
762 958 22
335 49 16
334 494 25
487 220 16
230 3 25
892 236 23
258 841 6
890 270 24
917 344 18
286 107 4
