710 86 2
435 750 0
432 501 0
752 428 2
795 182 2
551 599 1
963 626 0
566 211 1
826 725 1

527 760 0
723 470 2
674 906 2
655 690 2
613 442 2
195 238 2
431 141 2
810 104 1
838 670 2

427 848 17
283 727 5
4 450 25
163 477 8
73 484 24
484 97 18
324 644 8
23 238 3
327 428 25
788 846 3
963 10 5
397 83 15
87 244 11
244 294 16
541 669 6
943 997 10
366 839 19
990 274 10
989 414 8
142 378 18
536 296 24
100 735 20
661 979 14
650 521 8
230 816 7
590 534 22
157 524 23
567 865 13
824 8 18
144 669 18
118 769 3
336 431 8
200 433 6
382 663 22
264 605 6
634 115 6
746 858 6
887 301 14
423 916 5
426 252 13
913 187 12
233 451 19
440 438 9
