479 844 2
926 899 0
121 359 0
204 184 1
220 533 0
512 898 2
693 564 1
993 296 0

812 995 2
502 398 1
4 877 1
252 156 0
18 277 0
45 482 1
26 54 0
799 566 2

168 605 13
252 417 10
637 271 8
538 275 13
635 880 19
632 898 21
528 674 10
305 473 3
628 648 17
868 816 23
756 420 17
991 58 16
625 948 16
136 584 21
451 556 17
230 436 18
415 741 16
518 721 14
234 941 7
907 697 5
997 41 15
711 666 13
53 154 24
922 309 17
42 760 23
809 342 9
602 109 2
516 628 24
513 769 15
16 118 8
143 587 5
292 509 16
658 903 3
931 64 21
289 666 5
91 535 8
263 318 22
729 831 18
892 200 14
800 481 23
22 976 10
102 269 19
491 279 25
992 210 16
188 851 8
142 943 20
75 558 13
871 639 19
139 883 21
526 683 3
