338 561 2
916 19 2
85 50 0
76 716 2
129 729 2
643 842 0

298 425 1
502 571 2
344 612 2
923 998 0
728 336 0
804 605 1

562 42 22
899 118 16
37 243 16
217 893 16
749 92 26
220 15 24
908 743 13
509 899 20
129 813 14
152 65 8
891 827 9
63 217 2
78 434 21
517 729 19
880 830 11
854 50 3
179 311 23
192 172 25
810 302 15
822 806 5
305 49 8
388 112 2
65 542 11
284 60 17
603 940 22
662 146 23
440 325 11
439 327 14
377 502 20
381 159 19
564 547 9
964 613 26
798 249 13
714 853 5
811 867 2
959 660 2
418 974 20
402 765 24
39 142 3
835 523 13
636 755 2
136 906 4
47 620 7
251 783 26
601 743 11
628 161 12
173 915 2
46 307 22
124 494 20
10 173 12
148 810 17
250 345 20
807 948 4
