480 875 0
332 872 0
751 493 0
725 151 0
396 947 1
24 260 2

348 830 1
996 792 2
690 160 0
314 606 1
297 86 1
767 770 2

345 521 5
23 598 6
977 995 5
347 371 15
422 719 22
566 716 15
19 758 2
228 72 10
587 721 23
173 489 19
983 186 17
286 209 16
92 538 13
845 885 9
211 307 3
406 225 21
746 245 4
598 825 3
56 412 25
953 937 16
620 920 2
160 206 13
651 650 26
137 495 13
994 58 22
923 817 22
567 563 19
322 162 19
148 570 6
48 523 20
437 495 15
12 8 23
500 659 23
526 149 21
437 495 4
7 418 23
155 338 12
547 12 26
746 561 22
665 998 19
855 363 2
604 863 14
650 390 13
896 179 10
201 539 4
322 694 19
359 241 6
910 6 18
32 105 4
29 122 5
521 977 18
22 581 6
886 584 23
547 832 5
55 33 19
334 708 13
303 419 4
284 330 13
778 362 20
480 391 17
885 264 19
933 524 12
954 423 19
859 831 5
951 517 15
89 821 9
117 457 16
855 235 5
698 68 23
663 953 13
957 255 26
833 188 26
645 494 26
290 354 7
968 657 25
58 747 23
215 216 5
55 71 16
608 121 9
905 784 14
17 575 9
93 572 6
593 862 10
