46 957 2
170 690 1
254 982 2
623 896 2
939 231 1
141 38 1

553 827 1
357 608 1
255 882 2
39 304 1
677 702 0
456 872 0

180 126 14
217 101 12
911 393 20
495 534 8
684 439 10
933 149 20
661 404 2
986 472 10
425 929 7
555 109 10
970 789 15
303 473 7
111 406 6
879 68 12
881 571 7
539 909 4
547 335 10
779 890 22
137 558 25
949 937 19
153 260 9
892 563 7
422 27 14
453 258 9
888 140 7
820 579 2
76 149 15
494 302 2
701 546 15
381 320 17
820 773 26
110 779 24
802 952 3
477 460 14
394 61 14
222 489 13
987 983 17
12 36 14
