7 156 0
438 417 1
288 635 1
621 632 0
860 229 1

964 17 1
929 991 1
934 843 2
252 410 0
901 131 2

281 138 15
570 576 7
435 190 3
69 50 7
429 15 26
198 944 17
566 879 12
572 131 22
854 384 3
836 665 19
974 587 20
529 440 14
71 875 4
949 296 5
704 77 22
943 194 22
605 766 5
880 457 7
222 783 19
493 312 11
980 735 14
10 684 10
90 740 13
185 568 14
576 863 10
199 820 26
952 497 24
691 445 5
226 777 17
988 787 3
398 229 18
534 414 13
298 343 3
256 542 23
333 846 20
30 288 23
889 885 25
530 929 20
836 155 22
876 495 12
305 893 16
121 780 6
210 78 26
161 687 18
553 402 5
199 643 17
797 174 21
192 10 3
13 886 25
973 543 21
514 665 26
470 227 6
769 388 18
962 673 15
2 227 18
330 778 13
895 576 12
742 120 22
743 133 11
944 458 4
38 973 21
568 565 14
912 527 14
275 881 16
393 211 20
155 459 23
442 201 18
388 296 4
924 240 14
3 630 14
100 894 10
487 375 6
225 2 13
541 396 24
636 903 8
659 345 11
451 85 10
80 361 25
167 365 8
140 592 15
