622 827 0
19 390 0
576 114 1
890 579 0
88 309 1
455 800 2
714 349 2

363 458 0
510 211 2
220 587 0
554 561 2
747 932 0
381 508 1
459 751 1

612 191 19
449 646 19
619 361 20
966 724 3
463 587 15
266 159 4
686 713 15
933 460 22
923 193 8
26 652 11
61 616 2
197 37 11
156 85 9
258 771 24
273 56 10
869 331 5
236 419 24
986 824 19
382 21 7
844 63 13
30 56 9
155 565 21
87 823 19
436 97 25
246 318 7
250 995 17
258 231 13
882 217 12
925 951 10
357 795 25
145 177 8
796 771 24
963 208 21
538 454 16
445 56 11
98 197 13
958 122 14
543 831 12
191 976 14
248 728 22
869 876 18
666 191 3
912 81 8
828 527 14
739 589 6
881 688 3
592 998 2
769 733 11
428 203 17
872 221 10
523 486 16
629 314 18
144 54 10
325 935 23
703 880 21
203 839 13
897 716 7
636 145 10
251 17 9
0 522 9
767 18 15
827 343 3
575 46 8
969 601 24
258 839 7
632 736 23
987 724 18
898 975 12
30 736 5
0 88 2
932 855 20
623 34 15
452 541 5
109 173 18
130 160 17
649 410 19
536 440 5
964 440 18
266 725 26
234 348 12
249 949 22
310 56 3
