360 418 1
45 749 1
348 716 0
561 897 2
781 857 0
90 49 1
813 333 0
253 209 2

24 234 2
171 664 1
355 376 1
749 773 0
106 122 2
268 35 0
167 817 0
766 907 0

532 72 19
503 678 3
570 54 14
732 581 7
667 330 6
456 408 15
458 927 9
225 577 16
819 80 19
270 650 23
308 866 24
362 598 7
700 322 4
378 130 12
444 940 14
326 257 9
468 835 11
682 654 16
926 277 19
872 937 10
397 299 10
854 443 5
642 496 4
921 226 10
609 670 2
223 349 10
531 169 22
415 203 3
732 129 5
699 353 17
884 102 18
19 309 14
961 57 10
421 588 4
716 355 7
17 439 13
948 138 16
982 394 5
296 167 8
106 367 7
790 478 16
849 791 25
186 928 20
966 297 10
579 597 25
194 413 25
615 747 19
993 43 13
674 149 5
579 291 10
670 141 26
818 750 13
906 937 18
702 255 18
937 835 15
410 996 25
552 989 20
594 594 13
452 617 4
454 787 6
667 46 18
161 748 26
952 685 11
494 758 15
394 662 4
338 228 19
782 174 15
518 978 9
747 432 22
727 100 18
995 261 18
871 565 3
582 257 2
674 103 12
762 498 25
191 188 5
635 970 4
26 841 9
33 588 17
21 15 7
962 886 24
940 469 6
618 495 10
