494 303 1
681 517 2
901 818 2
945 340 0
33 754 2
137 979 2
246 750 1

294 741 0
999 140 1
959 463 0
296 309 2
887 991 2
822 244 1
692 190 2

501 65 23
652 605 16
354 956 8
212 916 23
844 564 8
779 451 26
231 625 20
464 9 13
181 511 3
229 403 16
28 55 23
951 974 22
797 818 11
305 950 15
156 533 17
252 35 10
537 851 22
750 32 10
28 613 13
617 641 20
515 561 9
18 864 8
140 13 3
475 671 5
965 827 14
80 79 26
866 617 2
661 719 11
732 717 18
552 233 4
134 603 20
121 570 6
149 887 9
711 968 15
660 834 9
812 847 4
