59 821 1
13 611 2
149 257 1
492 500 0
104 613 1

667 643 2
896 762 1
771 298 1
515 160 0
215 144 1

656 555 8
755 921 19
399 70 4
281 914 4
758 18 19
135 38 13
356 934 2
273 57 2
329 924 13
16 139 9
626 795 16
409 550 12
803 949 10
807 583 24
311 693 20
429 828 8
542 536 19
417 809 26
942 490 25
980 506 14
604 245 12
966 49 14
399 856 22
99 168 17
169 949 21
277 491 7
319 260 19
770 202 11
793 535 20
307 401 6
617 357 2
830 324 26
992 75 9
89 526 4
879 47 3
850 324 21
358 643 6
27 765 11
538 910 23
556 218 24
