983 952 2
101 947 1
996 605 0
797 49 0

452 113 0
330 632 0
152 405 0
381 813 2

331 30 17
424 608 10
772 591 12
512 44 12
808 393 17
760 542 19
351 994 7
37 676 17
650 828 22
355 562 10
284 245 16
577 669 26
137 793 17
650 657 13
110 817 6
527 578 23
927 319 21
492 969 26
814 677 15
597 961 10
763 890 6
537 28 24
254 30 8
16 140 26
170 667 4
219 14 10
613 941 6
684 785 3
749 548 16
808 664 9
239 201 14
464 808 19
44 346 3
673 917 17
584 531 10
813 567 22
364 503 23
592 253 24
566 652 16
378 116 26
572 814 25
906 858 24
907 884 16
275 468 24
935 281 17
129 590 25
778 724 15
91 290 18
606 20 11
632 944 25
131 850 11
680 110 22
794 385 15
144 320 21
709 53 19
129 535 10
155 313 9
593 405 2
36 363 24
596 995 19
321 478 19
257 158 4
77 305 16
365 449 14
287 510 19
206 639 4
364 146 20
599 740 25
476 776 15
373 724 10
215 398 16
260 7 24
954 802 3
518 441 13
135 0 5
288 716 26
106 315 18
681 143 22
619 517 21
904 84 21
668 344 4
943 111 16
199 935 12
737 70 12
267 710 3
944 168 21
905 820 8
527 725 18
546 745 14
925 688 2
389 211 19
8 762 4
420 499 2
832 119 14
960 63 8
756 423 9
