477 958 1
472 597 1
687 378 1
5 333 2
298 932 1

922 629 1
237 776 0
186 196 2
18 63 2
590 301 1

739 130 17
850 954 14
960 993 19
676 999 3
818 571 17
376 160 20
801 347 19
121 307 10
78 398 15
993 248 21
857 208 15
99 237 16
675 282 15
536 453 11
378 181 22
348 982 19
515 23 11
746 144 18
629 222 18
995 215 17
666 72 2
331 523 14
995 199 24
308 87 4
193 817 10
238 165 17
982 33 15
91 131 11
859 112 8
25 459 25
440 126 24
416 457 22
980 805 23
179 113 10
831 658 4
16 248 20
183 582 5
21 673 11
707 884 25
738 702 11
285 470 20
356 803 25
977 982 16
38 166 26
915 534 25
310 718 7
90 91 8
649 799 17
508 801 7
