96 941 0
495 50 2
666 714 2
883 713 2
241 997 1
439 906 0
731 900 2

76 59 0
603 105 2
666 907 0
615 355 0
157 202 0
925 220 1
50 103 0

100 345 12
881 867 19
606 295 3
978 916 16
514 884 23
343 41 26
575 967 21
873 369 25
884 469 22
244 415 8
863 648 3
30 255 25
257 42 26
941 20 17
180 886 3
478 229 20
997 381 8
822 617 4
992 214 21
528 108 2
126 658 16
818 190 2
395 668 8
365 296 17
302 645 23
608 467 16
87 811 5
982 813 9
27 396 9
571 874 19
937 439 3
320 156 24
860 458 21
134 418 13
673 506 26
778 840 16
960 717 10
962 19 9
980 506 4
187 795 20
63 467 4
756 462 8
744 487 16
895 617 6
860 929 23
870 884 21
629 847 15
613 179 23
290 366 20
