415 187 1
54 624 2
409 703 2
234 830 2
830 180 1

835 698 2
43 156 1
372 856 2
128 233 1
391 420 0

734 835 26
657 242 2
394 3 5
276 67 18
237 298 24
947 670 7
137 798 16
605 542 11
641 276 24
217 285 16
320 416 8
406 44 25
24 378 5
340 967 5
845 404 2
759 9 19
445 650 23
967 868 8
202 958 9
558 716 3
334 740 9
692 596 18
894 552 8
289 998 10
312 317 3
620 753 16
961 955 26
718 866 19
755 564 18
607 608 16
373 2 10
895 248 12
778 889 12
311 553 5
456 135 15
222 428 6
24 791 7
913 516 11
948 763 10
184 541 26
24 269 6
32 725 18
996 882 23
177 456 3
559 539 12
504 915 5
762 181 21
881 313 4
631 435 9
783 544 15
656 721 22
957 632 13
795 489 4
423 251 10
920 272 14
531 154 5
684 137 17
41 423 5
371 242 26
427 25 22
113 990 3
399 785 17
953 561 18
201 364 22
379 48 9
696 441 9
824 813 26
501 240 3
73 958 11
367 71 26
646 823 14
61 776 25
80 465 10
168 397 23
750 93 16
459 269 6
410 770 24
395 563 6
883 271 7
581 703 22
464 74 13
64 242 10
360 344 5
255 951 16
641 92 16
45 976 12
578 909 17
223 726 18
887 790 10
947 502 6
421 318 6
