622 172 1
474 911 2
650 794 2
341 415 0
144 667 0
446 879 2

400 505 0
969 454 2
442 643 0
540 385 2
376 7 2
447 482 0

47 484 19
725 825 9
856 970 3
76 768 9
888 520 16
110 489 21
66 284 16
349 824 26
986 552 11
443 999 20
516 46 4
383 123 5
17 979 2
670 407 22
202 647 17
943 109 8
787 176 17
979 877 18
555 216 20
491 11 21
909 527 19
812 262 17
540 279 24
942 301 8
112 855 8
802 799 17
685 938 20
492 825 14
388 316 25
927 390 17
342 282 24
441 224 25
948 688 6
69 175 20
565 28 13
938 873 15
175 613 8
775 247 9
255 174 26
646 869 8
20 310 9
343 610 22
874 64 14
204 486 17
473 403 20
11 341 18
374 868 8
15 251 7
366 249 3
648 269 14
857 964 26
403 191 18
790 395 6
705 220 9
1 231 25
169 957 18
951 715 13
332 82 14
887 448 13
664 448 9
103 306 26
618 851 12
922 909 10
629 910 16
29 431 26
945 734 18
209 66 25
371 306 25
135 970 24
868 929 16
204 804 13
295 185 20
696 131 4
812 340 23
10 63 4
9 550 26
808 70 26
561 938 5
375 699 5
392 747 5
319 303 11
155 598 21
775 295 4
130 459 19
