131 496 0
869 620 0
902 595 0
45 699 0
20 92 1
24 535 1

630 413 1
973 545 0
363 340 1
668 997 0
121 480 1
39 701 0

330 603 16
810 649 16
486 45 23
988 675 11
379 1 6
118 364 23
977 32 22
452 505 3
424 544 4
368 874 10
908 36 9
499 440 5
182 926 25
105 915 2
89 646 3
970 764 17
543 741 26
517 970 2
269 339 26
329 599 15
686 98 7
64 632 8
839 738 25
290 179 22
261 45 7
460 159 3
517 676 23
117 298 14
159 666 11
814 82 21
747 922 11
596 564 15
443 657 17
54 270 13
759 731 24
362 600 3
584 69 26
848 13 5
360 524 21
915 86 3
599 34 19
815 477 3
532 883 24
295 995 5
218 357 7
169 293 26
770 142 17
350 502 16
597 175 5
926 443 18
529 394 2
696 209 6
872 742 14
