491 956 2
263 229 2
648 884 0
113 798 0
574 577 2
66 455 2
754 155 0
539 455 2

94 877 0
460 915 1
615 758 2
685 21 2
142 22 1
17 135 2
759 61 0
345 127 0

553 233 24
415 772 6
205 866 10
815 678 3
99 646 11
340 331 10
811 473 7
518 842 19
23 602 5
457 299 9
699 204 17
448 619 16
652 824 10
438 991 15
139 91 11
950 431 19
783 594 19
990 112 12
87 945 15
321 644 20
838 534 11
326 25 2
813 976 11
630 111 7
273 454 20
110 138 5
549 226 25
287 899 21
582 688 13
497 68 12
940 258 21
374 936 24
252 749 2
913 732 13
168 357 17
392 16 11
192 303 10
525 735 20
510 27 3
382 401 15
279 653 16
856 918 23
192 87 5
335 623 22
616 367 15
475 560 19
384 74 19
431 319 24
844 950 3
710 806 23
957 998 10
912 685 11
335 653 3
773 480 15
867 66 14
