561 180 2
324 636 2
55 232 1
779 75 1
337 509 2
925 355 2
24 155 2
696 87 2

805 95 1
34 502 0
924 415 0
917 739 2
590 147 2
336 926 0
165 263 1
982 188 2

572 565 23
684 261 12
562 418 8
748 452 12
21 728 4
122 997 19
211 939 16
885 275 17
634 440 7
858 347 12
979 31 23
540 946 18
548 46 20
410 67 25
687 541 23
220 990 15
662 624 7
367 868 7
613 727 4
423 706 12
847 598 8
707 244 18
430 300 23
93 873 15
761 255 9
266 868 11
470 291 18
239 179 15
819 513 21
819 220 17
712 3 20
698 479 5
662 592 10
494 211 5
54 681 22
672 387 12
888 627 16
603 446 4
875 617 2
742 329 5
303 89 7
119 598 12
875 4 19
570 28 6
472 872 9
701 747 26
503 489 8
209 407 16
266 815 19
801 690 25
18 612 5
975 719 24
558 543 23
940 597 22
292 100 13
325 409 15
397 618 25
263 560 18
233 826 8
800 627 23
76 998 10
379 973 7
451 824 22
83 793 9
923 542 2
171 806 12
115 39 13
970 619 16
30 351 16
162 654 22
486 458 23
758 804 16
265 515 4
666 686 12
978 801 26
117 675 19
883 997 14
999 379 15
88 542 21
60 380 6
857 490 11
473 974 2
883 239 17
187 905 6
798 1 11
490 236 8
169 323 7
191 383 12
670 592 2
306 418 26
