310 963 0
994 710 1
549 715 1
918 154 2
730 363 1
72 902 0
732 261 2

460 613 0
930 932 2
855 583 2
269 245 0
796 240 0
448 141 2
134 59 1

652 565 21
457 758 24
303 40 9
850 868 15
871 664 7
751 598 10
54 386 3
642 104 18
972 216 20
404 361 19
736 435 2
293 388 17
640 491 17
750 898 4
353 619 22
522 262 26
989 438 15
917 762 6
886 518 18
805 642 7
241 378 17
694 672 7
611 664 26
126 766 24
380 471 18
25 994 7
127 335 23
790 604 10
669 490 4
910 648 21
67 241 26
640 898 14
464 25 7
186 405 4
879 783 25
835 910 10
441 721 7
489 699 23
241 359 11
664 999 9
104 463 11
309 649 19
338 528 2
361 715 12
71 648 14
386 90 10
543 910 19
348 752 21
746 993 5
80 9 6
665 113 21
274 775 22
641 113 2
143 827 18
555 250 16
667 636 8
501 531 19
539 978 16
698 75 14
92 702 14
487 695 4
115 839 8
