550 216 1
436 446 1
548 676 1
658 507 1
219 109 1
690 322 0

497 783 1
417 277 2
231 167 2
881 731 2
119 633 0
65 421 1

388 969 25
465 979 7
192 550 17
786 240 16
953 90 24
263 507 2
727 90 21
775 971 4
159 90 13
408 508 9
760 257 11
452 43 3
467 349 18
264 612 2
691 692 17
315 627 6
978 387 14
63 194 12
117 724 2
86 289 5
615 108 4
233 372 18
359 416 10
574 406 5
113 721 9
94 52 21
583 115 17
320 584 18
770 86 4
477 525 20
580 140 3
384 373 3
801 732 21
909 659 2
837 124 25
96 218 2
742 801 19
582 121 3
850 243 17
603 720 17
348 653 9
850 37 7
76 190 17
822 641 2
295 738 20
173 480 23
165 415 19
94 265 14
109 220 9
1 569 14
790 847 19
632 269 23
133 91 15
758 386 3
953 559 10
949 77 25
418 171 16
130 280 13
915 281 7
352 666 3
531 456 2
901 89 21
722 222 12
185 333 26
738 286 10
772 236 12
220 654 10
286 137 17
925 52 25
132 756 16
759 288 25
31 911 13
216 449 21
492 187 10
976 959 23
888 532 4
324 170 16
39 95 18
754 987 15
577 923 4
489 306 17
328 875 16
499 367 4
957 695 15
3 936 22
56 260 18
