429 677 2
318 650 1
224 408 0
675 444 1
707 839 0
865 320 1
211 137 2
714 714 1

733 769 0
672 292 0
171 73 0
295 391 0
211 967 1
385 642 2
324 702 1
204 919 2

767 845 8
289 578 3
160 250 20
792 421 19
102 68 12
413 280 5
133 17 22
357 897 21
33 453 26
550 220 21
782 861 26
783 373 26
428 166 24
147 620 18
336 871 17
408 872 10
183 229 9
53 165 9
75 947 22
674 82 21
524 510 12
498 658 7
541 268 19
864 604 15
589 547 17
872 776 7
607 182 22
267 257 19
787 931 26
741 306 23
773 847 16
479 268 12
992 210 11
383 82 15
388 41 22
27 96 10
578 777 18
639 871 26
711 996 25
402 187 14
698 19 10
358 11 20
269 746 2
957 486 18
306 775 25
935 697 25
811 760 22
534 162 11
82 570 21
52 192 17
104 501 6
845 681 2
599 339 5
97 408 10
725 343 7
575 506 17
422 41 7
809 67 17
214 501 15
983 553 7
851 657 8
205 854 16
307 454 6
769 628 10
401 556 16
794 978 9
349 787 26
116 354 2
454 337 7
336 540 14
784 53 25
188 590 3
227 259 20
987 608 10
813 76 14
141 883 3
21 219 21
911 939 16
655 76 21
205 616 12
306 969 23
740 534 13
51 101 7
511 266 9
476 781 13
520 44 5
208 256 22
993 914 19
842 655 3
803 737 17
24 788 20
204 299 12
813 624 19
953 453 2
99 548 3
794 541 18
163 383 25
715 187 12
732 563 3
