736 46 0
215 185 2
877 811 0
49 693 1
729 499 0
644 127 0
47 306 2
122 809 0

333 532 0
738 105 1
298 842 0
974 57 2
991 286 1
206 688 0
967 769 1
301 413 1

31 813 10
888 935 19
783 620 2
654 359 9
838 9 26
68 983 10
835 975 24
413 533 12
36 852 8
159 506 21
113 537 9
21 777 22
91 560 19
693 566 3
400 404 14
950 472 23
260 307 25
857 720 10
142 109 15
548 620 21
720 733 8
704 754 12
976 845 24
869 890 15
472 291 20
85 593 19
33 853 2
116 205 10
129 106 5
56 234 18
338 80 8
2 904 24
422 989 17
314 22 22
866 330 8
491 447 16
224 576 22
578 225 25
664 281 9
857 875 22
529 567 9
453 341 23
774 717 2
413 942 4
158 872 6
433 888 14
590 98 14
663 346 5
815 227 22
872 680 14
271 2 24
147 116 18
825 39 9
881 472 24
218 415 22
431 78 18
209 893 22
906 118 4
266 932 17
