186 649 0
316 188 1
730 605 0
599 674 2
760 529 2
292 91 2

843 763 2
366 513 1
852 865 2
215 463 1
49 649 2
159 317 2

679 47 21
732 759 3
902 51 21
71 895 9
403 613 22
469 465 12
717 240 21
656 919 19
122 442 3
467 768 2
476 171 17
647 992 10
34 563 17
885 235 24
89 952 14
258 608 11
827 160 19
43 282 11
721 207 8
451 26 2
76 503 25
19 502 18
427 536 8
741 862 21
504 473 6
538 300 17
282 343 26
116 417 11
0 868 12
652 297 15
475 316 17
375 962 6
341 56 21
612 560 19
492 450 19
884 84 15
910 200 7
496 552 25
757 204 22
872 680 15
490 323 10
923 40 6
769 4 18
736 848 18
4 732 2
967 995 4
699 491 9
947 600 13
493 473 20
58 963 19
367 607 17
990 882 9
669 652 14
260 740 12
653 744 22
778 63 19
389 710 13
528 555 11
346 613 24
488 980 8
681 322 17
913 991 21
502 251 12
940 904 8
462 34 24
979 194 11
339 935 23
300 463 5
734 162 21
483 2 3
134 949 17
728 451 19
415 743 25
199 205 12
46 536 6
7 876 16
679 528 7
257 615 21
801 98 23
678 642 7
419 856 9
912 175 10
