699 553 2
65 209 2
781 713 0
801 848 0
194 314 0
251 10 1
817 354 1

711 122 2
277 357 0
577 962 2
267 13 1
343 430 1
468 212 2
680 365 1

623 559 23
312 810 9
809 979 15
721 42 13
470 896 10
195 515 23
17 679 18
922 711 8
28 334 19
799 998 6
933 808 10
422 529 2
353 672 19
636 219 9
364 62 24
878 516 20
607 449 5
667 871 11
417 256 13
838 962 12
507 950 6
691 235 3
809 254 3
66 147 11
536 106 12
814 773 11
326 542 19
687 732 6
29 931 19
30 18 21
445 827 2
197 774 22
665 841 19
1 377 3
786 544 26
413 909 3
344 334 18
226 716 26
344 746 19
765 544 23
440 741 25
385 758 16
830 759 20
381 545 16
57 693 13
276 458 25
228 802 11
597 725 26
441 490 20
112 282 13
910 20 21
901 202 7
238 992 22
725 269 7
259 972 18
762 921 20
11 362 12
156 826 21
42 89 16
38 990 20
793 964 5
445 555 23
143 280 19
960 716 19
651 478 15
381 997 3
626 39 17
242 429 10
912 811 13
631 461 20
551 422 12
443 425 17
256 549 9
783 930 6
137 908 23
227 151 2
12 564 2
66 643 8
3 626 21
748 178 18
858 973 21
799 582 20
933 365 2
235 82 14
188 446 3
363 208 8
206 627 3
383 730 10
977 941 8
996 92 17
