230 865 1
421 990 2
784 525 1
392 851 2
550 286 2
917 201 0

317 278 0
879 335 1
38 208 0
763 610 2
855 193 1
599 614 0

385 750 13
957 142 17
571 693 3
851 962 4
888 631 8
106 549 5
35 312 16
264 520 9
358 471 25
794 857 26
108 166 20
273 737 15
728 829 9
11 659 22
981 118 24
512 153 13
301 770 10
635 128 7
935 275 14
986 383 5
180 8 18
418 732 9
971 812 15
804 824 26
499 157 19
448 669 25
710 322 20
448 245 25
891 763 18
609 182 2
404 309 16
255 161 23
873 609 20
996 319 17
889 515 4
262 963 26
263 226 7
646 117 23
390 726 5
865 994 10
505 750 20
969 5 8
943 878 17
255 467 4
882 82 19
106 345 20
485 85 17
590 951 11
848 808 11
768 778 17
849 73 22
892 11 26
27 959 22
798 873 18
37 358 3
3 300 6
962 149 15
672 269 20
739 471 18
36 715 6
552 508 25
977 535 10
748 685 10
214 723 21
117 726 21
972 40 22
635 64 17
428 803 13
646 192 3
875 104 26
74 8 9
83 86 7
968 300 7
212 769 10
757 741 25
154 728 15
469 156 20
607 154 12
460 29 17
634 104 25
668 879 13
238 314 24
845 282 26
31 758 18
544 580 26
213 187 6
425 0 12
716 303 22
27 541 13
425 738 23
826 913 20
645 848 24
