313 143 2
757 126 2
55 82 2
976 846 0
167 182 2
978 561 0
528 496 2
611 589 0
463 524 1

304 39 0
753 704 0
946 461 1
4 517 1
441 845 2
747 12 0
655 343 1
479 871 2
493 834 0

989 298 5
711 954 21
180 60 25
145 358 12
237 363 6
762 804 26
782 903 15
335 910 8
802 741 7
116 235 16
668 224 16
448 287 21
267 819 8
790 965 16
775 554 6
680 450 15
502 940 17
132 408 4
597 428 3
711 876 17
965 934 4
422 371 4
387 467 17
911 970 9
381 51 21
877 599 18
764 917 2
968 722 13
726 785 6
30 595 22
56 739 24
123 121 2
267 283 19
640 160 21
508 925 13
821 972 22
376 125 7
751 256 12
171 312 2
693 435 25
970 55 8
707 555 20
655 38 13
775 766 15
455 772 24
82 876 5
920 47 17
497 92 4
195 62 11
528 425 10
792 804 7
456 459 23
444 235 14
909 42 14
881 477 15
109 397 14
1 894 6
680 441 18
415 969 21
548 342 5
589 134 10
846 942 19
494 738 6
909 647 24
96 528 3
511 637 25
973 990 21
879 671 12
847 86 8
241 986 2
120 927 12
379 529 17
503 977 21
104 840 10
454 165 26
735 892 10
93 485 23
793 957 26
980 112 4
110 114 24
493 348 10
275 258 18
299 308 13
346 395 7
831 488 19
654 633 2
53 614 16
282 724 5
132 54 25
863 899 23
571 141 2
472 416 10
539 67 20
2 765 15
709 596 5
901 250 14
403 656 3
