654 328 2
838 476 0
53 344 0
981 965 1
897 844 2
755 565 0

221 295 1
690 171 1
391 542 1
564 196 0
463 202 0
673 392 1

37 445 19
36 779 9
945 28 5
824 783 21
328 356 18
689 790 9
967 354 6
806 169 10
24 232 25
716 620 4
374 917 9
579 741 18
350 422 26
769 415 25
359 456 15
491 424 22
172 230 18
56 259 15
757 0 19
962 726 11
562 8 4
287 777 19
410 136 25
676 979 24
648 504 6
141 912 15
829 596 24
993 667 25
155 862 7
58 424 15
735 63 17
827 826 5
727 502 12
700 502 16
606 643 3
420 825 24
869 278 4
318 272 22
493 427 11
973 837 10
431 751 25
185 478 4
622 530 8
211 137 3
712 909 3
161 778 7
315 96 6
137 589 10
821 914 22
282 728 21
804 697 2
714 882 22
415 946 6
294 459 11
451 774 7
880 264 23
88 85 14
485 367 18
526 329 4
428 337 25
861 51 7
431 819 5
262 113 14
871 916 15
926 236 15
839 721 9
480 527 8
985 405 12
187 185 2
412 47 5
519 830 24
572 93 14
722 245 3
625 171 14
965 10 12
672 842 16
468 366 7
23 649 11
437 305 23
293 380 18
944 357 16
184 674 2
496 698 21
336 604 24
932 424 17
362 144 23
203 17 21
307 455 3
80 748 8
746 44 17
288 228 16
840 725 15
234 413 21
808 345 20
749 60 16
172 603 10
244 158 3
538 466 8
