806 528 2
569 833 0
285 385 1
268 528 1
86 973 1

588 991 1
719 436 1
414 491 0
289 210 2
94 203 0

433 10 4
767 931 12
996 484 4
49 922 2
46 511 20
572 582 7
88 348 23
524 637 10
37 731 13
411 164 25
313 284 6
400 981 22
224 977 8
576 378 6
901 777 19
922 701 26
27 790 25
975 666 14
133 55 23
846 466 14
570 131 25
799 107 10
505 35 16
486 936 18
978 858 19
405 237 9
180 212 2
592 345 7
440 192 25
453 114 8
101 690 16
83 489 25
393 347 10
82 833 22
548 164 7
716 569 22
25 749 9
1 693 7
383 134 26
