959 522 1
331 767 0
658 166 1
115 693 0
994 435 0
897 633 0
59 929 0
96 740 2

845 562 2
606 399 0
588 710 0
367 41 2
158 51 1
278 166 2
877 513 2
602 410 0

452 822 19
870 918 9
724 115 21
7 662 6
944 382 24
0 892 26
490 400 7
544 2 20
232 806 19
850 677 14
207 401 5
127 346 4
797 353 18
178 649 25
601 1 18
427 223 15
771 65 15
629 610 18
249 842 26
691 692 3
755 252 7
754 59 7
52 12 8
243 439 8
422 839 11
890 88 5
165 131 25
468 887 2
525 822 8
684 414 22
441 818 9
199 414 25
181 723 13
941 388 20
496 905 26
744 725 15
244 251 13
827 179 23
939 216 14
644 857 21
505 322 19
233 615 7
401 111 14
52 208 16
325 571 15
441 646 23
535 503 22
459 137 26
363 133 13
928 85 20
365 295 4
896 736 2
170 272 6
706 259 24
626 903 19
297 280 6
538 675 7
812 40 2
467 288 16
767 810 15
571 928 16
464 960 2
846 666 14
770 606 11
321 881 22
577 772 22
836 403 4
350 171 15
488 94 20
730 910 5
182 108 23
894 230 6
229 409 15
818 82 24
40 659 23
937 70 9
874 907 13
452 609 11
192 450 7
860 180 20
840 362 5
838 257 11
