297 423 1
316 89 2
488 650 1
23 248 2
57 136 2
93 343 2
556 445 0
207 458 2
51 557 1

272 631 0
403 281 0
766 597 1
369 437 2
25 460 0
974 869 0
974 314 1
766 870 2
439 78 0

811 481 17
814 753 26
573 157 9
755 275 6
378 645 20
4 670 5
241 971 15
298 737 12
449 528 17
409 692 24
575 506 2
76 79 11
858 186 12
589 917 7
737 152 26
586 745 22
101 43 11
838 492 14
654 902 8
353 905 21
913 763 8
932 461 23
434 198 25
933 136 22
754 81 12
237 384 18
875 90 23
297 3 13
553 103 17
78 35 5
524 821 3
475 755 16
170 862 7
909 177 10
493 283 18
330 520 5
997 748 20
920 45 25
959 950 5
701 380 17
905 256 13
658 731 20
548 254 8
378 515 12
32 691 19
851 271 16
179 325 21
246 230 5
426 788 17
284 519 8
319 507 20
883 351 3
174 681 18
213 532 16
203 63 16
924 661 21
902 444 10
964 222 25
631 506 19
462 177 4
358 518 20
944 401 24
571 927 5
214 141 15
128 696 5
368 972 17
837 875 11
547 191 10
46 822 18
415 637 20
644 995 15
765 939 18
237 862 21
428 557 10
882 925 9
997 114 11
908 662 2
41 60 2
384 827 14
