774 335 0
219 83 1
977 963 0
358 414 2
372 987 1
420 134 0
788 594 0

784 646 2
585 986 2
20 377 0
277 151 2
604 722 0
447 52 1
931 762 2

104 555 20
932 831 14
433 768 2
56 788 5
700 65 8
32 669 8
177 400 22
674 810 9
158 914 16
128 474 13
44 759 19
607 192 15
859 600 3
489 652 19
271 685 15
479 484 9
271 846 9
799 18 19
93 977 13
156 837 15
277 949 5
567 780 14
975 519 3
135 633 16
753 904 12
637 591 11
817 484 9
830 992 23
444 352 2
62 629 3
365 197 9
152 524 5
954 659 13
443 764 17
131 753 9
792 100 26
472 917 12
328 544 7
853 958 14
639 475 12
117 781 23
581 577 12
555 500 15
257 973 10
442 455 12
972 135 6
855 341 14
365 481 23
961 62 25
673 11 10
786 918 10
351 175 10
186 618 17
121 590 3
741 164 19
853 944 8
866 622 4
