61 839 0
76 624 1
411 491 1
165 907 2
746 886 0

646 966 1
626 848 1
163 88 0
38 663 1
986 765 1

400 178 14
586 606 15
855 370 8
222 633 2
473 632 18
333 258 18
82 773 7
535 163 20
98 502 12
183 488 24
122 343 21
903 757 8
519 452 25
412 137 8
154 219 8
336 106 22
181 204 24
143 426 26
283 609 14
382 83 10
851 987 17
549 450 25
522 214 14
106 368 8
462 56 14
982 237 20
356 380 21
280 16 8
45 398 16
505 602 5
370 161 11
566 710 11
566 585 26
703 43 21
873 840 17
891 196 25
688 829 18
446 874 16
287 379 20
875 19 19
437 937 6
861 640 24
357 403 5
910 628 22
53 519 18
928 559 22
819 357 23
460 645 4
704 761 7
928 73 13
333 286 5
780 996 10
85 258 13
582 311 10
924 591 19
446 410 2
195 223 22
322 927 8
255 388 21
206 316 22
743 1 8
