714 194 1
469 401 2
428 484 1
387 494 0
466 959 0
12 541 1

983 298 2
492 860 2
81 610 2
80 811 2
231 877 2
220 699 0

552 479 3
0 866 22
602 49 25
13 32 25
883 524 11
798 605 23
929 37 9
247 620 13
728 745 18
829 745 12
776 363 21
683 965 20
484 330 4
582 213 3
541 12 10
462 293 25
546 892 20
860 3 13
872 83 8
716 912 6
426 689 19
172 372 9
968 208 16
795 791 6
499 684 20
807 499 14
857 45 6
176 257 12
687 482 20
944 550 10
298 976 24
49 468 9
765 264 25
694 115 9
988 922 8
927 780 6
758 308 15
945 347 24
216 291 24
399 941 25
623 308 26
571 709 21
728 826 12
28 873 2
144 140 9
25 250 17
516 196 16
11 163 26
509 138 12
860 709 23
370 831 13
195 328 3
769 869 26
733 358 15
341 369 3
243 230 16
805 443 3
428 827 18
878 294 13
765 715 3
870 922 8
461 615 4
862 210 11
754 15 6
707 796 8
98 674 3
659 228 19
404 317 8
125 83 23
552 479 12
558 162 24
285 377 10
946 483 2
51 190 23
560 299 3
155 704 20
961 181 5
834 85 11
544 285 13
176 195 25
776 832 4
586 779 12
411 182 2
33 77 19
261 232 25
454 545 6
83 379 17
542 924 4
703 452 2
379 228 9
783 814 15
319 578 22
396 315 14
762 700 18
131 961 2
204 415 22
150 393 2
5 179 10
