145 645 2
856 564 1
424 260 0
350 174 2
231 584 2
450 307 2
143 451 0

990 182 2
722 26 0
362 117 1
198 614 0
343 471 0
489 247 2
657 597 2

428 828 16
845 630 26
82 773 2
145 115 9
971 837 13
738 552 5
969 102 21
197 798 17
341 287 16
745 945 13
675 373 18
541 570 23
67 653 21
693 798 14
852 121 26
38 212 5
693 533 8
315 730 6
407 423 18
747 168 15
683 195 16
800 88 13
898 156 16
770 849 17
933 444 2
662 489 10
845 804 17
742 959 10
308 994 7
247 146 23
108 45 4
975 815 5
640 924 8
778 857 4
129 871 19
364 716 23
