684 35 2
699 411 2
759 46 0
637 220 2
915 739 2
337 65 2
59 854 2
309 748 0
240 613 0

308 829 2
121 514 1
644 565 1
346 676 2
979 666 2
107 581 1
865 918 2
110 329 2
653 639 2

384 539 24
108 12 15
868 9 5
391 355 6
312 334 22
453 441 3
334 306 24
631 769 3
135 774 19
356 889 7
269 110 16
254 166 8
426 619 24
180 305 8
205 424 3
550 164 25
774 474 8
241 830 24
562 551 15
759 157 8
614 116 8
245 320 22
349 525 21
875 75 13
150 201 12
558 795 19
208 868 21
967 431 25
580 190 7
711 832 18
814 446 9
222 44 6
567 393 9
974 123 13
86 682 10
29 242 3
775 209 9
73 142 26
881 853 8
272 19 5
132 241 24
311 160 19
368 849 15
853 175 14
891 262 23
724 643 15
777 418 24
795 349 16
449 145 20
191 865 19
907 70 22
746 961 11
619 37 4
382 815 24
173 717 20
845 512 22
536 964 3
821 413 25
915 957 16
209 216 11
679 314 25
