454 554 1
365 63 2
143 956 2
877 369 0

267 633 0
169 954 0
107 606 2
952 174 2

862 247 18
46 929 25
718 735 4
334 452 20
317 595 26
185 473 22
188 740 5
586 261 9
270 721 17
964 673 17
229 535 16
797 651 7
52 337 11
644 192 9
992 732 26
620 670 12
555 293 10
95 257 9
162 838 21
477 936 5
72 733 8
755 785 21
889 507 5
323 152 24
230 496 7
229 468 4
842 23 22
175 471 4
182 633 18
429 462 4
257 535 14
88 290 25
609 531 9
137 207 13
562 437 9
719 19 3
546 861 26
667 388 24
396 923 8
612 352 20
706 697 24
350 710 4
232 429 23
583 328 9
310 995 23
507 743 21
690 356 23
336 824 9
868 530 8
691 611 17
749 927 16
662 277 3
364 509 10
86 445 13
20 755 10
343 614 3
589 657 11
394 213 20
651 256 9
566 5 11
982 667 13
461 384 24
369 822 19
540 538 16
218 127 25
605 315 20
168 709 10
261 360 17
318 279 22
915 74 3
38 443 25
605 752 19
