736 16 2
514 92 2
452 636 2
840 358 2
545 780 0
44 731 0
470 437 0
809 139 2

240 305 2
210 64 1
408 800 1
20 314 2
746 119 0
49 959 0
770 856 2
530 900 2

523 723 15
462 532 6
967 116 20
607 862 14
871 34 6
990 916 6
841 792 4
481 254 13
612 990 13
48 583 25
549 355 20
203 674 11
171 282 26
610 518 16
262 731 19
768 924 11
998 757 17
759 369 7
645 418 17
239 522 21
375 45 5
374 655 23
989 15 16
989 629 25
258 398 24
319 748 9
634 507 5
291 505 23
478 314 17
748 690 13
651 416 20
939 747 15
537 5 15
396 311 23
749 955 3
521 486 3
964 965 20
281 65 10
644 716 26
663 493 9
991 482 4
12 232 9
718 699 23
444 714 16
928 763 26
159 827 26
