607 54 1
311 921 1
15 886 0
928 568 1
351 64 1
631 820 1
261 577 1

932 504 0
486 999 1
314 406 2
542 14 2
656 677 1
181 692 0
474 621 2

486 324 9
540 956 6
713 217 10
26 149 15
300 301 23
959 195 14
658 385 10
531 212 8
324 698 8
533 239 14
562 952 6
873 330 7
688 779 21
502 431 24
75 390 20
14 414 24
924 631 20
530 164 11
444 79 15
575 304 20
207 992 26
826 846 7
99 274 24
919 288 13
591 271 13
648 562 20
270 486 2
590 369 18
149 813 24
364 741 3
909 948 20
234 127 19
341 578 18
191 497 6
454 88 4
790 88 16
786 710 5
61 300 26
204 801 16
427 165 7
953 75 8
824 661 10
541 354 15
532 897 12
163 352 2
66 494 17
882 280 3
537 341 5
561 546 7
751 325 22
681 278 24
264 102 10
47 691 16
290 343 18
46 442 8
224 227 13
646 491 18
82 466 11
872 728 16
911 128 7
303 752 18
189 394 11
355 764 17
215 811 12
973 39 7
56 263 11
418 262 5
234 344 21
45 568 26
384 831 6
766 134 11
257 323 7
92 31 22
159 246 10
669 220 24
