272 391 2
991 27 2
817 366 0
26 114 2
666 812 2
23 693 2
41 892 2
459 44 0
177 501 1

696 375 0
249 648 2
6 991 1
826 808 0
658 834 0
132 852 2
665 876 2
244 269 2
716 729 1

118 954 10
150 203 10
220 562 26
190 750 20
472 235 23
918 900 26
410 497 22
793 565 26
573 677 9
205 147 13
379 731 23
725 555 8
923 474 11
997 236 8
469 954 2
503 160 26
492 373 24
142 167 9
988 899 17
584 624 23
768 547 24
852 896 10
785 588 16
810 265 10
484 757 10
456 793 7
298 935 2
33 275 26
498 211 25
871 979 24
718 183 20
153 968 10
970 603 20
376 250 19
384 58 14
340 709 24
815 94 26
541 592 12
539 816 19
436 886 2
581 40 21
314 10 26
748 555 13
921 263 2
709 154 18
476 942 4
426 523 21
924 647 11
564 217 15
806 303 6
458 404 11
172 101 11
979 375 24
