111 663 2
675 212 2
400 122 1
139 511 2
317 710 0
911 22 1

365 394 2
739 810 1
421 672 0
451 70 1
104 181 2
546 856 2

273 608 5
678 747 18
722 416 4
858 679 26
147 396 21
893 136 8
430 557 6
557 8 3
186 465 9
478 11 18
334 636 26
664 314 24
506 389 17
58 599 24
984 746 20
305 991 8
437 422 17
593 331 3
819 517 18
226 347 6
842 33 17
743 555 23
483 965 22
607 950 21
128 255 12
784 44 11
350 989 19
276 808 13
19 387 12
125 581 20
515 0 20
924 743 25
370 579 16
768 186 16
264 314 23
751 451 20
13 801 11
605 429 22
419 800 9
579 925 17
16 717 15
166 439 19
930 559 8
996 823 24
670 575 25
740 588 3
799 545 7
19 964 7
978 896 9
764 389 19
752 555 10
672 838 20
130 834 18
