316 149 1
335 649 0
16 508 1
821 49 0
775 987 1
174 382 0
271 855 0
966 210 1
166 249 2

834 952 2
721 268 0
621 604 1
551 972 2
910 793 1
8 921 2
331 95 2
45 366 1
220 684 0

170 850 5
930 37 8
37 731 7
518 635 7
507 545 25
546 553 21
388 282 11
356 854 21
885 25 21
664 955 8
98 605 25
406 123 12
38 630 7
111 529 13
458 805 25
899 546 7
411 254 14
255 139 14
385 254 14
152 463 17
713 501 24
170 964 5
181 774 11
664 437 11
401 692 2
936 378 14
815 110 9
532 175 12
879 697 2
108 231 26
494 12 2
426 676 14
260 77 6
937 944 2
770 880 5
210 453 13
199 492 7
976 764 25
991 24 5
345 313 24
45 436 5
476 646 10
864 352 6
714 18 10
91 145 19
471 447 24
493 424 13
191 767 14
392 510 16
697 338 14
455 202 18
337 524 3
449 347 26
112 384 19
252 95 20
943 144 10
280 600 14
734 560 16
291 250 18
544 699 17
245 949 10
614 411 22
323 15 20
802 591 16
264 265 5
995 999 15
436 642 17
402 187 16
68 432 18
520 121 17
465 444 8
858 338 19
748 140 12
237 756 3
217 751 2
758 188 20
390 362 16
385 160 18
278 936 19
163 526 26
817 853 19
962 754 12
58 677 19
736 677 11
755 841 14
179 155 10
59 972 13
