939 362 2
217 408 0
109 641 0
907 760 2
258 293 2
785 218 0
327 327 0
272 932 1
185 243 1

180 970 1
981 261 0
591 830 0
213 940 0
326 199 2
757 809 0
178 595 2
941 922 0
880 194 0

405 912 11
672 245 24
654 836 4
396 49 19
779 728 20
275 485 5
63 16 25
70 309 24
108 189 18
79 512 25
829 942 9
626 596 23
605 344 22
173 475 2
291 750 13
94 236 13
310 69 12
881 876 2
302 481 23
125 6 23
675 650 26
711 221 15
829 911 23
732 498 24
499 808 18
163 339 19
361 118 7
108 794 7
309 857 6
575 154 10
172 886 9
544 737 19
29 437 16
405 701 22
463 10 6
742 334 4
41 910 10
478 668 10
805 50 24
119 999 4
778 997 21
556 754 24
558 311 21
869 604 15
15 916 21
409 199 16
357 670 15
536 801 14
80 486 11
