24 604 1
990 839 0
881 730 2
544 479 0
316 958 0
198 635 1
813 703 1
176 991 1

553 638 0
651 755 2
239 131 0
614 122 1
368 355 2
316 899 1
357 568 0
585 766 1

881 931 9
14 108 2
90 13 17
678 664 24
879 255 5
685 222 4
761 258 11
835 552 23
898 799 14
800 242 2
692 920 19
339 799 26
469 837 23
722 871 16
541 304 19
321 492 21
867 183 7
696 433 8
986 585 2
936 277 24
255 968 26
830 437 15
365 841 23
715 383 5
32 704 24
253 923 9
419 957 6
819 246 8
844 501 26
20 683 15
269 27 18
843 94 26
73 478 7
147 732 5
404 992 4
798 763 11
777 935 9
385 779 11
974 184 8
147 805 13
866 648 7
773 220 20
853 976 14
874 288 19
335 249 20
480 224 4
286 723 9
472 941 10
105 909 8
411 535 7
950 793 9
901 60 12
139 934 3
508 270 2
676 102 3
890 213 20
48 670 4
631 238 13
435 1 24
568 951 19
475 205 4
637 344 15
88 205 12
141 881 14
417 614 5
121 504 20
767 904 17
558 323 8
682 891 9
599 366 14
928 355 11
191 444 16
429 585 24
496 828 17
141 595 21
456 916 9
361 474 7
477 107 16
539 35 23
650 579 17
614 8 4
164 776 11
975 273 14
214 223 2
673 936 4
103 204 10
776 33 20
