314 893 0
613 781 1
200 36 0
93 535 0
453 855 1
306 438 2
472 219 2

613 992 1
664 267 1
789 341 2
196 656 2
760 269 1
410 469 2
974 563 0

908 674 23
181 146 18
686 759 12
681 916 22
978 225 22
354 987 19
766 962 9
417 804 4
924 64 3
220 597 2
88 283 13
948 932 14
427 614 7
248 349 22
724 328 24
822 682 11
741 801 23
575 218 4
777 142 18
5 715 16
380 803 24
219 752 9
363 779 24
358 504 2
930 678 12
490 419 13
363 994 8
41 123 3
782 128 18
448 80 25
707 913 7
580 276 11
57 917 20
380 123 12
336 516 12
787 650 16
305 124 2
627 924 7
52 631 22
394 717 8
905 416 12
946 796 12
982 485 3
483 578 5
335 205 4
267 257 10
112 267 23
342 647 15
154 851 7
766 185 17
543 29 14
970 865 19
225 200 26
52 468 11
862 580 5
