400 888 0
956 3 2
493 472 0
188 556 0
816 419 2
921 878 2

267 465 2
733 145 1
729 617 1
85 629 1
135 381 1
678 689 1

570 183 17
69 371 25
879 539 21
15 80 17
529 894 6
964 332 10
740 819 17
53 497 6
721 419 16
262 367 3
434 667 16
483 34 21
998 136 11
362 17 6
992 333 13
602 74 7
594 127 6
276 201 2
140 767 15
376 29 9
793 947 15
812 297 26
428 356 4
839 958 3
852 181 10
702 321 2
40 49 9
526 49 23
989 862 21
940 211 10
908 991 16
210 182 26
938 603 8
935 350 20
307 228 20
979 569 9
985 770 13
674 332 20
25 271 25
282 65 7
182 997 17
47 284 17
815 944 23
633 275 17
17 927 4
612 912 24
198 938 6
966 315 2
219 669 14
610 203 13
550 250 23
193 66 19
64 51 19
504 69 21
806 33 10
878 232 25
635 550 15
662 592 13
819 774 14
880 676 15
578 869 8
220 933 11
137 790 7
333 948 16
793 179 25
191 814 25
568 583 8
252 754 9
277 213 7
185 434 17
145 923 9
525 609 8
939 402 12
937 946 26
838 203 4
330 771 15
338 23 19
472 162 6
283 792 20
315 977 6
280 122 4
388 648 15
444 587 20
679 877 16
80 67 19
309 397 17
122 88 15
42 912 4
596 195 21
716 510 24
270 143 21
100 883 21
538 327 11
731 358 13
222 790 5
564 99 4
29 574 19
