39 857 2
812 120 1
89 552 1
20 200 2
431 263 2
834 986 0

845 390 0
348 107 2
539 435 0
643 143 2
833 182 0
958 347 2

617 436 8
411 456 9
901 270 25
122 619 8
38 986 21
645 296 18
372 913 6
356 676 14
540 39 4
635 558 6
420 811 2
243 933 23
174 316 8
893 309 11
755 700 24
799 345 20
543 70 9
722 778 12
710 318 26
289 953 11
293 373 22
568 968 7
814 495 26
78 294 8
622 837 5
431 560 8
268 622 26
145 911 6
579 204 6
177 125 24
59 291 19
258 214 9
119 397 4
679 476 24
265 233 25
371 501 22
147 998 10
876 578 15
105 166 8
374 777 22
536 927 23
335 865 25
972 130 8
872 854 11
43 1 10
476 878 15
466 560 22
581 17 15
608 776 15
978 664 18
824 0 8
824 324 13
705 196 17
792 239 19
877 68 24
540 534 11
662 468 4
950 456 23
368 416 24
681 395 13
274 571 15
380 396 14
969 453 11
529 14 7
764 676 25
368 979 8
364 699 24
488 380 19
276 7 16
65 739 14
529 708 17
838 472 13
91 327 12
266 621 5
72 705 8
620 545 16
914 821 23
780 238 12
42 120 23
758 958 20
719 49 24
154 461 6
956 79 4
435 21 20
244 445 2
401 417 22
642 332 21
890 112 11
573 913 17
93 984 18
