826 240 0
575 229 0
550 570 0
164 864 0
862 692 1
438 411 0
394 460 2
617 606 0
399 466 2

160 214 2
595 392 1
827 968 2
738 870 1
243 386 1
561 248 1
614 686 2
654 433 1
858 50 1

173 801 5
789 314 20
246 909 14
943 736 7
869 826 3
718 69 14
541 949 26
62 603 11
691 813 13
630 338 15
303 725 15
316 668 2
648 889 3
441 743 10
279 636 9
155 698 12
465 741 2
528 371 15
41 407 19
220 62 19
309 730 12
134 731 26
137 582 11
562 23 7
970 654 20
327 810 21
287 627 14
412 155 13
227 549 20
169 769 9
100 54 5
268 587 10
537 914 20
856 554 24
268 318 7
756 546 6
299 67 2
649 779 22
420 231 26
502 488 7
431 233 2
956 854 21
567 871 17
348 872 24
694 292 5
768 510 16
990 293 25
765 249 6
859 885 16
263 670 3
578 18 25
377 64 17
408 862 12
45 796 21
162 786 14
716 763 26
311 229 26
962 160 21
838 537 13
5 945 25
799 1 23
518 515 9
497 95 26
996 330 17
950 993 24
926 307 9
273 145 21
36 151 19
309 93 25
961 893 3
58 763 19
292 998 23
331 492 26
199 794 19
296 721 26
553 346 24
347 382 25
791 43 20
510 59 2
902 173 17
976 372 13
395 668 11
346 920 16
