599 227 0
203 497 2
753 369 0
917 428 1

726 783 2
59 818 2
582 698 1
574 629 2

609 503 18
319 344 19
181 296 22
977 499 21
658 253 15
327 522 20
236 248 5
243 659 23
528 241 22
755 167 26
956 128 7
147 448 26
466 629 22
13 958 24
58 617 2
471 944 24
17 533 24
345 776 9
844 656 2
689 411 20
515 719 23
197 218 21
872 37 3
194 50 13
16 108 5
91 932 2
40 949 12
447 490 19
219 399 4
318 596 24
864 468 11
392 663 12
879 31 22
982 475 4
734 515 5
19 457 2
80 904 19
982 725 25
534 395 23
8 260 19
168 652 9
730 531 15
400 866 15
355 600 8
258 620 15
160 52 22
553 554 3
829 536 5
504 422 3
867 950 17
974 32 24
465 785 17
78 140 17
850 263 19
98 997 11
754 628 15
892 848 18
683 174 2
357 639 12
897 718 4
389 629 7
502 479 20
