671 568 1
397 518 2
183 460 0
674 489 0
696 937 2

277 506 0
92 509 0
310 691 0
981 386 2
645 517 1

352 189 15
899 938 10
891 196 24
478 825 5
348 269 17
268 579 10
394 913 24
911 161 22
645 673 23
191 25 23
226 916 19
550 394 21
380 94 16
72 715 20
808 109 10
930 861 18
921 557 5
454 469 16
572 657 17
368 235 8
712 785 4
882 517 26
43 398 2
168 601 23
624 407 19
240 36 10
530 608 17
197 329 2
428 393 14
758 627 6
534 300 23
25 344 21
625 671 3
438 191 5
161 167 14
353 408 25
11 290 11
228 268 8
267 378 11
824 912 13
970 937 7
867 914 3
443 353 22
973 514 14
911 220 24
236 231 15
170 910 3
433 138 23
442 758 2
78 582 14
14 904 2
295 123 16
598 567 21
93 892 13
108 803 8
