99 252 2
446 880 2
710 46 1
330 901 1
737 824 2

536 269 1
717 549 0
762 337 0
238 964 1
963 224 0

451 122 9
629 184 8
866 514 11
935 603 10
274 139 6
128 857 5
365 971 17
496 210 8
25 173 9
225 335 8
677 786 7
362 768 16
93 634 5
77 570 10
237 196 25
666 324 7
997 42 5
312 538 15
503 140 26
386 170 15
391 532 8
580 625 17
635 54 14
294 291 11
444 957 10
77 619 18
618 267 8
332 770 26
381 509 21
569 900 5
877 833 5
820 820 11
332 466 2
393 910 11
206 791 14
172 409 8
406 741 3
132 474 12
676 396 15
509 93 20
320 778 12
70 523 22
481 302 11
199 509 2
888 33 11
844 791 2
