438 798 1
584 788 1
790 442 0
271 569 1

725 555 2
525 311 0
218 720 0
56 847 2

516 563 7
632 718 15
619 156 15
407 92 3
352 883 23
709 154 17
419 879 22
832 756 10
712 735 5
206 251 18
862 236 13
77 207 19
91 614 12
892 318 20
840 27 26
5 798 5
77 983 14
461 562 16
916 275 26
219 481 5
437 695 16
725 773 25
818 864 14
355 108 7
775 949 11
349 954 11
154 32 19
716 845 9
957 113 9
582 685 17
162 474 15
626 200 13
649 370 4
638 725 12
593 500 11
279 849 18
763 3 2
231 72 24
613 29 12
622 963 24
464 125 24
354 103 26
665 752 21
544 742 21
116 966 22
7 730 2
282 313 26
106 278 6
692 252 19
666 68 22
783 985 22
879 165 10
475 633 26
272 641 8
425 275 23
649 382 26
903 426 3
473 92 24
168 208 22
966 972 12
869 108 22
867 987 14
200 463 23
851 87 16
585 512 18
631 162 2
308 417 3
884 890 23
233 58 8
653 377 7
514 598 15
711 465 5
74 17 20
422 221 7
27 789 9
730 97 26
79 567 2
212 221 6
318 87 7
883 798 22
436 224 17
804 646 15
612 409 21
932 789 12
665 377 19
360 669 9
