64 568 2
759 184 2
878 790 0
767 824 1
209 181 1

731 519 0
294 169 0
933 497 1
319 221 0
215 326 2

706 742 14
453 731 16
816 499 18
293 60 24
309 791 18
521 437 14
629 42 7
807 257 10
826 316 4
414 366 8
538 171 14
452 987 15
543 280 2
815 941 20
958 815 8
622 6 3
784 988 22
227 974 23
29 388 14
685 926 10
73 730 24
962 441 22
755 752 12
338 374 21
292 510 9
287 677 8
892 904 7
813 933 20
452 971 23
910 396 4
707 707 5
136 21 23
859 129 25
396 467 2
940 759 12
824 399 16
213 457 6
959 909 4
630 172 25
384 879 9
412 368 6
586 579 12
159 975 6
459 268 18
622 444 17
461 652 10
557 218 19
938 177 6
38 896 9
197 660 4
378 246 8
688 406 11
411 191 25
403 653 3
483 852 25
189 494 11
824 81 18
302 460 14
710 148 20
94 670 15
746 433 6
547 188 11
648 579 23
319 62 2
519 603 21
878 670 5
134 494 12
50 148 22
564 859 22
133 953 18
623 52 3
952 599 17
287 599 21
535 270 10
636 141 13
230 19 8
269 907 3
641 472 14
161 957 19
704 580 21
681 884 22
846 171 23
590 707 18
100 343 11
861 925 8
644 634 15
921 255 23
347 896 22
336 58 6
625 795 22
923 641 19
