7 603 2
404 987 2
326 161 1
767 80 0
61 335 1
845 589 0
202 509 2
929 580 0

593 469 2
111 32 0
688 391 1
469 147 1
32 474 0
73 241 1
113 654 2
950 499 1

800 982 6
171 39 10
868 80 2
807 933 25
959 359 16
543 824 20
463 775 22
323 901 25
45 701 8
700 13 11
936 924 7
336 731 17
209 690 26
324 234 26
444 49 26
64 724 4
90 770 7
746 822 23
657 34 14
713 323 15
670 659 22
560 868 14
588 989 24
437 53 24
891 143 21
398 241 20
919 275 22
977 285 6
791 998 6
529 20 15
351 580 9
864 94 5
962 682 19
462 471 25
686 714 20
32 113 14
552 32 14
422 9 24
258 682 19
496 33 2
955 249 21
303 378 2
701 64 17
196 422 24
596 100 3
345 358 12
115 855 23
261 473 13
740 777 16
190 859 5
352 56 2
876 4 3
553 349 13
263 464 20
359 281 8
57 895 6
318 987 10
958 30 14
365 442 16
372 337 9
650 213 13
28 118 14
764 734 6
97 173 20
806 483 2
345 848 20
309 717 4
485 442 16
305 472 2
243 236 11
997 296 7
384 462 11
315 560 11
585 366 19
237 63 18
980 372 12
60 858 6
