97 11 1
988 880 2
537 295 0
11 390 1
397 444 2
94 330 2
920 76 1

362 450 1
639 65 1
148 365 0
331 814 2
984 803 2
31 692 2
534 56 1

729 453 13
857 899 18
26 820 21
602 534 22
444 173 14
143 673 4
703 356 18
626 341 23
781 724 16
231 259 24
423 340 2
60 198 2
378 224 24
773 179 8
970 623 8
232 766 9
211 821 15
601 228 10
242 811 21
939 235 11
441 647 9
491 377 11
65 502 15
173 472 15
455 56 7
762 267 3
777 272 3
134 225 8
567 467 20
611 758 5
347 199 4
282 43 6
441 108 9
131 282 8
796 89 17
876 203 11
130 980 10
183 466 10
464 385 4
237 696 14
564 978 7
621 771 17
828 254 24
211 50 15
651 279 20
746 944 19
734 966 5
572 203 3
609 768 8
689 389 6
229 569 10
404 132 11
19 136 15
838 199 26
989 945 20
606 952 5
313 39 21
17 611 25
120 220 20
202 261 11
217 246 14
726 266 25
866 104 26
767 93 24
865 365 17
437 734 3
860 854 25
755 408 11
39 167 4
596 384 25
933 462 16
759 680 22
135 447 17
457 411 21
84 628 11
730 277 26
992 19 15
190 305 2
279 551 6
900 546 15
546 207 2
381 247 2
735 239 24
