99 102 1
122 223 2
385 578 1
610 484 2
555 53 1
235 252 0
286 430 2
28 454 1

311 87 0
308 143 2
224 594 0
390 716 1
345 453 2
1 63 2
563 970 2
108 206 1

726 492 3
106 873 9
666 184 22
425 845 15
818 811 2
817 508 7
395 509 21
809 72 16
276 532 24
848 717 17
508 383 3
903 809 25
441 556 21
925 374 8
477 544 18
482 291 3
903 100 25
943 728 10
892 427 21
334 627 15
649 135 24
853 38 10
901 831 16
371 108 17
4 585 11
145 420 2
796 323 4
872 618 9
480 511 11
51 845 16
339 847 26
937 324 9
53 328 21
64 826 18
367 974 17
769 198 10
754 421 16
131 784 18
898 333 21
496 270 21
555 323 26
552 740 4
968 107 4
708 228 2
419 832 8
640 698 16
325 583 24
211 330 2
807 885 3
186 406 2
890 237 15
548 878 13
288 937 15
800 615 26
97 906 9
980 628 2
908 712 16
576 250 24
703 865 18
246 8 8
132 296 23
823 96 13
449 546 21
