850 308 2
551 191 2
238 250 1
718 898 1
764 749 2
360 9 0
998 359 0
481 268 1
343 921 0

168 849 0
890 699 2
837 602 2
852 840 0
679 559 1
456 675 1
409 387 1
899 737 1
594 570 1

547 913 4
885 434 3
229 513 9
866 397 13
650 614 25
778 513 14
265 460 9
21 359 25
50 244 9
929 499 10
391 827 19
116 693 18
752 576 24
415 578 13
252 974 16
585 750 21
642 679 21
678 281 3
347 750 21
414 854 25
38 622 5
276 87 14
28 692 15
944 654 12
867 239 12
387 233 18
758 312 8
857 991 17
136 338 19
755 104 25
655 494 22
134 771 12
321 151 4
834 96 10
46 963 26
9 702 11
650 460 23
534 670 16
699 158 7
966 265 13
791 921 8
887 55 4
422 728 5
1 914 3
586 312 19
410 321 21
171 324 9
244 858 6
309 557 14
416 875 4
627 666 2
162 679 12
143 680 3
219 618 16
611 380 12
58 551 11
317 796 21
246 457 3
37 500 24
663 186 4
47 348 9
808 491 16
186 63 12
525 674 17
538 84 19
874 401 17
69 647 24
151 722 24
148 737 10
402 784 11
