517 539 2
719 383 1
722 798 1
399 530 0
224 687 1
701 328 0
212 951 2
483 398 1

348 192 1
639 538 0
543 56 1
228 127 1
502 201 1
969 953 2
58 177 1
729 230 2

975 630 11
675 978 5
697 969 19
60 92 4
247 595 6
99 974 13
654 56 20
660 105 25
788 154 19
807 763 8
882 823 26
85 71 23
841 655 14
550 755 15
436 761 23
871 373 7
116 385 14
883 981 6
940 864 6
89 301 2
537 142 10
549 692 17
239 480 3
986 736 3
186 608 3
168 724 14
255 416 13
496 299 21
680 32 13
282 569 7
540 470 26
383 48 20
365 755 6
252 10 24
59 359 17
933 674 21
339 566 17
788 824 4
70 559 2
824 40 6
647 57 15
121 468 24
186 490 18
636 424 17
656 115 10
50 677 23
2 117 21
540 887 9
186 64 26
842 711 8
879 722 19
145 359 18
