128 933 2
936 175 1
201 862 2
395 76 1
899 428 0

599 573 1
217 551 2
919 501 0
733 819 2
565 142 1

266 270 2
520 559 2
674 112 16
328 860 20
732 759 25
537 710 24
814 927 25
765 199 4
759 284 23
271 201 17
586 467 15
538 339 26
313 366 13
655 694 25
425 778 11
623 668 22
395 482 26
71 599 2
248 358 11
87 567 7
200 105 22
224 770 13
413 202 14
872 826 7
394 573 16
844 644 15
844 244 23
481 841 4
319 280 21
624 480 3
621 56 26
984 120 3
393 885 8
581 758 9
436 504 7
126 348 4
766 545 23
765 26 14
392 697 19
939 321 26
590 295 9
716 279 7
268 25 17
374 606 2
658 394 7
515 872 7
17 639 2
764 404 5
