532 528 1
464 186 1
328 735 1
677 919 2
113 144 1
309 134 2
14 743 0
442 24 1
886 616 0

90 515 1
254 399 1
494 863 0
166 544 1
470 221 2
358 686 1
408 996 1
902 362 0
618 804 2

575 690 3
211 132 20
165 233 9
106 221 2
540 931 13
471 339 11
536 594 24
344 564 3
881 139 21
682 702 3
702 978 17
769 495 2
51 439 26
230 898 24
630 438 5
68 909 22
855 797 16
652 494 7
605 375 21
26 111 4
893 232 25
993 635 16
844 865 14
916 847 5
919 268 16
614 123 14
255 775 10
460 380 10
157 982 21
637 253 16
527 442 17
441 710 16
794 629 9
761 596 9
783 16 19
768 173 26
162 433 13
19 70 16
460 933 16
184 460 8
126 901 20
916 48 24
325 809 22
210 686 3
869 469 19
261 237 19
987 751 2
764 582 5
136 245 21
929 513 21
704 838 5
74 400 16
0 270 12
294 531 26
761 871 2
632 709 8
887 114 26
955 251 21
924 180 9
293 884 25
823 311 25
39 663 20
724 958 4
998 719 25
