479 2 1
950 381 1
545 550 1
38 622 0
915 300 2
354 852 2
839 659 2
247 914 2

688 729 2
739 228 1
882 708 2
430 10 1
125 555 1
730 593 2
752 861 0
142 567 0

47 407 20
544 654 10
564 694 14
801 433 17
198 667 2
598 98 12
357 657 15
662 410 26
267 552 21
76 951 3
280 59 2
84 763 5
837 361 5
247 387 7
917 97 15
181 111 25
305 731 4
349 159 5
152 704 2
610 336 14
762 80 3
347 517 16
638 519 14
926 52 2
976 709 8
578 411 18
483 563 24
235 173 11
47 935 18
424 635 10
304 585 14
993 863 16
145 839 25
29 769 11
819 839 25
772 663 23
157 226 12
545 642 9
98 643 7
714 789 23
687 818 17
424 890 21
724 61 11
