67 762 0
677 952 0
321 818 1
755 371 0
782 951 2
777 392 1
861 464 1

396 264 2
290 653 0
772 146 0
131 213 0
889 243 2
532 564 0
869 671 1

389 583 20
585 796 9
358 545 25
707 835 6
811 607 4
602 90 19
156 332 12
13 216 3
41 85 25
440 163 8
885 841 15
444 199 10
268 258 20
449 421 4
776 24 19
668 180 26
804 545 20
855 586 5
930 378 20
980 406 16
593 851 17
103 471 26
448 920 22
400 696 21
442 716 3
169 872 24
112 80 12
492 10 16
36 174 12
835 154 18
124 99 21
965 202 17
416 650 14
936 50 12
833 844 4
909 365 26
883 829 6
444 674 19
735 710 18
195 897 24
413 22 23
483 339 2
375 755 2
188 43 4
48 876 25
977 138 18
660 169 23
552 904 10
970 451 8
894 865 5
565 700 19
142 75 26
998 664 21
472 993 11
387 433 4
434 337 8
542 308 10
928 472 2
121 984 18
