983 190 2
434 773 2
697 713 0
599 770 0
822 683 2

222 702 0
888 404 1
829 593 1
476 928 0
204 292 2

704 275 14
307 709 14
602 407 4
13 358 25
563 533 8
848 755 12
998 995 16
146 176 11
335 652 16
676 264 9
965 923 20
379 526 4
405 454 21
338 655 3
973 653 23
365 800 26
701 487 4
966 416 14
706 409 4
952 789 5
604 648 21
615 405 3
511 743 8
162 68 11
160 785 11
335 487 26
514 805 17
638 294 12
983 910 17
134 421 12
292 936 8
751 96 18
363 783 7
462 297 12
329 551 19
715 993 22
577 984 18
440 319 3
707 805 2
718 97 15
149 848 11
717 563 20
773 377 19
985 59 22
859 767 26
531 345 12
498 785 6
726 492 11
