958 907 0
683 798 2
402 401 1
393 692 2
178 515 0
108 390 0
188 750 2

442 924 1
515 788 2
410 519 0
947 478 2
625 161 1
743 563 2
807 308 0

310 838 15
929 299 8
548 281 9
613 796 24
226 132 10
253 227 25
33 34 10
506 696 24
495 626 23
226 977 12
59 526 18
816 491 15
713 870 24
130 219 7
137 50 21
460 84 5
444 590 4
618 437 7
739 15 11
699 74 14
940 242 5
330 956 26
279 438 20
87 168 18
378 305 18
897 118 2
803 562 20
757 180 7
689 271 23
598 322 22
386 262 15
16 945 23
165 576 13
886 15 6
620 643 7
273 798 19
516 555 26
