90 827 2
880 968 2
183 797 0
256 591 0
375 742 1
316 522 1

967 470 0
957 349 2
769 566 0
887 585 0
452 675 2
823 908 0

530 91 25
580 700 16
117 427 8
867 95 7
357 62 2
361 19 4
673 28 7
604 655 16
480 537 9
153 117 11
417 586 13
776 454 9
656 811 21
763 874 8
640 949 18
362 34 15
297 187 7
283 956 19
345 84 25
854 93 11
425 452 13
368 567 15
100 652 15
211 292 14
803 516 20
753 230 4
241 879 18
199 163 2
391 860 13
389 66 6
550 843 10
589 212 2
502 312 4
152 25 4
648 967 4
634 708 20
66 611 13
949 200 25
752 54 14
206 721 13
953 150 18
568 600 2
766 105 5
843 851 6
435 851 26
887 485 11
757 903 22
470 853 24
44 605 5
633 163 26
746 117 4
538 37 6
465 803 11
418 998 14
300 433 15
410 429 6
283 900 11
707 296 18
186 929 7
737 28 24
798 383 19
557 802 17
520 454 3
685 955 25
