897 127 0
532 119 2
993 62 2
349 911 1
479 536 2

433 698 0
54 281 1
970 813 1
641 634 2
406 238 2

945 487 17
551 371 13
14 365 25
158 66 14
251 897 25
771 331 23
162 737 6
263 707 20
384 107 19
547 404 6
189 955 5
950 322 22
126 480 13
213 731 11
188 854 19
861 17 6
815 280 16
583 760 16
337 496 25
681 395 5
716 535 9
622 226 23
858 766 3
425 627 22
730 442 4
94 378 16
34 749 8
962 262 18
197 978 5
755 614 18
145 588 19
618 447 10
946 872 14
291 602 8
268 48 11
358 559 4
296 593 5
277 907 17
195 104 22
