338 641 0
175 451 0
452 922 0
128 291 2
962 570 1

726 334 1
203 889 2
466 381 2
514 688 1
965 473 2

24 164 24
509 339 26
396 143 25
22 272 16
507 234 12
556 961 23
74 516 12
845 334 21
57 848 9
604 813 9
61 837 23
158 698 12
59 446 6
882 821 3
997 680 12
34 237 25
369 156 2
363 565 2
397 170 15
905 231 5
576 741 5
939 801 2
445 683 25
223 32 5
235 418 19
561 175 5
402 545 13
930 260 4
846 915 9
576 843 25
4 134 3
231 579 14
279 802 21
360 38 15
677 599 17
306 353 14
794 635 25
848 941 10
424 139 2
231 715 20
132 719 5
692 942 4
232 620 5
299 278 8
264 424 19
489 273 12
372 49 3
874 633 18
867 765 14
347 302 17
407 225 2
621 269 19
873 853 16
76 152 21
984 416 21
528 257 21
365 981 20
341 855 3
384 75 20
