155 273 0
861 948 1
724 342 0
447 86 2
609 748 2

204 86 2
869 957 1
203 86 2
928 272 0
934 889 1

828 44 4
535 257 4
245 982 21
692 429 8
378 390 8
494 594 19
489 815 3
301 371 17
770 299 14
379 585 5
708 413 26
662 948 9
916 545 16
627 813 8
496 302 26
322 604 22
476 458 9
254 518 22
781 180 23
213 448 18
979 609 8
526 805 2
463 784 16
346 280 18
45 603 24
467 542 3
189 19 11
496 625 6
568 406 13
589 619 11
508 950 23
16 476 5
76 683 25
975 151 20
601 340 14
685 188 16
991 756 23
477 698 19
412 558 20
308 926 21
361 769 13
670 682 7
