423 460 1
195 360 0
951 729 0
778 216 2

616 34 2
870 460 2
841 819 0
227 610 2

55 606 20
819 928 21
362 351 7
978 898 17
945 980 14
44 948 25
389 170 10
865 12 5
86 239 17
653 294 25
322 113 3
518 475 7
840 528 9
587 826 16
901 222 14
390 914 11
980 567 7
880 241 21
357 760 23
889 935 4
319 128 9
303 715 12
267 968 9
180 570 22
263 981 23
358 723 14
44 704 7
24 584 25
470 293 10
430 157 18
568 425 11
575 957 7
546 220 15
344 578 13
57 974 19
689 998 6
562 821 26
548 565 11
469 388 15
518 170 24
634 738 26
70 666 8
77 564 5
65 908 8
129 317 7
248 6 8
952 569 6
654 117 21
538 938 11
628 808 8
252 864 17
585 942 6
622 488 7
80 737 15
536 41 9
517 695 3
63 585 18
349 213 26
805 441 20
704 693 10
269 278 2
398 769 11
788 392 2
495 472 16
594 940 17
636 289 6
485 446 24
481 151 17
791 523 17
952 311 11
602 158 8
693 366 20
178 209 22
358 156 14
123 144 5
454 629 26
226 462 4
43 451 4
491 594 2
356 547 15
965 501 23
398 195 16
213 83 11
175 558 5
778 365 11
84 987 25
113 478 20
313 186 19
528 503 20
901 901 17
992 92 17
