956 35 2
685 59 0
923 254 1
671 373 1
600 711 0
464 125 2
599 199 1
590 416 2

526 813 1
974 797 0
916 753 0
594 790 2
173 65 1
497 89 1
11 689 0
373 505 1

958 457 11
825 399 4
442 925 17
543 251 16
789 520 21
70 114 12
762 287 4
60 136 18
731 499 10
114 225 17
974 535 26
385 361 26
212 155 3
205 698 5
889 910 16
380 437 17
157 283 19
247 609 4
499 994 17
798 558 22
726 763 23
906 110 13
606 351 25
421 277 2
875 657 15
817 581 9
259 738 19
926 338 3
396 987 7
819 713 23
292 972 8
253 578 9
828 351 13
429 226 22
819 396 4
868 934 9
671 767 23
175 334 26
646 626 25
227 231 3
72 841 8
643 660 4
