633 140 1
906 547 1
63 935 2
823 435 1
689 985 0
269 181 1
620 29 1

479 673 0
90 950 0
611 579 1
90 564 1
335 471 0
838 886 0
893 709 2

985 398 5
668 640 18
542 119 18
183 561 19
171 172 23
929 615 13
178 302 11
327 141 22
410 386 6
784 193 26
821 214 16
240 108 10
331 292 21
725 815 21
699 96 11
237 275 15
246 954 8
141 716 20
451 782 16
178 955 5
192 195 13
678 879 7
372 604 23
943 303 19
319 80 16
763 884 25
752 62 6
307 254 3
618 932 7
926 657 14
697 600 19
916 82 12
763 700 25
563 651 9
947 86 23
595 838 10
551 497 15
703 115 24
85 41 6
424 90 9
67 359 16
627 685 19
374 65 3
347 12 16
321 267 6
543 704 24
775 129 17
607 196 26
873 150 23
839 129 10
456 766 3
397 492 20
423 839 8
640 222 24
353 895 18
534 439 22
757 566 3
422 173 24
798 46 26
944 237 8
133 442 18
203 218 9
286 858 7
933 211 2
199 746 18
522 855 9
973 629 9
973 427 7
122 723 19
880 177 10
535 111 24
779 184 2
38 510 6
471 483 10
721 63 14
834 269 2
741 365 20
867 597 22
850 132 10
