159 98 1
954 673 0
8 125 2
244 364 1
149 205 0

120 922 0
937 414 2
635 247 2
895 83 1
278 367 2

49 878 13
235 833 14
512 841 14
664 587 10
410 707 7
625 996 23
230 631 22
69 879 7
377 157 25
242 558 3
206 793 11
843 657 3
957 824 16
435 840 3
470 603 10
428 580 6
799 810 15
527 256 3
300 498 11
952 56 6
788 899 14
878 995 5
229 466 8
46 397 25
84 519 4
353 47 12
779 699 13
763 651 19
892 792 21
31 906 4
994 137 2
798 718 18
556 358 14
43 840 8
423 193 5
410 324 6
791 683 2
291 709 22
641 859 16
457 768 24
871 663 5
683 58 20
366 481 15
525 140 5
958 283 13
315 512 17
935 153 26
626 963 21
323 186 9
421 587 3
611 683 20
430 167 21
67 351 19
122 18 6
887 305 9
864 932 24
608 607 11
368 736 9
186 509 22
837 473 7
733 598 18
121 29 11
440 448 14
332 570 9
88 458 14
870 282 8
281 650 19
266 188 5
486 26 3
93 111 4
910 232 10
