916 186 0
899 654 2
481 656 1
897 446 1
825 910 2
240 328 2
260 89 0
85 561 0
182 274 2

299 907 0
847 823 0
232 722 1
447 556 1
479 805 0
17 630 1
200 870 0
139 483 2
716 920 1

917 102 20
603 753 27
599 185 26
197 632 32
451 464 37
466 386 40
841 593 45
407 466 1
586 826 4
16 975 24
1 778 40
790 282 24
852 209 37
977 402 33
22 889 46
278 526 17
670 543 42
47 896 21
913 896 5
973 748 16
146 100 10
808 398 45
550 29 21
717 699 16
860 98 12
133 338 49
688 251 47
343 577 48
559 840 25
529 338 27
389 582 2
250 390 0
318 657 31
599 2 19
50 42 21
750 385 48
723 178 28
5 169 0
355 866 42
87 185 1
518 372 21
399 323 25
971 726 18
442 476 5
842 674 4
82 749 32
12 802 1
172 807 21
