467 244 1

112 133 0

347 248 48
725 906 39
52 874 8
468 636 16
526 977 5
290 656 4
114 809 38
508 533 9
513 1 5
404 113 38
417 813 37
867 890 45
706 942 19
217 762 7
883 288 35
591 931 41
45 397 2
333 905 35
544 770 36
999 526 2
940 943 15
777 810 5
224 517 0
194 734 12
151 969 3
438 560 36
29 957 33
781 642 40
419 186 10
705 538 36
457 478 29
374 607 39
182 831 8
284 25 44
148 529 16
301 967 26
89 349 36
922 482 28
364 901 17
224 959 5
610 768 35
291 143 42
783 325 23
791 961 1
238 109 32
654 763 1
982 852 2
268 127 35
549 491 38
368 716 49
373 678 18
560 970 13
2 753 40
