991 276 0
797 316 1
159 77 0
421 111 2

456 237 2
227 816 2
748 70 2
759 149 1

836 909 33
580 634 39
740 977 15
467 774 33
613 286 10
707 707 21
722 515 10
750 95 26
615 843 49
488 954 0
846 142 9
729 722 43
270 815 22
735 282 49
868 247 35
430 954 44
751 29 12
14 779 7
92 394 2
241 235 8
244 81 0
155 162 25
701 432 40
223 519 24
872 739 21
159 169 27
154 272 6
368 638 35
325 731 32
829 324 17
287 568 0
239 724 14
914 425 46
756 648 17
880 873 6
251 32 27
929 538 1
987 906 40
825 231 21
57 412 45
876 699 16
128 939 40
542 205 17
740 962 17
457 194 40
265 798 23
594 727 11
195 66 18
435 891 1
406 300 14
54 176 15
270 656 6
562 198 12
279 290 26
996 99 20
939 716 18
562 310 47
75 506 14
143 293 7
147 52 8
