910 499 1
806 309 2

781 183 1
827 374 2

40 746 32
52 843 48
950 761 22
92 236 19
222 751 27
831 3 36
135 266 35
952 424 46
948 206 30
304 385 6
188 777 2
772 829 47
571 779 9
95 872 47
666 94 1
843 277 4
679 764 20
366 716 45
363 664 3
895 321 40
153 861 17
805 634 46
652 557 28
613 652 0
163 671 46
464 514 25
768 546 39
691 264 5
38 979 22
943 874 43
585 27 6
652 184 40
900 189 47
928 154 2
180 317 23
526 781 37
501 902 35
240 945 0
696 335 29
168 278 6
313 863 33
319 867 20
960 119 9
509 48 13
711 228 33
936 107 14
324 608 18
961 201 13
511 249 0
393 417 28
149 82 43
284 401 12
