800 240 1
297 525 1
759 833 2
141 9 1

190 645 0
800 486 0
79 108 1
317 415 2

90 468 35
831 195 18
83 486 18
859 973 42
715 793 24
397 333 8
44 467 11
707 582 32
204 429 36
412 810 33
59 253 1
644 436 48
563 519 37
933 730 12
201 194 40
409 239 7
372 946 41
154 503 22
892 915 33
75 326 38
79 971 24
629 886 45
666 171 26
28 498 23
183 699 18
375 460 9
683 832 7
276 339 10
299 231 25
484 659 4
922 90 25
796 719 13
893 386 34
369 766 34
995 302 33
815 677 43
874 712 27
231 989 16
92 640 48
219 124 9
673 398 49
450 546 18
465 439 6
651 809 23
335 156 27
70 971 6
913 845 19

